3D_35_5_6_c                l = 3

===========================================================================================
===========================================================================================
S1:
	q_c:    338.0000    103.5000    398.5000
	ub :    354.0000    119.0000    419.0000
	lb :    322.0000    88.0000    378.0000

	==================================================================================
	Q1:
		Shape: Hybrid
		q_c:    331.5000    95.5000    413.5000
		ub :    338.5253    103.5848    420.9202
		lb :    324.4747    87.4152    406.0798
		P^-1: 
			    0.1290    0.0294    -0.0949
			    0.0294    0.0686    -0.0633
			    -0.0949    -0.0633    0.1327
		A:
			    -0.1106    -0.4390    0.8917
			    0.6829    0.3951    -0.6144
			    0.6162    0.3767    -0.6917
			    -0.2451    -0.8896    0.3855
			    0.5189    0.1779    -0.8361
			    0.1912    0.5720    -0.7977
		b:
			    292.4367
			    11.2107
			    -44.7696
			    -3.8955
			    -155.0461
			    -210.0966
	==================================================================================
	Q2:
		Shape: Ellipse
		q_c:    323.5000    122.5000    399.5000
		ub :    329.6096    129.1988    406.6707
		lb :    317.3904    115.8012    392.3293
		P^-1: 
			    0.0761    0.0415    0.0361
			    0.0415    0.0877    0.0415
			    0.0361    0.0415    0.0761
	==================================================================================
	Q3:
		Shape: Hybrid
		q_c:    327.0000    105.5000    396.5000
		ub :    336.7738    118.3211    409.3072
		lb :    317.2262    92.6789    383.6928
		P^-1: 
			    0.0196    0.0012    -0.0013
			    0.0012    0.0160    -0.0004
			    -0.0013    -0.0004    0.0160
		A:
			    -0.3467    0.3628    -0.8650
			    -0.7720    0.4762    -0.4210
			    -0.6139    0.5593    0.5570
			    -0.3430    0.9187    0.1958
			    0.9151    0.3999    0.0513
			    0.4910    0.8654    -0.1000
		b:
			    -413.5751
			    -364.8198
			    83.2806
			    66.8979
			    365.3963
			    216.2153
	==================================================================================
	Q4:
		Shape: Polyhedra
		q_c:    324.0000    110.5000    393.0000
		ub :    334.7517    118.5743    403.3298
		lb :    313.2483    102.4257    382.6702
		A:
			    -0.5510    0.7163    -0.4282
			    0.2872    -0.8548    -0.4324
			    0.0060    0.9832    0.1822
			    0.9475    0.2859    0.1429
			    0.4891    -0.8597    0.1473
			    -0.5922    0.7486    -0.2982
			    0.5105    0.0092    0.8598
			    -0.8351    0.2437    0.4932
			    -0.2050    -0.9698    0.1321
			    -0.5105    -0.0092    -0.8598
			    0.8351    -0.2437    -0.4932
			    0.2050    0.9698    -0.1321
		b:
			    -260.8494
			    -164.5712
			    188.7816
			    401.6600
			    128.0760
			    -219.5457
			    511.3304
			    -42.8174
			    -115.1728
			    -497.3304
			    56.8174
			    128.1728
	==================================================================================
	Q5:
		Shape: Hybrid
		q_c:    341.5000    100.0000    400.5000
		ub :    350.4015    109.6254    409.5616
		lb :    332.5985    90.3746    391.4384
		P^-1: 
			    0.0307    -0.0029    -0.0009
			    -0.0029    0.0295    -0.0024
			    -0.0009    -0.0024    0.0184
		A:
			    0.6054    0.7613    0.2322
			    -0.4935    -0.8675    0.0624
			    0.4644    0.5368    0.7044
			    0.9944    -0.0509    -0.0921
			    -0.1479    -0.6875    0.7110
			    -0.8343    0.1429    0.5325
		b:
			    379.4959
			    -227.0170
			    498.7730
			    300.5504
			    169.0882
			    -54.0108
	==================================================================================
	Q6:
		Shape: Polyhedra
		q_c:    341.5000    96.0000    396.5000
		ub :    346.2285    103.9201    404.4260
		lb :    336.7715    88.0799    388.5740
		A:
			    -0.8654    0.1659    -0.4728
			    0.7497    0.5490    -0.3696
			    0.8833    -0.4292    -0.1887
			    -0.1297    0.6433    0.7546
			    0.6026    0.7954    0.0653
			    -0.9225    0.1518    0.3549
			    0.1226    0.6042    0.7873
			    0.4082    0.6924    -0.5950
			    -0.9046    0.3943    -0.1617
			    -0.1226    -0.6042    -0.7873
			    -0.4082    -0.6924    0.5950
			    0.9046    -0.3943    0.1617
		b:
			    -464.2775
			    167.2737
			    188.2808
			    322.0149
			    313.3699
			    -156.2878
			    417.5434
			    -24.5376
			    -333.2140
			    -406.5434
			    35.5376
			    337.2140


===========================================================================================
===========================================================================================
S2:
	q_c:    452.5000    488.0000    129.5000
	ub :    480.0000    510.0000    158.0000
	lb :    425.0000    466.0000    101.0000

	==================================================================================
	Q1:
		Shape: Ellipse
		q_c:    451.5000    484.0000    143.0000
		ub :    466.8317    499.5299    155.7020
		lb :    436.1683    468.4701    130.2980
		P^-1: 
			    0.0168    -0.0026    -0.0108
			    -0.0026    0.0108    0.0050
			    -0.0108    0.0050    0.0238
	==================================================================================
	Q2:
		Shape: Polyhedra
		q_c:    480.5000    479.0000    146.5000
		ub :    490.5728    487.9429    155.1822
		lb :    470.4272    470.0571    137.8178
		A:
			    -0.3510    0.1016    -0.9308
			    0.3664    0.5803    -0.7273
			    -0.1298    -0.3326    0.9341
			    0.2253    0.8956    -0.3835
			    -0.4058    0.4163    0.8136
			    -0.6961    0.2372    0.6776
			    0.8174    0.4725    0.3296
			    -0.5342    0.4074    0.7407
			    0.2157    -0.7815    0.5854
			    -0.8174    -0.4725    -0.3296
			    0.5342    -0.4074    -0.7407
			    -0.2157    0.7815    -0.5854
		b:
			    -250.7124
			    352.3386
			    -80.4575
			    486.2963
			    128.6886
			    -116.3920
			    675.3570
			    51.9826
			    -180.9616
			    -659.3570
			    -41.9826
			    188.9616
	==================================================================================
	Q3:
		Shape: Ellipse
		q_c:    461.0000    482.5000    135.0000
		ub :    472.9652    497.8540    148.3270
		lb :    449.0348    467.1460    121.6730
		P^-1: 
			    0.0549    0.0080    -0.0334
			    0.0080    0.0111    0.0014
			    -0.0334    0.0014    0.0388
	==================================================================================
	Q4:
		Shape: Ellipse
		q_c:    444.5000    491.0000    133.5000
		ub :    452.5807    499.0239    142.0099
		lb :    436.4193    482.9761    124.9901
		P^-1: 
			    0.0481    -0.0064    -0.0150
			    -0.0064    0.0363    -0.0020
			    -0.0150    -0.0020    0.0459
	==================================================================================
	Q5:
		Shape: Polyhedra
		q_c:    437.0000    489.5000    122.0000
		ub :    447.0621    499.6443    127.4633
		lb :    426.9379    479.3557    116.5367
		A:
			    -0.7561    0.4494    0.4757
			    0.5961    -0.7627    0.2511
			    0.4700    0.1998    -0.8598
			    -0.6881    0.5387    0.4861
			    -0.7665    -0.6116    0.1960
			    0.7625    -0.6237    -0.1720
			    0.7272    0.6827    0.0712
			    0.6864    -0.7241    -0.0678
			    0.0053    0.0982    -0.9952
			    -0.7272    -0.6827    -0.0712
			    -0.6864    0.7241    0.0678
			    -0.0053    -0.0982    0.9952
		b:
			    -48.1526
			    -78.5194
			    204.2580
			    26.1067
			    -600.2659
			    10.6487
			    671.1630
			    -59.2819
			    -66.5360
			    -650.1630
			    66.2819
			    75.5360
	==================================================================================
	Q6:
		Shape: Ellipse
		q_c:    451.0000    487.0000    111.5000
		ub :    464.3167    499.1652    123.4815
		lb :    437.6833    474.8348    99.5185
		P^-1: 
			    0.0152    0.0030    -0.0069
			    0.0030    0.0244    -0.0121
			    -0.0069    -0.0121    0.0272


===========================================================================================
===========================================================================================
S3:
	q_c:    132.5000    233.5000    121.0000
	ub :    144.0000    246.0000    150.0000
	lb :    121.0000    221.0000    92.0000

	==================================================================================
	Q1:
		Shape: Ellipse
		q_c:    122.5000    225.5000    123.5000
		ub :    127.8137    234.6470    133.0970
		lb :    117.1863    216.3530    113.9030
		P^-1: 
			    0.1001    0.0239    0.0151
			    0.0239    0.0341    0.0086
			    0.0151    0.0086    0.0224
	==================================================================================
	Q2:
		Shape: Polyhedra
		q_c:    141.5000    244.5000    109.0000
		ub :    148.7268    251.2714    117.0050
		lb :    134.2732    237.7286    100.9950
		A:
			    -0.7338    0.4601    -0.4999
			    -0.9558    -0.2920    0.0331
			    0.0623    0.4800    -0.8750
			    0.5806    0.4419    0.6838
			    -0.0638    -0.7568    0.6505
			    -0.0243    -0.9140    0.4051
			    0.4962    0.4969    0.7120
			    0.8612    -0.1779    -0.4761
			    -0.1099    0.8494    -0.5162
			    -0.4962    -0.4969    -0.7120
			    -0.8612    0.1779    0.4761
			    0.1099    -0.8494    0.5162
		b:
			    -41.3221
			    -198.0732
			    35.0970
			    269.7343
			    -119.1079
			    -178.7146
			    274.3053
			    31.4821
			    139.8560
			    -264.3053
			    -21.4821
			    -131.8560
	==================================================================================
	Q3:
		Shape: Ellipse
		q_c:    136.0000    233.5000    131.5000
		ub :    139.6042    238.0783    135.0625
		lb :    132.3958    228.9217    127.9375
		P^-1: 
			    0.3670    0.1862    -0.3189
			    0.1862    0.1911    -0.2827
			    -0.3189    -0.2827    0.6513
	==================================================================================
	Q4:
		Shape: Hybrid
		q_c:    140.5000    236.0000    126.0000
		ub :    146.8170    244.4361    134.5330
		lb :    134.1830    227.5639    117.4670
		P^-1: 
			    0.0905    -0.0286    0.0195
			    -0.0286    0.0432    -0.0121
			    0.0195    -0.0121    0.0383
		A:
			    -0.9973    -0.0570    -0.0464
			    0.6326    -0.4300    0.6441
			    0.9468    -0.1198    0.2987
			    0.8875    0.0995    0.4500
			    0.0810    0.7218    -0.6874
			    0.4963    -0.8412    0.2147
		b:
			    -156.9953
			    70.6170
			    144.2610
			    207.3913
			    98.7640
			    -99.1916
	==================================================================================
	Q5:
		Shape: Polyhedra
		q_c:    133.0000    239.5000    118.5000
		ub :    140.5908    247.0701    126.5673
		lb :    125.4092    231.9299    110.4327
		A:
			    -0.9220    0.3796    0.0767
			    0.1133    -0.0416    0.9927
			    0.9239    -0.3825    0.0113
			    -0.9104    0.0801    0.4059
			    0.9972    0.0332    -0.0664
			    0.9044    0.2989    -0.3045
			    0.6250    0.3548    0.6953
			    -0.7314    0.5775    0.3628
			    -0.2728    -0.7353    0.6204
			    -0.6250    -0.3548    -0.6953
			    0.7314    -0.5775    -0.3628
			    0.2728    0.7353    -0.6204
		b:
			    -18.3699
			    127.8025
			    36.9404
			    -49.5732
			    137.3606
			    160.3643
			    255.9987
			    88.0149
			    -134.3647
			    -244.9987
			    -80.0149
			    143.3647
	==================================================================================
	Q6:
		Shape: Polyhedra
		q_c:    140.0000    225.0000    112.5000
		ub :    147.2441    234.6520    121.4122
		lb :    132.7559    215.3480    103.5878
		A:
			    0.8689    -0.2658    -0.4175
			    -0.9567    0.2837    -0.0655
			    0.9645    -0.2132    -0.1561
			    -0.8169    0.0934    0.5692
			    0.0556    -0.3102    -0.9490
			    -0.9199    0.0757    0.3847
			    0.6298    0.7150    0.3036
			    -0.0911    0.4562    -0.8852
			    -0.7714    0.5298    0.3524
			    -0.6298    -0.7150    -0.3036
			    0.0911    -0.4562    0.8852
			    0.7714    -0.5298    -0.3524
		b:
			    18.0348
			    -73.2611
			    73.3302
			    -25.3792
			    -162.8730
			    -64.4278
			    290.6959
			    -3.2017
			    53.3644
			    -275.6959
			    16.2017
			    -48.3644


===========================================================================================
===========================================================================================
S4:
	q_c:    318.5000    28.0000    41.5000
	ub :    343.0000    56.0000    61.0000
	lb :    294.0000    0.0000    22.0000

	==================================================================================
	Q1:
		Shape: Polyhedra
		q_c:    307.0000    36.5000    20.5000
		ub :    317.7166    48.0085    30.1968
		lb :    296.2834    24.9915    10.8032
		A:
			    -0.6382    0.6133    0.4654
			    -0.0953    -0.3998    0.9116
			    0.0106    -0.3229    0.9464
			    0.0222    -0.1478    -0.9888
			    -0.6809    -0.7031    0.2049
			    -0.9675    0.0676    -0.2435
			    0.8718    0.4378    0.2196
			    0.3585    -0.8758    0.3231
			    0.3338    -0.2030    -0.9205
			    -0.8718    -0.4378    -0.2196
			    -0.3585    0.8758    -0.3231
			    -0.3338    0.2030    0.9205
		b:
			    -156.9370
			    -18.1212
			    17.8660
			    -12.7160
			    -223.6022
			    -292.5459
			    294.6350
			    93.2075
			    82.1864
			    -281.6350
			    -76.2075
			    -70.1864
	==================================================================================
	Q2:
		Shape: Polyhedra
		q_c:    315.5000    29.5000    50.5000
		ub :    322.5979    35.7261    58.0386
		lb :    308.4021    23.2739    42.9614
		A:
			    0.5999    -0.4734    0.6449
			    -0.9468    -0.0848    -0.3104
			    -0.6944    0.5989    -0.3990
			    0.2576    -0.9445    -0.2038
			    -0.4733    -0.4716    -0.7441
			    0.7941    0.5828    -0.1725
			    0.2798    0.9590    0.0439
			    0.5500    -0.1227    -0.8261
			    -0.7869    0.2553    -0.5618
			    -0.2798    -0.9590    -0.0439
			    -0.5500    0.1227    0.8261
			    0.7869    -0.2553    0.5618
		b:
			    210.4253
			    -313.7218
			    -218.8045
			    48.4364
			    -196.2352
			    264.5026
			    123.7902
			    135.6865
			    -267.1056
			    -113.7902
			    -120.6865
			    271.1056
	==================================================================================
	Q3:
		Shape: Ellipse
		q_c:    298.5000    18.5000    52.5000
		ub :    305.8387    29.5205    62.7949
		lb :    291.1613    7.4795    42.2051
		P^-1: 
			    0.0574    0.0137    -0.0020
			    0.0137    0.0259    0.0067
			    -0.0020    0.0067    0.0209
	==================================================================================
	Q4:
		Shape: Hybrid
		q_c:    303.0000    33.5000    56.5000
		ub :    311.7945    41.9385    67.6850
		lb :    294.2055    25.0615    45.3150
		P^-1: 
			    0.0448    -0.0105    0.0101
			    -0.0105    0.0505    0.0190
			    0.0101    0.0190    0.0277
		A:
			    0.5478    -0.7312    0.4066
			    -0.9229    0.3851    0.0011
			    -0.3945    -0.5510    -0.7353
			    0.6534    -0.0746    -0.7533
			    -0.3960    0.7778    -0.4880
			    -0.7080    -0.5388    -0.4566
		b:
			    168.2334
			    -264.1050
			    -177.0438
			    158.9669
			    -116.8557
			    -255.7194
	==================================================================================
	Q5:
		Shape: Ellipse
		q_c:    326.0000    25.0000    35.0000
		ub :    332.5473    30.4167    39.4106
		lb :    319.4527    19.5833    30.5894
		P^-1: 
			    0.0698    0.0736    -0.0254
			    0.0736    0.1821    -0.0607
			    -0.0254    -0.0607    0.1128
	==================================================================================
	Q6:
		Shape: Hybrid
		q_c:    322.0000    25.0000    49.5000
		ub :    331.4750    34.2009    58.6075
		lb :    312.5250    15.7991    40.3925
		P^-1: 
			    0.0381    0.0030    0.0126
			    0.0030    0.0283    0.0058
			    0.0126    0.0058    0.0311
		A:
			    -0.0021    0.6684    0.7438
			    -0.2007    0.4666    0.8614
			    -0.3871    -0.8237    -0.4144
			    0.5001    0.8628    0.0741
			    0.9224    0.3087    -0.2319
			    0.8519    0.5160    -0.0894
		b:
			    56.1842
			    -6.5095
			    -162.7711
			    189.7362
			    297.0924
			    286.3603


===========================================================================================
===========================================================================================
S5:
	q_c:    111.0000    85.0000    252.0000
	ub :    120.0000    102.0000    271.0000
	lb :    102.0000    68.0000    233.0000

	==================================================================================
	Q1:
		Shape: Polyhedra
		q_c:    105.5000    84.5000    253.0000
		ub :    112.9994    91.2196    258.7951
		lb :    98.0006    77.7804    247.2049
		A:
			    -0.4878    -0.7064    -0.5129
			    0.9285    -0.0333    -0.3698
			    0.2363    -0.7698    -0.5930
			    -0.6952    -0.1910    0.6929
			    0.9036    -0.0262    -0.4275
			    0.5811    0.1749    -0.7948
			    0.8207    0.4507    0.3510
			    -0.3776    0.8891    -0.2588
			    -0.4288    0.0799    0.8999
			    -0.8207    -0.4507    -0.3510
			    0.3776    -0.8891    0.2588
			    0.4288    -0.0799    -0.8999
		b:
			    -235.6939
			    5.8392
			    -186.1322
			    89.3956
			    -10.9248
			    -121.7100
			    218.9845
			    -25.6935
			    192.1883
			    -207.9845
			    34.6935
			    -186.1883
	==================================================================================
	Q2:
		Shape: Ellipse
		q_c:    118.0000    89.5000    253.0000
		ub :    123.6103    95.8934    260.0010
		lb :    112.3897    83.1066    245.9990
		P^-1: 
			    0.1390    0.0842    0.0430
			    0.0842    0.1280    0.0622
			    0.0430    0.0622    0.0785
	==================================================================================
	Q3:
		Shape: Ellipse
		q_c:    118.5000    92.0000    264.0000
		ub :    122.6831    96.5286    268.8453
		lb :    114.3169    87.4714    259.1547
		P^-1: 
			    0.1248    0.0147    0.0163
			    0.0147    0.1269    0.0175
			    0.0163    0.0175    0.1305
	==================================================================================
	Q4:
		Shape: Polyhedra
		q_c:    115.5000    82.0000    246.5000
		ub :    118.3644    86.8883    251.5328
		lb :    112.6356    77.1117    241.4672
		A:
			    -0.9014    -0.2165    0.3749
			    0.8217    0.4385    -0.3640
			    0.4403    -0.8921    0.1020
			    -0.6867    -0.4463    0.5739
			    -0.4858    -0.4856    0.7268
			    0.7221    0.5530    -0.4156
			    0.1866    0.5424    0.8191
			    0.5380    -0.7541    0.3768
			    0.8221    0.3703    -0.4325
			    -0.1866    -0.5424    -0.8191
			    -0.5380    0.7541    -0.3768
			    -0.8221    -0.3703    0.4325
		b:
			    -28.7142
			    41.7794
			    6.0236
			    26.4184
			    84.8653
			    27.1480
			    272.4405
			    96.1899
			    19.2091
			    -263.4405
			    -90.1899
			    -18.2091
	==================================================================================
	Q5:
		Shape: Hybrid
		q_c:    113.0000    86.5000    244.5000
		ub :    117.7825    91.7677    249.0343
		lb :    108.2175    81.2323    239.9657
		P^-1: 
			    0.1278    -0.0360    -0.0284
			    -0.0360    0.1198    -0.0317
			    -0.0284    -0.0317    0.1349
		A:
			    0.0069    0.5148    0.8573
			    -0.4304    0.0031    -0.9026
			    -0.0852    -0.6490    0.7560
			    0.8206    -0.5143    0.2493
			    -0.3093    -0.8913    0.3315
			    -0.8700    -0.3514    0.3458
		b:
			    257.1282
			    -266.9819
			    120.3343
			    110.5662
			    -29.1518
			    -42.3886
	==================================================================================
	Q6:
		Shape: Hybrid
		q_c:    110.0000    79.5000    256.0000
		ub :    113.6347    85.2149    261.5439
		lb :    106.3653    73.7851    250.4561
		P^-1: 
			    0.3540    0.1199    -0.1095
			    0.1199    0.1118    -0.0450
			    -0.1095    -0.0450    0.1036
		A:
			    0.2154    0.8608    0.4612
			    -0.9971    -0.0199    0.0729
			    0.9549    0.0049    0.2969
			    -0.7533    -0.6532    -0.0766
			    -0.9707    -0.2199    0.0968
			    -0.7684    -0.6087    0.1978
		b:
			    213.2207
			    -91.1595
			    183.5947
			    -152.7733
			    -98.4067
			    -81.1553


===========================================================================================
===========================================================================================
