3D_35_25_6_f                l = 3

===========================================================================================
===========================================================================================
S1:
	q_c:	104.5	249.0	53.5
	ub :	119.5169	257.002	64.5883
	lb :	98.5485	237.4298	42.7675

	==================================================================================
	Q1:
		Shape: Hybrid
		q_c:	113.5	245.5	58.0
		ub :	119.5169	251.5089	64.5883
		lb :	107.4831	239.4911	51.4117
		P^-1:
			0.0494	0.0003	0.0003
			0.0003	0.0889	0.0296
			0.0003	0.0296	0.0716
		A:
			0.2306	-0.151	0.9613
			0.5298	0.6201	0.5785
			0.1382	0.5029	-0.8532
			-0.0369	0.6149	0.7877
			-0.0699	-0.9391	0.3364
			-0.8233	-0.0463	0.5657
		b:
			47.5756
			247.9241
			92.6473
			194.084
			-216.3721
			-69.1231
	==================================================================================
	Q2:
		Shape: Ellipse
		q_c:	112.0	242.5	50.0
		ub :	113.9616	247.5702	54.3453
		lb :	110.0384	237.4298	45.6547
		P^-1:
			3.5411	-0.5046	-1.1547
			-0.5046	0.1239	0.1744
			-1.1547	0.1744	0.4659
	==================================================================================
	Q3:
		Shape: Hybrid
		q_c:	108.0	252.5	48.0
		ub :	113.4239	257.002	53.2325
		lb :	102.5761	247.998	42.7675
		P^-1:
			0.1935	-0.1854	-0.0018
			-0.1854	0.3065	-0.0198
			-0.0018	-0.0198	0.0754
		A:
			0.3084	-0.8973	-0.316
			-0.8077	0.5823	-0.0923
			0.2988	-0.6576	0.6916
			0.2313	0.9366	-0.2631
			-0.167	0.6229	0.7643
			0.1096	0.8297	-0.5474
		b:
			-206.7827
			56.5987
			-98.6572
			251.3819
			178.5911
			197.2894
	==================================================================================
	Q4:
		Shape: Hybrid
		q_c:	109.0	248.5	55.0
		ub :	113.3138	254.2441	59.8496
		lb :	104.6862	242.7559	50.1504
		P^-1:
			0.0812	-0.0036	0.0011
			-0.0036	0.0526	0.0089
			0.0011	0.0089	0.0789
		A:
			-0.5538	-0.8048	-0.2136
			-0.1766	0.2285	-0.9574
			-0.542	0.5862	-0.6021
			0.5065	0.1623	0.8468
			0.4016	-0.4402	-0.8031
			0.1866	0.2664	-0.9456
		b:
			-269.7349
			-13.1222
			55.7148
			143.866
			-108.0123
			36.603
	==================================================================================
	Q5:
		Shape: Ellipse
		q_c:	102.5	243.0	49.5
		ub :	106.4515	246.5361	52.2435
		lb :	98.5485	239.4639	46.7565
		P^-1:
			0.1519	0.0618	-0.0136
			0.0618	0.2111	0.0085
			-0.0136	0.0085	0.2481
	==================================================================================
	Q6:
		Shape: Hybrid
		q_c:	111.5	249.0	49.0
		ub :	116.7606	254.8499	55.1029
		lb :	106.2394	243.1501	42.8971
		P^-1:
			0.0927	0.0136	0.007
			0.0136	0.0816	0.0179
			0.007	0.0179	0.081
		A:
			0.4833	0.6658	0.5684
			-0.8544	-0.4548	0.2514
			-0.862	0.4843	0.1495
			0.0389	-0.8393	-0.5423
			0.1235	0.0109	-0.9923
			-0.9003	0.085	-0.4268
		b:
			249.0471
			-194.3481
			33.872
			-229.4421
			-30.0023
			-98.2496


===========================================================================================
===========================================================================================
S2:
	q_c:	106.5	374.5	348.0
	ub :	115.0265	382.5456	356.7732
	lb :	100.1813	367.4139	341.4659

	==================================================================================
	Q1:
		Shape: Hybrid
		q_c:	110.0	374.0	351.5
		ub :	112.2964	378.0234	355.3039
		lb :	107.7036	369.9766	347.6961
		P^-1:
			0.4431	0.0173	-0.0134
			0.0173	0.2184	0.175
			-0.0134	0.175	0.309
		A:
			-0.233	-0.8537	-0.4658
			-0.8922	-0.4389	-0.1061
			0.9535	-0.3012	0.0069
			0.8136	0.2796	0.5097
			-0.882	-0.0266	0.4705
			0.7899	0.4385	0.4287
		b:
			-507.4645
			-298.7034
			-4.3042
			374.063
			59.3853
			402.3401
	==================================================================================
	Q2:
		Shape: Polyhedra
		q_c:	106.0	380.0	346.0
		ub :	109.4522	382.3227	348.5804
		lb :	102.5478	377.6773	343.4196
		A:
			0.6935	0.0573	0.7182
			-0.4081	-0.7389	0.5361
			0.0434	0.8789	0.475
			-0.034	0.7826	0.6216
			-0.387	-0.3207	-0.8645
			-0.7285	-0.6564	0.1961
			0.203	0.9162	0.3456
			-0.1698	0.3806	-0.909
			-0.9643	0.1259	0.2328
			-0.203	-0.9162	-0.3456
			0.1698	-0.3806	0.909
			0.9643	-0.1259	-0.2328
		b:
			345.7606
			-136.6912
			504.5133
			510.5188
			-460.4787
			-256.52
			490.7403
			-186.4138
			29.1597
			-487.7403
			189.4138
			-23.1597
	==================================================================================
	Q3:
		Shape: Polyhedra
		q_c:	108.0	372.0	352.5
		ub :	112.8214	376.5861	356.7732
		lb :	103.1786	367.4139	348.2268
		A:
			0.1946	-0.1771	-0.9648
			0.616	-0.2492	0.7473
			-0.5214	-0.1645	0.8373
			-0.2149	0.5909	-0.7776
			-0.9009	-0.0669	-0.4289
			0.1109	0.8005	0.589
			0.6117	0.5534	0.5654
			0.6076	0.129	-0.7837
			-0.5066	0.8229	-0.2573
			-0.6117	-0.5534	-0.5654
			-0.6076	-0.129	0.7837
			0.5066	-0.8229	0.2573
		b:
			-382.4281
			240.2826
			180.1253
			-74.3229
			-270.5661
			520.1163
			473.712
			-160.1197
			164.1809
			-468.712
			165.1197
			-157.1809
	==================================================================================
	Q4:
		Shape: Ellipse
		q_c:	107.5	379.0	350.0
		ub :	111.7984	382.5456	353.9188
		lb :	103.2016	375.4544	346.0812
		P^-1:
			0.166	-0.0446	-0.0212
			-0.0446	0.2263	-0.01
			-0.0212	-0.01	0.1287
	==================================================================================
	Q5:
		Shape: Hybrid
		q_c:	111.5	377.0	344.5
		ub :	115.0265	378.9931	347.5341
		lb :	107.9735	375.0069	341.4659
		P^-1:
			0.1175	-0.0403	-0.0096
			-0.0403	0.4389	0.0118
			-0.0096	0.0118	0.1592
		A:
			-0.3998	0.8809	-0.2535
			0.2381	0.8572	-0.4567
			0.0945	0.0781	-0.9925
			0.5142	0.6773	0.5263
			-0.4174	0.9027	-0.1041
			0.2945	0.9121	-0.2853
		b:
			201.211
			193.6102
			-300.1587
			495.6324
			258.9116
			279.5801
	==================================================================================
	Q6:
		Shape: Polyhedra
		q_c:	103.5	377.0	351.5
		ub :	106.8187	380.4811	354.6025
		lb :	100.1813	373.5189	348.3975
		A:
			0.2272	0.0439	-0.9729
			0.6567	-0.6827	0.3203
			-0.3837	0.0334	0.9229
			0.7989	-0.3689	0.475
			-0.2013	0.0692	0.9771
			-0.0865	0.9673	-0.2386
			0.6944	0.5996	0.3978
			-0.1131	0.6369	-0.7626
			-0.7107	0.4846	0.5101
			-0.6944	-0.5996	-0.3978
			0.1131	-0.6369	0.7626
			0.7107	-0.4846	-0.5101
		b:
			-300.299
			-75.2419
			298.8057
			112.6146
			350.3786
			273.7128
			440.7688
			-38.137
			289.911
			-434.7688
			41.137
			-286.911


===========================================================================================
===========================================================================================
S3:
	q_c:	341.0	72.5	166.5
	ub :	349.7362	86.0426	175.6778
	lb :	328.5925	63.0014	154.7461

	==================================================================================
	Q1:
		Shape: Ellipse
		q_c:	342.0	68.5	161.5
		ub :	346.9545	72.5749	166.7992
		lb :	337.0455	64.4251	156.2008
		P^-1:
			0.1653	0.0654	0.0521
			0.0654	0.1679	0.0233
			0.0521	0.0233	0.0904
	==================================================================================
	Q2:
		Shape: Hybrid
		q_c:	333.5	67.0	166.5
		ub :	338.4075	70.9986	171.1873
		lb :	328.5925	63.0014	161.8127
		P^-1:
			0.0998	-0.0384	-0.0781
			-0.0384	0.1681	0.016
			-0.0781	0.016	0.1915
		A:
			-0.5957	0.7663	0.2405
			-0.9644	0.0278	-0.263
			0.5567	0.7658	-0.3219
			0.3078	0.9334	-0.1847
			-0.143	-0.6884	-0.7111
			-0.5908	-0.6119	0.5258
		b:
			-105.9087
			-360.2374
			185.4776
			136.3133
			-210.0546
			-148.6321
	==================================================================================
	Q3:
		Shape: Hybrid
		q_c:	342.0	77.0	162.0
		ub :	348.1675	83.7628	168.012
		lb :	335.8325	70.2372	155.988
		P^-1:
			0.0792	0.0244	0.0189
			0.0244	0.0693	0.0154
			0.0189	0.0154	0.0614
		A:
			0.6387	0.7327	-0.2348
			0.7356	0.6772	-0.0176
			-0.8327	-0.4841	-0.2688
			-0.2874	0.314	0.9049
			-0.5168	0.3352	-0.7878
			-0.2041	-0.9746	-0.0927
		b:
			239.0531
			302.7363
			-364.0006
			75.3025
			-275.9082
			-157.5881
	==================================================================================
	Q4:
		Shape: Polyhedra
		q_c:	338.5	80.0	159.0
		ub :	343.5964	86.0426	163.2539
		lb :	333.4036	73.9574	154.7461
		A:
			0.8254	-0.0991	-0.5559
			-0.7066	-0.4491	0.5469
			0.5459	0.6302	-0.5521
			-0.5581	0.099	0.8239
			-0.8859	-0.0269	0.4631
			0.6633	0.1518	-0.7327
			0.7222	0.5804	0.3763
			0.4567	-0.8087	0.3708
			0.5196	-0.0959	-0.849
			-0.7222	-0.5804	-0.3763
			-0.4567	0.8087	-0.3708
			-0.5196	0.0959	0.849
		b:
			185.186
			-185.8723
			150.4924
			-48.4766
			-226.2994
			121.8643
			353.2226
			154.3454
			34.6961
			-348.2226
			-143.3454
			-31.6961
	==================================================================================
	Q5:
		Shape: Ellipse
		q_c:	344.0	79.5	172.0
		ub :	347.616	83.0132	175.6778
		lb :	340.384	75.9868	168.3222
		P^-1:
			0.2974	-0.1325	-0.028
			-0.1325	0.3161	-0.0723
			-0.028	-0.0723	0.1921
	==================================================================================
	Q6:
		Shape: Hybrid
		q_c:	346.0	73.0	171.0
		ub :	349.7362	77.6184	175.2172
		lb :	342.2638	68.3816	166.7828
		P^-1:
			2.7688	-1.7577	0.513
			-1.7577	1.1734	-0.3378
			0.513	-0.3378	0.1795
		A:
			-0.8368	0.5465	-0.0322
			-0.7532	0.6243	-0.207
			0.4939	-0.7035	0.511
			-0.6789	0.6755	0.2877
			0.7618	-0.6103	0.2173
			0.8742	-0.4717	0.1149
		b:
			-254.7346
			-249.9305
			208.684
			-134.6898
			256.6485
			288.0969


===========================================================================================
===========================================================================================
S4:
	q_c:	96.5	324.5	278.0
	ub :	129.3519	354.7569	310.4064
	lb :	81.4473	297.7347	250.5081

	==================================================================================
	Q1:
		Shape: Polyhedra
		q_c:	115.5	338.5	286.0
		ub :	129.3519	350.2229	294.5057
		lb :	101.6481	326.7771	277.4943
		A:
			-0.175	-0.6481	-0.7412
			-0.4424	-0.2367	0.865
			-0.33	-0.54	-0.7743
			-0.5949	-0.6397	-0.4867
			-0.8564	0.5129	-0.0593
			0.4376	0.7204	0.5381
			0.3796	0.7158	0.5861
			0.2784	0.5158	-0.8102
			-0.8823	0.4708	-0.0035
			-0.3796	-0.7158	-0.5861
			-0.2784	-0.5158	0.8102
			0.8823	-0.4708	0.0035
		b:
			-448.2972
			125.3194
			-439.2918
			-420.9955
			69.7356
			450.432
			455.77
			-15.9662
			68.4621
			-451.77
			33.9662
			-44.4621
	==================================================================================
	Q2:
		Shape: Ellipse
		q_c:	113.5	311.5	295.0
		ub :	123.6402	325.2653	307.455
		lb :	103.3598	297.7347	282.545
		P^-1:
			0.0764	0.021	0.0429
			0.021	0.0173	0.0125
			0.0429	0.0125	0.0398
	==================================================================================
	Q3:
		Shape: Polyhedra
		q_c:	102.5	314.0	261.0
		ub :	117.8087	324.9326	269.6169
		lb :	87.1913	303.0674	252.3831
		A:
			-0.6133	-0.4623	0.6404
			0.1974	-0.6109	0.7667
			-0.3409	-0.7151	-0.6103
			-0.386	-0.6934	0.6085
			-0.6977	-0.7091	0.1025
			-0.5689	-0.6482	0.5061
			0.4903	0.8702	0.048
			0.8382	-0.486	0.2473
			0.2385	-0.0811	-0.9677
			-0.4903	-0.8702	-0.048
			-0.8382	0.486	-0.2473
			-0.2385	0.0811	0.9677
		b:
			-35.9709
			38.6162
			-414.2402
			-93.5115
			-262.3788
			-125.3897
			340.0298
			12.3796
			-248.5799
			-332.0298
			16.6204
			258.5799
	==================================================================================
	Q4:
		Shape: Polyhedra
		q_c:	96.0	340.5	267.0
		ub :	109.4779	354.7569	282.3472
		lb :	82.5221	326.2431	251.6528
		A:
			-0.1147	0.331	-0.9366
			-0.8884	0.2425	0.3899
			-0.9088	0.3633	0.2052
			-0.9063	0.0277	0.4217
			-0.2267	0.0317	0.9734
			0.9456	0.2178	0.2417
			0.375	0.6269	0.6829
			-0.4155	0.7722	-0.4807
			-0.8287	-0.1035	0.5501
			-0.375	-0.6269	-0.6829
			0.4155	-0.7722	0.4807
			0.8287	0.1035	-0.5501
		b:
			-139.3745
			108.7262
			98.9292
			42.0924
			257.5844
			238.3571
			442.2977
			103.7019
			39.055
			-421.2977
			-85.7019
			-25.055
	==================================================================================
	Q5:
		Shape: Hybrid
		q_c:	91.5	324.0	296.5
		ub :	101.5527	335.3748	310.4064
		lb :	81.4473	312.6252	282.5936
		P^-1:
			0.0621	-0.0254	0.0191
			-0.0254	0.0311	-0.0038
			0.0191	-0.0038	0.0164
		A:
			0.9949	0.0757	0.0662
			-0.562	-0.2306	-0.7943
			0.6659	-0.5586	0.4946
			-0.579	0.7514	-0.3164
			0.2286	0.9621	0.1485
			-0.1181	-0.9234	-0.3652
		b:
			139.632
			-356.7458
			29.664
			99.8219
			382.4281
			-413.1101
	==================================================================================
	Q6:
		Shape: Hybrid
		q_c:	101.5	334.0	264.5
		ub :	116.5306	347.7972	278.4919
		lb :	86.4694	320.2028	250.5081
		P^-1:
			0.0171	0.0045	0.0156
			0.0045	0.0116	0.0035
			0.0156	0.0035	0.0278
		A:
			0.4579	-0.8273	-0.3254
			-0.5882	-0.5789	-0.5647
			-0.9231	0.1972	0.3301
			-0.9268	-0.3402	-0.1591
			0.7016	-0.0263	0.7121
			-0.2875	-0.3083	-0.9068
		b:
			-306.3936
			-398.7865
			70.1264
			-243.0497
			254.028
			-368.0348


===========================================================================================
===========================================================================================
S5:
	q_c:	177.0	383.0	190.5
	ub :	184.7661	389.5195	195.5409
	lb :	172.6491	377.6231	186.9449

	==================================================================================
	Q1:
		Shape: Ellipse
		q_c:	180.0	383.5	191.0
		ub :	182.1082	386.0031	193.8645
		lb :	177.8918	380.9969	188.1355
		P^-1:
			0.6824	0.233	0.1603
			0.233	0.6612	0.2147
			0.1603	0.2147	0.2608
	==================================================================================
	Q2:
		Shape: Ellipse
		q_c:	178.5	386.5	189.5
		ub :	181.5087	389.5195	192.0551
		lb :	175.4913	383.4805	186.9449
		P^-1:
			0.1667	-0.0293	0.006
			-0.0293	0.3089	-0.0925
			0.006	-0.0925	0.3788
	==================================================================================
	Q3:
		Shape: Hybrid
		q_c:	181.5	380.5	190.0
		ub :	184.7661	383.3769	192.4636
		lb :	178.2339	377.6231	187.5364
		P^-1:
			0.2763	0.1298	-0.052
			0.1298	0.3443	0.0402
			-0.052	0.0402	0.4283
		A:
			-0.5361	0.7196	0.4413
			0.1127	-0.2708	0.956
			0.9097	0.3138	-0.2721
			0.3764	-0.5425	-0.751
			-0.0691	-0.4369	-0.8968
			-0.1313	0.0332	0.9908
		b:
			261.7241
			100.0969
			233.7828
			-279.7977
			-348.4479
			177.8017
	==================================================================================
	Q4:
		Shape: Hybrid
		q_c:	179.5	384.5	194.0
		ub :	181.0041	385.5697	195.5409
		lb :	177.9959	383.4303	192.4591
		P^-1:
			2.3886	-0.6212	1.6574
			-0.6212	3.7605	0.6389
			1.6574	0.6389	2.2954
		A:
			-0.7081	-0.4515	-0.5428
			0.0721	0.9959	0.0545
			-0.5907	0.2288	-0.7737
			0.537	-0.6953	-0.4777
			0.3481	-0.9263	-0.1442
			0.274	-0.6381	-0.7195
		b:
			-405.6951
			406.8152
			-167.8457
			-263.0104
			-321.3675
			-335.1184
	==================================================================================
	Q5:
		Shape: Ellipse
		q_c:	174.5	384.5	189.5
		ub :	176.3509	386.6178	191.4779
		lb :	172.6491	382.3822	187.5221
		P^-1:
			1.1302	0.7644	1.1834
			0.7644	1.0847	1.358
			1.1834	1.358	2.4795
	==================================================================================
	Q6:
		Shape: Hybrid
		q_c:	177.5	385.5	192.5
		ub :	179.8258	387.7211	194.9225
		lb :	175.1742	383.2789	190.0775
		P^-1:
			0.2559	-0.0099	0.0318
			-0.0099	0.4439	0.0017
			0.0318	0.0017	0.4391
		A:
			-0.5241	0.8237	-0.2165
			-0.4412	-0.8784	-0.1838
			0.0178	-0.9546	-0.2973
			0.2167	-0.47	0.8556
			-0.6934	-0.3373	-0.6367
			0.3874	0.8966	-0.2147
		b:
			183.6968
			-451.4471
			-421.3179
			22.7386
			-374.732
			373.9426


===========================================================================================
===========================================================================================
S6:
	q_c:	164.0	199.0	419.5
	ub :	187.9298	216.9592	434.0088
	lb :	145.3579	174.0007	401.5999

	==================================================================================
	Q1:
		Shape: Polyhedra
		q_c:	157.5	211.0	425.0
		ub :	162.7136	216.9592	429.7535
		lb :	152.2864	205.0408	420.2465
		A:
			-0.5435	0.0656	0.8368
			0.6169	-0.0553	0.7851
			0.6617	-0.1284	0.7387
			0.0284	-0.1059	0.994
			-0.2284	0.112	-0.9671
			0.706	0.4304	0.5624
			0.5914	0.1251	0.7966
			-0.7508	0.4457	0.4875
			-0.294	-0.8864	0.3575
			-0.5914	-0.1251	-0.7966
			0.7508	-0.4457	-0.4875
			0.294	0.8864	-0.3575
		b:
			287.7558
			420.8223
			392.9115
			407.4214
			-420.9711
			443.267
			459.5956
			186.957
			-76.9086
			-456.5956
			-178.957
			85.9086
	==================================================================================
	Q2:
		Shape: Ellipse
		q_c:	171.5	184.5	413.0
		ub :	178.8112	189.8314	419.5014
		lb :	164.1888	179.1686	406.4986
		P^-1:
			0.0356	-0.0022	-0.0055
			-0.0022	0.049	-0.0009
			-0.0055	-0.0009	0.0472
	==================================================================================
	Q3:
		Shape: Polyhedra
		q_c:	166.5	206.0	424.5
		ub :	175.4853	214.6399	434.0088
		lb :	157.5147	197.3601	414.9912
		A:
			-0.2998	-0.9457	0.1254
			-0.0497	-0.7284	-0.6833
			-0.3145	-0.6338	0.7067
			-0.0775	0.8101	0.5811
			-0.676	0.333	-0.6574
			-0.9829	-0.1091	0.1481
			0.6381	0.5861	0.4994
			-0.1721	0.7407	-0.6494
			-0.7505	0.3284	0.5735
			-0.6381	-0.5861	-0.4994
			0.1721	-0.7407	0.6494
			0.7505	-0.3284	-0.5735
		b:
			-186.7456
			-442.8872
			122.472
			406.408
			-318.0409
			-117.0849
			443.4495
			-146.7306
			193.1712
			-434.4495
			156.7306
			-179.1712
	==================================================================================
	Q4:
		Shape: Hybrid
		q_c:	156.0	189.5	413.0
		ub :	166.6421	199.8719	424.4001
		lb :	145.3579	179.1281	401.5999
		P^-1:
			0.0254	-0.0009	0.0036
			-0.0009	0.0219	0.0027
			0.0036	0.0027	0.0219
		A:
			0.0695	-0.8208	-0.567
			-0.3867	0.6181	-0.6844
			0.9114	-0.4089	0.0466
			-0.4447	-0.8894	0.1061
			0.9543	0.0538	-0.2939
			-0.7449	-0.0747	-0.6629
		b:
			-375.4571
			-222.041
			87.2041
			-190.1026
			41.4212
			-401.1209
	==================================================================================
	Q5:
		Shape: Polyhedra
		q_c:	177.0	203.0	412.0
		ub :	187.9298	214.2942	421.1974
		lb :	166.0702	191.7058	402.8026
		A:
			-0.7406	-0.6482	-0.1768
			0.6863	0.7052	0.178
			-0.0	-0.0715	0.9974
			-0.2689	-0.2876	-0.9192
			0.4587	0.1716	-0.8719
			0.1408	0.4886	0.861
			0.6393	0.1864	0.746
			-0.5048	0.8336	0.2243
			-0.5801	-0.5199	0.627
			-0.6393	-0.1864	-0.746
			0.5048	-0.8336	-0.2243
			0.5801	0.5199	-0.627
		b:
			-330.0667
			343.6008
			401.8022
			-479.1483
			-237.3599
			485.2659
			463.3502
			181.2946
			55.6168
			-453.3502
			-163.2946
			-44.6168
	==================================================================================
	Q6:
		Shape: Ellipse
		q_c:	160.0	187.5	410.5
		ub :	173.1933	200.9993	418.7961
		lb :	146.8067	174.0007	402.2039
		P^-1:
			0.013	0.0016	-0.0045
			0.0016	0.0162	-0.0112
			-0.0045	-0.0112	0.0449


===========================================================================================
===========================================================================================
S7:
	q_c:	489.0	199.0	318.0
	ub :	497.2469	214.0025	329.5413
	lb :	472.1234	187.6035	305.8512

	==================================================================================
	Q1:
		Shape: Polyhedra
		q_c:	485.0	199.5	317.5
		ub :	491.4122	207.7992	325.6436
		lb :	478.5878	191.2008	309.3564
		A:
			0.7227	0.6006	-0.3419
			-0.8824	-0.2953	0.3664
			0.6417	0.7497	-0.1618
			0.5285	0.3248	-0.7843
			-0.8323	-0.5459	-0.0963
			0.5491	0.805	-0.2249
			0.3312	0.5934	0.7336
			0.4206	-0.7888	0.4481
			0.8446	0.1602	-0.5108
			-0.3312	-0.5934	-0.7336
			-0.4206	0.7888	-0.4481
			-0.8446	-0.1602	0.5108
		b:
			365.2927
			-367.7932
			413.7252
			75.4288
			-538.7204
			359.9133
			517.9419
			194.3978
			281.9004
			-505.9419
			-183.3978
			-276.9004
	==================================================================================
	Q2:
		Shape: Polyhedra
		q_c:	479.0	200.5	323.0
		ub :	482.6299	206.9058	328.3241
		lb :	475.3701	194.0942	317.6759
		A:
			0.4747	-0.755	-0.4523
			0.9318	-0.1856	0.3118
			0.1868	-0.5338	-0.8247
			0.2506	0.8253	0.5061
			-0.3616	0.4594	0.8113
			-0.426	-0.1908	-0.8844
			0.6784	0.2531	0.6897
			0.0229	0.931	-0.3642
			-0.7343	0.2629	0.6258
			-0.6784	-0.2531	-0.6897
			-0.0229	-0.931	0.3642
			0.7343	-0.2629	-0.6258
		b:
			-66.6804
			512.8711
			-281.3578
			452.9461
			183.2393
			-524.9695
			601.4875
			85.4876
			-94.8761
			-595.4875
			-74.4876
			98.8761
	==================================================================================
	Q3:
		Shape: Hybrid
		q_c:	479.5	196.5	322.0
		ub :	485.0099	202.0227	325.6339
		lb :	473.9901	190.9773	318.3661
		P^-1:
			0.1028	-0.053	-0.0103
			-0.053	0.102	0.01
			-0.0103	0.01	0.1157
		A:
			0.3999	0.6047	-0.6888
			0.5293	-0.8467	-0.0548
			0.6104	-0.373	-0.6987
			0.3977	-0.8035	-0.4431
			-0.7645	0.0637	0.6415
			-0.6432	0.3943	-0.6563
		b:
			91.3708
			71.1929
			-4.1519
			-108.3825
			-145.5582
			-440.5742
	==================================================================================
	Q4:
		Shape: Polyhedra
		q_c:	478.5	205.0	323.0
		ub :	484.8766	209.4751	329.5413
		lb :	472.1234	200.5249	316.4587
		A:
			-0.7031	-0.2114	0.679
			-0.5873	0.8046	-0.0881
			-0.3543	-0.8851	0.3019
			-0.0915	0.9559	-0.2792
			-0.8062	-0.3905	0.4445
			0.6171	-0.7867	0.0186
			0.6186	0.4695	0.6301
			-0.4725	0.8629	-0.1791
			-0.6278	-0.1869	0.7556
			-0.6186	-0.4695	-0.6301
			0.4725	-0.8629	0.1791
			0.6278	0.1869	-0.7556
		b:
			-157.3914
			-143.4221
			-249.954
			63.9167
			-318.4523
			141.2077
			602.2352
			-106.0371
			-91.6512
			-589.2352
			108.0371
			97.6512
	==================================================================================
	Q5:
		Shape: Polyhedra
		q_c:	490.5	191.5	312.5
		ub :	497.2469	195.3965	319.1488
		lb :	483.7531	187.6035	305.8512
		A:
			0.2459	-0.0601	-0.9674
			-0.2173	-0.5337	0.8173
			0.9672	0.1193	0.2241
			-0.3367	0.6295	0.7002
			0.4167	0.8718	-0.2574
			0.6348	0.7218	0.2755
			0.6356	0.2561	0.7283
			-0.7383	-0.0744	0.6704
			0.2258	-0.9638	0.1418
			-0.6356	-0.2561	-0.7283
			0.7383	0.0744	-0.6704
			-0.2258	0.9638	-0.1418
		b:
			-188.6994
			50.5735
			571.7878
			178.1805
			294.3524
			539.7929
			592.8956
			-162.3544
			-26.9794
			-583.8956
			171.3544
			31.9794
	==================================================================================
	Q6:
		Shape: Polyhedra
		q_c:	482.5	209.5	315.0
		ub :	487.8889	214.0025	320.9453
		lb :	477.1111	204.9975	309.0547
		A:
			0.7764	0.5872	-0.229
			0.5565	0.7715	0.3084
			-0.8441	-0.2763	-0.4596
			0.769	0.5987	-0.2241
			-0.8514	-0.4393	-0.2866
			-0.6909	-0.1071	-0.715
			0.6909	0.6263	0.3613
			-0.534	0.1051	0.8389
			0.4874	-0.7725	0.4071
			-0.6909	-0.6263	-0.3613
			0.534	-0.1051	-0.8389
			-0.4874	0.7725	-0.4071
		b:
			428.2972
			528.9584
			-607.8376
			428.688
			-591.3014
			-578.2987
			579.8432
			33.117
			205.5482
			-576.8432
			-24.117
			-197.5482


===========================================================================================
===========================================================================================
S8:
	q_c:	421.0	486.5	97.5
	ub :	449.2751	519.415	119.955
	lb :	397.859	457.2878	70.5781

	==================================================================================
	Q1:
		Shape: Ellipse
		q_c:	432.5	506.5	83.0
		ub :	445.5317	519.415	95.4219
		lb :	419.4683	493.585	70.5781
		P^-1:
			0.0179	0.0012	0.0058
			0.0012	0.0094	0.0
			0.0058	0.0	0.0178
	==================================================================================
	Q2:
		Shape: Ellipse
		q_c:	417.0	494.0	101.0
		ub :	436.141	510.1754	119.7474
		lb :	397.859	477.8246	82.2526
		P^-1:
			0.0087	0.0007	0.0016
			0.0007	0.0095	-0.0003
			0.0016	-0.0003	0.0064
	==================================================================================
	Q3:
		Shape: Polyhedra
		q_c:	420.0	498.0	84.5
		ub :	431.5987	506.4531	98.0556
		lb :	408.4013	489.5469	70.9444
		A:
			-0.5665	-0.819	-0.091
			-0.4787	0.0367	-0.8772
			-0.9594	-0.2799	-0.0333
			-0.6416	-0.6959	-0.3227
			-0.7955	-0.5212	-0.309
			-0.5238	-0.259	-0.8115
			0.6726	0.6619	0.331
			-0.4132	0.7069	-0.574
			-0.6139	0.2493	0.749
			-0.6726	-0.6619	-0.331
			0.4132	-0.7069	0.574
			0.6139	-0.2493	-0.749
		b:
			-650.8086
			-250.6922
			-538.428
			-641.2471
			-617.1164
			-411.9816
			642.0687
			135.5042
			-57.3929
			-638.0687
			-124.5042
			83.3929
	==================================================================================
	Q4:
		Shape: Polyhedra
		q_c:	418.0	470.5	88.0
		ub :	429.5303	483.7122	101.3692
		lb :	406.4697	457.2878	74.6308
		A:
			0.0432	0.2319	0.9718
			-0.2205	0.0548	0.9738
			-0.9429	-0.049	-0.3293
			0.5411	0.1741	-0.8227
			0.5305	-0.5747	0.6232
			0.5121	0.5515	-0.6585
			0.6574	0.4526	0.6024
			0.0688	0.7601	-0.6461
			-0.7504	0.4662	0.4686
			-0.6574	-0.4526	-0.6024
			-0.0688	-0.7601	0.6461
			0.7504	-0.4662	-0.4686
		b:
			220.3233
			27.3411
			-438.7243
			243.9793
			14.0595
			423.6708
			547.7803
			337.5134
			-44.5637
			-533.7803
			-321.5134
			61.5637
	==================================================================================
	Q5:
		Shape: Polyhedra
		q_c:	419.0	476.5	110.5
		ub :	431.7644	491.6331	119.955
		lb :	406.2356	461.3669	101.045
		A:
			0.9384	0.2409	0.2476
			0.1911	-0.3356	0.9224
			-0.7534	-0.4975	0.43
			-0.1978	0.9801	0.0157
			-0.7228	0.5721	-0.3877
			-0.3772	-0.2487	-0.8921
			0.8056	0.3433	0.4829
			-0.4727	0.8638	0.1744
			-0.3572	-0.3687	0.8582
			-0.8056	-0.3433	-0.4829
			0.4727	-0.8638	-0.1744
			0.3572	0.3687	-0.8582
		b:
			541.7059
			27.9476
			-499.8898
			398.2651
			-62.4463
			-369.0112
			560.4926
			245.8279
			-225.5485
			-548.4926
			-219.8279
			235.5485
	==================================================================================
	Q6:
		Shape: Ellipse
		q_c:	438.5	473.0	85.5
		ub :	449.2751	479.3287	96.459
		lb :	427.7249	466.6713	74.541
		P^-1:
			0.0202	0.0108	-0.0029
			0.0108	0.0588	-0.0061
			-0.0029	-0.0061	0.0152


===========================================================================================
===========================================================================================
S9:
	q_c:	257.5	16.5	221.0
	ub :	274.2774	31.6636	240.4037
	lb :	241.4732	0.8037	205.1172

	==================================================================================
	Q1:
		Shape: Ellipse
		q_c:	263.5	22.5	213.5
		ub :	268.8247	31.6636	221.8828
		lb :	258.1753	13.3364	205.1172
		P^-1:
			0.079	-0.0114	-0.0002
			-0.0114	0.0304	-0.0097
			-0.0002	-0.0097	0.0326
	==================================================================================
	Q2:
		Shape: Polyhedra
		q_c:	259.0	10.5	228.0
		ub :	263.937	17.1445	233.5491
		lb :	254.063	3.8555	222.4509
		A:
			-0.2058	0.9376	0.2801
			0.736	-0.3663	0.5693
			0.6056	0.607	0.5146
			-0.6453	0.3343	0.687
			0.235	-0.9521	-0.1956
			-0.6833	0.6859	-0.2505
			0.0402	0.4524	0.8909
			0.1718	0.8752	-0.4521
			-0.9843	0.1713	-0.0425
			-0.0402	-0.4524	-0.8909
			-0.1718	-0.8752	0.4521
			0.9843	-0.1713	0.0425
		b:
			24.6743
			320.7435
			284.4721
			-3.2334
			10.6466
			-222.4992
			221.7954
			-44.3963
			-258.8353
			-214.7954
			54.3963
			266.8353
	==================================================================================
	Q3:
		Shape: Polyhedra
		q_c:	245.5	5.0	220.5
		ub :	249.5268	9.1963	224.2321
		lb :	241.4732	0.8037	216.7679
		A:
			-0.2775	0.8733	0.4004
			0.6149	0.7875	0.0416
			0.4536	-0.8686	0.1992
			0.3042	0.189	-0.9337
			-0.1066	0.5864	0.803
			0.3105	-0.5887	0.7463
			0.0992	0.4286	0.898
			-0.1042	0.902	-0.419
			-0.9896	-0.052	0.1341
			-0.0992	-0.4286	-0.898
			0.1042	-0.902	0.419
			0.9896	0.052	-0.1341
		b:
			27.3924
			167.3357
			154.4119
			-127.4409
			155.9657
			241.1032
			226.5061
			-109.9714
			-210.1276
			-222.5061
			116.9714
			217.1276
	==================================================================================
	Q4:
		Shape: Hybrid
		q_c:	260.5	23.5	233.0
		ub :	264.7621	30.6952	240.4037
		lb :	256.2379	16.3048	225.5963
		P^-1:
			0.1826	0.066	0.0613
			0.066	0.0864	0.0503
			0.0613	0.0503	0.0712
		A:
			0.7341	-0.2447	0.6334
			-0.9613	-0.1528	-0.2294
			-0.6573	-0.3344	-0.6753
			-0.8607	0.2156	-0.4613
			0.2366	0.8457	0.4784
			-0.9561	-0.2622	-0.1309
		b:
			336.2068
			-306.0726
			-334.805
			-324.0219
			195.0651
			-284.3369
	==================================================================================
	Q5:
		Shape: Polyhedra
		q_c:	268.0	15.0	225.5
		ub :	274.2774	18.8802	232.045
		lb :	261.7226	11.1198	218.955
		A:
			0.8552	0.4917	-0.1641
			-0.8601	0.4348	-0.2667
			-0.1455	-0.8992	-0.4126
			0.1212	-0.9643	0.2353
			-0.4668	-0.8109	0.3529
			-0.2361	-0.947	-0.2179
			0.7795	0.1631	0.6048
			-0.6188	0.3501	0.7032
			-0.0971	-0.9224	0.3739
			-0.7795	-0.1631	-0.6048
			0.6188	-0.3501	-0.7032
			0.0971	0.9224	-0.3739
		b:
			203.1261
			-280.2677
			-142.0158
			73.0977
			-55.4926
			-123.8401
			351.2333
			3.4691
			45.9595
			-344.2333
			7.5309
			-42.9595
	==================================================================================
	Q6:
		Shape: Ellipse
		q_c:	257.5	18.5	224.5
		ub :	261.7529	23.3595	228.6861
		lb :	253.2471	13.6405	220.3139
		P^-1:
			0.0898	0.0571	0.0703
			0.0571	0.3587	0.4483
			0.0703	0.4483	0.6732


===========================================================================================
===========================================================================================
S10:
	q_c:	256.5	195.0	70.5
	ub :	281.5799	221.3443	93.2531
	lb :	245.8049	173.6951	46.2931

	==================================================================================
	Q1:
		Shape: Hybrid
		q_c:	262.5	207.0	60.0
		ub :	269.0017	217.7455	70.0834
		lb :	255.9983	196.2545	49.9166
		P^-1:
			0.0582	0.0124	0.0042
			0.0124	0.0222	0.0001
			0.0042	0.0001	0.0202
		A:
			-0.4575	-0.8728	-0.1699
			-0.5171	-0.3335	0.7883
			-0.9538	-0.0173	-0.2999
			0.3034	0.9049	-0.2985
			-0.2018	-0.3696	0.907
			0.3484	0.9327	-0.093
		b:
			-306.998
			-153.0979
			-269.496
			253.5033
			-70.1362
			283.2721
	==================================================================================
	Q2:
		Shape: Polyhedra
		q_c:	269.0	202.0	57.5
		ub :	281.3715	213.9529	68.7069
		lb :	256.6285	190.0471	46.2931
		A:
			0.3775	-0.1659	-0.911
			0.063	-0.8987	0.434
			-0.9965	0.0319	-0.0779
			-0.3009	0.7207	-0.6246
			-0.2831	0.0541	0.9576
			0.6244	-0.7637	0.1639
			0.6087	0.2596	0.7497
			-0.6307	0.7316	0.2588
			-0.4813	-0.6304	0.6091
			-0.6087	-0.2596	-0.7497
			0.6307	-0.7316	-0.2588
			0.4813	0.6304	-0.6091
		b:
			22.9081
			-132.2825
			-258.8617
			35.9351
			-3.0771
			30.916
			265.8005
			0.9905
			-214.7778
			-252.8005
			15.0095
			228.7778
	==================================================================================
	Q3:
		Shape: Ellipse
		q_c:	252.0	198.5	76.0
		ub :	257.5762	204.246	80.9105
		lb :	246.4238	192.754	71.0895
		P^-1:
			0.0749	0.0127	-0.0031
			0.0127	0.0557	-0.0015
			-0.0031	-0.0015	0.0498
	==================================================================================
	Q4:
		Shape: Ellipse
		q_c:	272.0	211.0	67.0
		ub :	281.5799	221.3443	76.6595
		lb :	262.4201	200.6557	57.3405
		P^-1:
			0.0318	-0.0137	-0.0112
			-0.0137	0.0337	-0.004
			-0.0112	-0.004	0.0377
	==================================================================================
	Q5:
		Shape: Hybrid
		q_c:	256.0	191.5	82.5
		ub :	266.1951	201.5043	93.2531
		lb :	245.8049	181.4957	71.7469
		P^-1:
			0.0206	0.0033	0.0047
			0.0033	0.0384	0.0154
			0.0047	0.0154	0.0247
		A:
			-0.3741	0.8928	-0.2508
			-0.0147	-0.5771	-0.8166
			-0.4726	-0.8813	0.0054
			0.1446	-0.501	-0.8533
			-0.7627	0.3723	0.5289
			-0.671	-0.5944	-0.4431
		b:
			59.1105
			-178.588
			-285.3744
			-125.7201
			-75.5265
			-319.0716
	==================================================================================
	Q6:
		Shape: Ellipse
		q_c:	257.0	184.0	57.5
		ub :	263.7974	194.3049	66.0573
		lb :	250.2026	173.6951	48.9427
		P^-1:
			0.0461	-0.0033	-0.0142
			-0.0033	0.0143	0.0084
			-0.0142	0.0084	0.0475


===========================================================================================
===========================================================================================
S11:
	q_c:	287.5	25.0	291.0
	ub :	301.772	41.2921	303.419
	lb :	278.672	8.8836	277.1793

	==================================================================================
	Q1:
		Shape: Hybrid
		q_c:	288.0	17.0	295.5
		ub :	296.5353	25.1164	303.419
		lb :	279.4647	8.8836	287.581
		P^-1:
			0.043	0.0094	0.0011
			0.0094	0.0298	0.0056
			0.0011	0.0056	0.0402
		A:
			-0.0411	-0.6469	-0.7615
			-0.4827	-0.8743	0.0515
			0.473	-0.1491	0.8683
			0.4512	0.8469	-0.2813
			-0.413	0.8815	0.2288
			0.21	0.9052	-0.3694
		b:
			-245.0938
			-135.615
			393.381
			64.423
			-32.4599
			-29.624
	==================================================================================
	Q2:
		Shape: Polyhedra
		q_c:	298.5	28.5	294.5
		ub :	301.772	35.2303	300.7424
		lb :	295.228	21.7697	288.2576
		A:
			-0.2016	-0.6493	0.7333
			0.0093	0.0886	-0.996
			-0.856	0.3743	0.3567
			-0.9305	-0.0434	-0.3636
			-0.2323	-0.8848	-0.404
			-0.7389	0.2469	-0.6269
			0.9986	0.0118	0.0524
			-0.0066	-0.9414	0.3374
			0.0533	-0.3372	-0.9399
			-0.9986	-0.0118	-0.0524
			0.0066	0.9414	-0.3374
			-0.0533	0.3372	0.9399
		b:
			142.5071
			-283.3526
			-136.1876
			-382.8981
			-208.6161
			-394.2137
			316.844
			76.0541
			-265.9973
			-310.844
			-65.0541
			274.9973
	==================================================================================
	Q3:
		Shape: Hybrid
		q_c:	288.0	33.0	293.0
		ub :	294.7597	41.2921	301.1479
		lb :	281.2403	24.7079	284.8521
		P^-1:
			0.0424	0.0039	0.0013
			0.0039	0.0438	0.0071
			0.0013	0.0071	0.0309
		A:
			-0.3772	-0.4945	-0.783
			0.8857	0.4108	-0.2162
			0.1024	0.9921	0.0726
			-0.6684	-0.6329	0.3906
			-0.7737	-0.6308	-0.0589
			0.6696	0.5266	-0.5238
		b:
			-351.6795
			207.9413
			86.0013
			-96.0406
			-258.5388
			59.8288
	==================================================================================
	Q4:
		Shape: Ellipse
		q_c:	290.0	17.0	292.5
		ub :	294.695	22.0676	296.6706
		lb :	285.305	11.9324	288.3294
		P^-1:
			0.1245	0.0349	0.0159
			0.0349	0.1111	0.0073
			0.0159	0.0073	0.1171
	==================================================================================
	Q5:
		Shape: Polyhedra
		q_c:	292.0	28.0	292.0
		ub :	301.1028	37.9442	302.5501
		lb :	282.8972	18.0558	281.4499
		A:
			-0.7706	0.2166	0.5994
			-0.7639	-0.5443	0.3466
			-0.7561	0.6056	0.2482
			0.8602	0.4567	-0.2268
			0.9138	-0.1484	-0.378
			-0.098	-0.924	0.3696
			0.1054	0.8536	0.5101
			-0.7503	0.4049	-0.5225
			-0.6526	-0.3277	0.6832
			-0.1054	-0.8536	-0.5101
			0.7503	-0.4049	0.5225
			0.6526	0.3277	-0.6832
		b:
			-37.8178
			-131.033
			-125.2046
			203.8063
			158.3346
			59.6124
			210.1451
			-354.334
			5.7627
			-197.1451
			366.334
			6.2373
	==================================================================================
	Q6:
		Shape: Hybrid
		q_c:	284.5	33.0	282.0
		ub :	290.328	38.9995	286.8207
		lb :	278.672	27.0005	277.1793
		P^-1:
			0.0638	0.0025	-0.0073
			0.0025	0.0676	-0.0147
			-0.0073	-0.0147	0.1048
		A:
			-0.7548	-0.1937	0.6267
			-0.4103	0.0194	-0.9118
			-0.6596	-0.7073	0.2542
			-0.1912	-0.5939	-0.7815
			0.0305	0.305	0.9519
			0.0057	0.3122	0.95
		b:
			-42.4342
			-371.2902
			-137.105
			-292.0983
			289.0986
			281.7441


===========================================================================================
===========================================================================================
S12:
	q_c:	391.0	299.0	134.0
	ub :	431.0285	333.1653	171.0609
	lb :	344.3623	251.7297	87.6141

	==================================================================================
	Q1:
		Shape: Hybrid
		q_c:	368.5	310.0	110.5
		ub :	392.6377	333.1653	133.3859
		lb :	344.3623	286.8347	87.6141
		P^-1:
			0.0043	-0.0007	-0.0011
			-0.0007	0.0057	-0.0007
			-0.0011	-0.0007	0.0056
		A:
			-0.5688	-0.761	-0.3119
			0.2428	0.3531	-0.9035
			-0.9231	-0.0901	0.3738
			0.9806	-0.0237	-0.1948
			-0.6899	-0.4281	0.5838
			0.4177	0.4688	-0.7783
		b:
			-469.6165
			105.4387
			-318.5153
			341.3447
			-315.0695
			219.6023
	==================================================================================
	Q2:
		Shape: Ellipse
		q_c:	404.5	295.5	156.0
		ub :	420.7802	311.3385	171.0609
		lb :	388.2198	279.6615	140.9391
		P^-1:
			0.0152	-0.008	-0.0021
			-0.008	0.016	-0.0024
			-0.0021	-0.0024	0.0103
	==================================================================================
	Q3:
		Shape: Ellipse
		q_c:	384.5	302.5	148.0
		ub :	399.7065	318.7528	161.9529
		lb :	369.2935	286.2472	134.0471
		P^-1:
			0.0191	-0.0098	0.0041
			-0.0098	0.0166	0.0039
			0.0041	0.0039	0.0146
	==================================================================================
	Q4:
		Shape: Hybrid
		q_c:	411.5	272.5	123.5
		ub :	431.0285	293.2703	141.3489
		lb :	391.9715	251.7297	105.6511
		P^-1:
			0.0055	0.0013	-0.0008
			0.0013	0.0073	-0.0011
			-0.0008	-0.0011	0.0074
		A:
			0.2191	-0.725	0.653
			0.4616	-0.1954	0.8653
			-0.4796	0.6007	-0.6397
			0.0169	0.3835	0.9234
			-0.2577	0.952	-0.1651
			0.7427	-0.6691	-0.0269
		b:
			-20.0215
			251.1381
			-104.8909
			232.5555
			140.394
			128.9708
	==================================================================================
	Q5:
		Shape: Polyhedra
		q_c:	409.0	313.0	128.0
		ub :	426.6556	320.4485	144.6984
		lb :	391.3444	305.5515	111.3016
		A:
			0.6791	-0.7246	-0.1174
			-0.1988	0.4319	0.8797
			0.6859	0.5333	-0.4951
			0.3313	-0.9278	0.1714
			-0.2105	0.9775	-0.0123
			0.0027	-0.9652	-0.2614
			0.1916	0.0492	0.9802
			-0.9458	-0.2577	0.1978
			0.2623	-0.965	-0.0029
			-0.1916	-0.0492	-0.9802
			0.9458	0.2577	-0.1978
			-0.2623	0.965	0.0029
		b:
			43.5878
			178.9964
			398.1731
			-128.9948
			221.4141
			-328.6052
			233.2107
			-427.1658
			-192.1155
			-205.2107
			457.1658
			198.1155
	==================================================================================
	Q6:
		Shape: Hybrid
		q_c:	380.0	313.5	145.5
		ub :	390.5229	328.2808	158.0118
		lb :	369.4771	298.7192	132.9882
		P^-1:
			0.0197	0.0019	0.0015
			0.0019	0.007	0.0018
			0.0015	0.0018	0.014
		A:
			-0.8726	-0.4879	0.0232
			-0.3407	-0.622	0.705
			0.2986	-0.7885	-0.5377
			0.2948	-0.2009	-0.9342
			-0.6196	-0.7407	0.2597
			0.4264	0.1745	0.8875
		b:
			-476.5756
			-214.7014
			-204.8774
			-81.8648
			-423.1561
			350.2675


===========================================================================================
===========================================================================================
S13:
	q_c:	65.0	494.5	386.0
	ub :	76.7564	503.1013	393.2899
	lb :	61.5812	487.213	374.8971

	==================================================================================
	Q1:
		Shape: Hybrid
		q_c:	66.5	498.0	387.5
		ub :	70.6989	502.1688	391.0564
		lb :	62.3011	493.8312	383.9436
		P^-1:
			0.16	0.0	0.0
			0.0	0.16	0.0
			0.0	0.0	0.16
		A:
			0.1462	0.9347	-0.324
			0.3946	-0.8588	0.3267
			0.9668	0.1443	-0.2111
			-0.3246	0.6113	0.7217
			0.1256	-0.9484	-0.2911
			0.4634	0.5254	-0.7136
		b:
			350.8725
			-273.6287
			55.6161
			563.792
			-575.499
			17.1758
	==================================================================================
	Q2:
		Shape: Ellipse
		q_c:	70.5	498.0	389.5
		ub :	74.7831	501.8834	393.1525
		lb :	66.2169	494.1166	385.8475
		P^-1:
			0.16	0.0	-0.0
			0.0	0.16	0.0
			-0.0	0.0	0.16
	==================================================================================
	Q3:
		Shape: Polyhedra
		q_c:	71.0	498.0	385.0
		ub :	76.7564	503.1013	390.9158
		lb :	65.2436	492.8987	379.0842
		A:
			0.9534	0.1104	-0.2807
			0.9826	-0.0493	-0.1791
			-0.1627	0.2605	0.9517
			-0.5943	-0.7977	-0.1025
			-0.8866	0.1934	-0.4201
			0.3059	0.8308	-0.4649
			0.4119	0.796	0.4435
			0.314	-0.5809	0.751
			0.8554	-0.17	-0.4892
			-0.4119	-0.796	-0.4435
			-0.314	0.5809	-0.751
			-0.8554	0.17	0.4892
		b:
			18.4634
			-19.8147
			488.1498
			-475.7725
			-124.7628
			259.8723
			599.4165
			25.6411
			-208.2901
			-593.4165
			-18.6411
			216.2901
	==================================================================================
	Q4:
		Shape: Ellipse
		q_c:	69.5	494.5	388.5
		ub :	74.9243	497.9161	393.2899
		lb :	64.0757	491.0839	383.7101
		P^-1:
			0.0992	-0.1137	-0.0489
			-0.1137	0.3841	0.069
			-0.0489	0.069	0.1217
	==================================================================================
	Q5:
		Shape: Hybrid
		q_c:	67.0	490.5	379.0
		ub :	70.4983	493.787	383.1029
		lb :	63.5017	487.213	374.8971
		P^-1:
			0.2065	-0.0295	-0.0572
			-0.0295	0.23	-0.0389
			-0.0572	-0.0389	0.1746
		A:
			0.1034	-0.4702	0.8765
			-0.3172	-0.9418	0.1113
			0.5825	0.692	-0.4263
			0.8841	0.2233	-0.4104
			0.4296	-0.1002	0.8974
			-0.1224	0.9486	0.2918
		b:
			109.8088
			-439.8043
			217.9932
			14.3278
			321.5518
			568.9965
	==================================================================================
	Q6:
		Shape: Hybrid
		q_c:	64.0	498.5	382.0
		ub :	66.4188	500.3183	384.0395
		lb :	61.5812	496.6817	379.9605
		P^-1:
			0.5349	-0.2452	-0.2691
			-0.2452	0.8707	-0.1419
			-0.2691	-0.1419	0.8443
		A:
			-0.6375	0.3348	-0.6939
			-0.1088	-0.5817	0.8061
			-0.53	0.3763	-0.7599
			-0.0329	0.5139	-0.8572
			-0.4942	0.852	0.1727
			-0.5925	-0.457	-0.6634
		b:
			-137.9561
			11.5086
			-135.6383
			-72.7989
			459.6002
			-517.7183


===========================================================================================
===========================================================================================
S14:
	q_c:	405.5	78.0	361.5
	ub :	426.5236	111.1105	375.7361
	lb :	388.9838	51.5167	328.8319

	==================================================================================
	Q1:
		Shape: Polyhedra
		q_c:	405.5	59.5	346.5
		ub :	411.6941	67.4833	354.9927
		lb :	399.3059	51.5167	338.0073
		A:
			0.2866	-0.253	-0.924
			0.4989	-0.7037	-0.5058
			0.8659	-0.376	0.33
			0.0016	-0.5142	-0.8576
			-0.9751	0.1167	-0.1885
			0.2925	0.1674	-0.9415
			0.2295	0.6962	0.6802
			0.9255	0.0601	-0.3739
			-0.3012	0.7153	-0.6306
			-0.2295	-0.6962	-0.6802
			-0.9255	-0.0601	0.3739
			0.3012	-0.7153	0.6306
		b:
			-214.3581
			-10.213
			448.1379
			-322.1872
			-449.4079
			-192.7573
			375.1749
			252.8297
			-292.057
			-365.1749
			-245.8297
			304.057
	==================================================================================
	Q2:
		Shape: Hybrid
		q_c:	414.0	97.5	362.0
		ub :	425.9252	111.1105	373.9516
		lb :	402.0748	83.8895	350.0484
		P^-1:
			0.0182	-0.0006	0.003
			-0.0006	0.0147	0.0049
			0.003	0.0049	0.0197
		A:
			-0.6464	0.6856	0.335
			0.5692	0.2776	0.7739
			0.0091	-0.4634	-0.8861
			-0.4568	0.2707	0.8474
			-0.6692	0.0323	-0.7424
			-0.0234	0.783	0.6216
		b:
			-75.2553
			546.1756
			-358.7109
			148.2849
			-538.9786
			295.4461
	==================================================================================
	Q3:
		Shape: Polyhedra
		q_c:	402.5	72.5	359.5
		ub :	416.0162	85.7515	370.9014
		lb :	388.9838	59.2485	348.0986
		A:
			0.4496	0.544	0.7084
			-0.6233	0.0441	0.7808
			-0.49	-0.6462	-0.585
			-0.0876	-0.9406	-0.3279
			-0.3234	-0.7947	-0.5137
			0.0132	0.8903	0.4551
			0.0591	0.6277	0.7763
			0.3893	0.7015	-0.5969
			-0.9192	0.3375	-0.2029
			-0.0591	-0.6277	-0.7763
			-0.3893	-0.7015	0.5969
			0.9192	-0.3375	0.2029
		b:
			480.5219
			41.6559
			-448.5252
			-214.8954
			-366.8962
			239.0846
			352.3418
			3.4877
			-408.4634
			-344.3418
			17.5123
			428.4634
	==================================================================================
	Q4:
		Shape: Polyhedra
		q_c:	402.5	90.5	342.0
		ub :	415.4651	99.5905	355.1681
		lb :	389.5349	81.4095	328.8319
		A:
			-0.9397	0.143	-0.3108
			0.6472	-0.4416	0.6213
			-0.625	0.4236	-0.6556
			0.7654	-0.5943	-0.247
			0.9137	-0.1304	-0.3849
			0.1433	-0.9279	0.3442
			0.6947	0.398	0.5992
			-0.6646	0.0365	0.7463
			0.2752	-0.9167	0.2898
			-0.6947	-0.398	-0.5992
			0.6646	-0.0365	-0.7463
			-0.2752	0.9167	-0.2898
		b:
			-464.2158
			439.7501
			-430.7387
			177.9922
			233.3789
			98.0056
			527.5504
			0.5262
			133.4144
			-513.5504
			18.4738
			-120.4144
	==================================================================================
	Q5:
		Shape: Polyhedra
		q_c:	419.5	68.5	370.0
		ub :	426.5236	75.4204	374.8397
		lb :	412.4764	61.5796	365.1603
		A:
			0.0098	0.2749	-0.9614
			0.8703	0.4408	0.2196
			-0.1729	0.4525	0.8749
			-0.4595	0.1096	-0.8814
			0.9153	-0.136	-0.3791
			-0.3042	-0.373	-0.8765
			0.429	0.0259	0.9029
			-0.8668	0.2931	0.4034
			-0.2542	-0.9557	0.1482
			-0.429	-0.0259	-0.9029
			0.8668	-0.2931	-0.4034
			0.2542	0.9557	-0.1482
		b:
			-329.4617
			481.1536
			286.2152
			-509.2305
			239.8599
			-474.7637
			517.826
			-188.762
			-111.7961
			-513.826
			199.762
			122.7961
	==================================================================================
	Q6:
		Shape: Polyhedra
		q_c:	402.0	77.0	363.0
		ub :	414.0789	85.6186	375.7361
		lb :	389.9211	68.3814	350.2639
		A:
			0.4261	0.5615	-0.7093
			0.3334	0.9254	0.18
			-0.896	0.4031	0.1864
			-0.426	0.9044	-0.0256
			-0.3228	0.9406	0.1049
			-0.7938	0.0069	0.6082
			0.0482	0.9401	0.3376
			-0.1435	0.341	-0.929
			-0.9885	-0.0036	0.1513
			-0.0482	-0.9401	-0.3376
			0.1435	-0.341	0.929
			0.9885	0.0036	-0.1513
		b:
			-33.161
			276.8477
			-251.5943
			-103.4906
			-12.6026
			-87.5104
			219.8207
			-358.6586
			-332.2236
			-208.8207
			378.6586
			353.2236


===========================================================================================
===========================================================================================
S15:
	q_c:	402.0	288.5	200.5
	ub :	419.7918	307.0494	225.9835
	lb :	392.8755	271.7036	184.8221

	==================================================================================
	Q1:
		Shape: Ellipse
		q_c:	410.0	300.0	212.5
		ub :	418.4854	305.3814	220.8986
		lb :	401.5146	294.6186	204.1014
		P^-1:
			0.0377	-0.0118	0.009
			-0.0118	0.0757	-0.0085
			0.009	-0.0085	0.036
	==================================================================================
	Q2:
		Shape: Ellipse
		q_c:	402.5	297.5	192.5
		ub :	412.1245	307.0494	200.1779
		lb :	392.8755	287.9506	184.8221
		P^-1:
			0.029	0.0033	-0.0101
			0.0033	0.034	-0.0145
			-0.0101	-0.0145	0.0509
	==================================================================================
	Q3:
		Shape: Ellipse
		q_c:	413.5	283.5	210.5
		ub :	418.9611	290.3532	215.9089
		lb :	408.0389	276.6468	205.0911
		P^-1:
			2.0042	0.3807	1.9447
			0.3807	0.1187	0.3532
			1.9447	0.3532	1.9674
	==================================================================================
	Q4:
		Shape: Ellipse
		q_c:	406.0	282.5	198.5
		ub :	414.8034	289.8162	207.1118
		lb :	397.1966	275.1838	189.8882
		P^-1:
			0.0451	-0.0074	0.0193
			-0.0074	0.0593	0.0083
			0.0193	0.0083	0.0409
	==================================================================================
	Q5:
		Shape: Polyhedra
		q_c:	413.0	289.0	198.0
		ub :	418.1131	293.7516	203.108
		lb :	407.8869	284.2484	192.892
		A:
			-0.7227	0.6863	-0.0817
			0.0958	0.9377	0.334
			0.6937	0.5494	-0.4658
			0.3313	-0.9397	0.0847
			-0.8963	-0.0264	-0.4426
			0.1162	0.5678	-0.8149
			0.6784	0.6139	0.4036
			-0.2806	0.7242	-0.6299
			-0.679	0.3141	0.6636
			-0.6784	-0.6139	-0.4036
			0.2806	-0.7242	0.6299
			0.679	-0.3141	-0.6636
		b:
			-113.3504
			379.7058
			356.1125
			-115.2059
			-462.5116
			53.4673
			540.5128
			-28.8017
			-54.7595
			-534.5128
			33.8017
			61.7595
	==================================================================================
	Q6:
		Shape: Ellipse
		q_c:	411.5	280.0	215.0
		ub :	419.7918	288.2964	225.9835
		lb :	403.2082	271.7036	204.0165
		P^-1:
			0.0444	-0.0037	-0.0122
			-0.0037	0.0183	0.0011
			-0.0122	0.0011	0.0156


===========================================================================================
===========================================================================================
S16:
	q_c:	504.5	356.5	435.5
	ub :	524.8061	373.6382	459.9479
	lb :	494.3012	339.2716	421.1184

	==================================================================================
	Q1:
		Shape: Hybrid
		q_c:	511.5	356.0	446.5
		ub :	519.4071	363.6152	455.0245
		lb :	503.5929	348.3848	437.9755
		P^-1:
			0.0519	-0.0206	0.0046
			-0.0206	0.0591	-0.0155
			0.0046	-0.0155	0.0384
		A:
			-0.9976	-0.0583	0.037
			0.0184	0.641	-0.7673
			0.0481	-0.9792	-0.1969
			-0.2422	-0.1573	-0.9574
			-0.8261	0.5146	0.2298
			-0.0838	0.9054	-0.4161
		b:
			-511.4519
			-102.4263
			-408.7637
			-603.4882
			-134.3198
			95.9303
	==================================================================================
	Q2:
		Shape: Hybrid
		q_c:	515.5	358.0	428.5
		ub :	523.1206	363.0452	435.8816
		lb :	507.8794	352.9548	421.1184
		P^-1:
			0.0796	-0.0714	0.0587
			-0.0714	0.1677	-0.0613
			0.0587	-0.0613	0.0889
		A:
			-0.4767	-0.8538	0.2091
			-0.4989	0.6892	-0.5254
			0.1454	0.9874	0.0619
			-0.3959	0.9153	0.074
			0.2936	-0.6436	-0.7068
			0.7161	0.0969	0.6912
		b:
			-457.9826
			-234.58
			457.4758
			157.2741
			-378.1158
			702.632
	==================================================================================
	Q3:
		Shape: Polyhedra
		q_c:	510.5	350.5	428.5
		ub :	515.0495	353.0563	432.4115
		lb :	505.9505	347.9437	424.5885
		A:
			-0.3176	0.4102	-0.8549
			-0.4408	-0.8762	0.1947
			-0.1451	-0.5722	0.8071
			0.4466	0.8796	0.164
			-0.9201	-0.036	0.39
			0.0229	0.4991	-0.8662
			0.4427	0.1948	0.8753
			-0.0406	0.9795	-0.1975
			-0.8958	0.0519	0.4415
			-0.4427	-0.1948	-0.8753
			0.0406	-0.9795	0.1975
			0.8958	-0.0519	-0.4415
		b:
			-382.6897
			-446.2096
			73.7498
			608.7947
			-311.2517
			-182.1557
			671.3207
			239.9775
			-245.8985
			-667.3207
			-235.9775
			253.8985
	==================================================================================
	Q4:
		Shape: Polyhedra
		q_c:	510.5	364.0	448.5
		ub :	520.895	373.6382	459.9479
		lb :	500.105	354.3618	437.0521
		A:
			0.1462	0.3229	0.9351
			-0.2041	0.9358	0.2875
			-0.2268	-0.1156	-0.9671
			-0.5097	-0.7947	-0.3297
			-0.013	-0.7218	-0.692
			-0.9477	-0.3087	-0.081
			0.4203	0.7829	0.4588
			0.833	-0.1323	-0.5373
			-0.3599	0.608	-0.7077
			-0.4203	-0.7829	-0.4588
			-0.833	0.1323	0.5373
			0.3599	-0.608	0.7077
		b:
			617.7712
			371.3577
			-584.8116
			-692.2875
			-574.3409
			-626.5709
			710.2869
			142.5772
			-271.8425
			-700.2869
			-129.5772
			287.8425
	==================================================================================
	Q5:
		Shape: Ellipse
		q_c:	499.5	356.5	428.0
		ub :	504.6988	361.2667	432.0689
		lb :	494.3012	351.7333	423.9311
		P^-1:
			0.1491	-0.0621	-0.0989
			-0.0621	0.2377	-0.1319
			-0.0989	-0.1319	0.3476
	==================================================================================
	Q6:
		Shape: Polyhedra
		q_c:	519.0	345.5	428.0
		ub :	524.8061	351.7284	431.1557
		lb :	513.1939	339.2716	424.8443
		A:
			-0.0889	0.1593	-0.9832
			-0.2942	-0.8995	-0.3232
			0.322	-0.1641	-0.9324
			0.1445	0.4596	-0.8763
			0.9361	0.1043	-0.3359
			0.7455	0.666	-0.0252
			0.8152	0.4409	0.3756
			0.5061	-0.8576	-0.0915
			0.2818	0.2647	-0.9222
			-0.8152	-0.4409	-0.3756
			-0.5061	0.8576	0.0915
			-0.2818	-0.2647	0.9222
		b:
			-409.9447
			-597.5443
			-286.232
			-139.3711
			381.4083
			609.5626
			739.6736
			-67.8294
			-155.5335
			-732.6736
			77.8294
			158.5335


===========================================================================================
===========================================================================================
S17:
	q_c:	116.0	172.5	257.5
	ub :	125.8605	184.2424	268.8762
	lb :	101.4633	165.6381	241.8931

	==================================================================================
	Q1:
		Shape: Polyhedra
		q_c:	117.0	176.0	259.5
		ub :	125.1909	182.7559	267.6557
		lb :	108.8091	169.2441	251.3443
		A:
			0.2579	-0.3452	-0.9024
			0.3895	0.8807	-0.2694
			-0.5062	0.8274	-0.2433
			-0.7008	0.3174	-0.6389
			-0.8669	0.4985	-0.003
			-0.2965	-0.874	-0.3851
			0.4795	0.1761	0.8597
			-0.5891	0.7907	0.1666
			-0.6504	-0.5864	0.4829
			-0.4795	-0.1761	-0.8597
			0.5891	-0.7907	-0.1666
			0.6504	0.5864	-0.4829
		b:
			-259.6209
			135.4633
			27.1758
			-186.5586
			-10.4877
			-283.4349
			316.1874
			116.9685
			-48.9807
			-304.1874
			-109.9685
			58.9807
	==================================================================================
	Q2:
		Shape: Polyhedra
		q_c:	107.0	178.0	260.5
		ub :	112.5367	184.2424	267.1099
		lb :	101.4633	171.7576	253.8901
		A:
			0.8835	0.4025	0.2398
			-0.4805	0.7396	0.4713
			-0.2924	0.2053	-0.934
			-0.6347	0.3436	0.6921
			-0.9605	0.1174	0.2521
			-0.9351	-0.1678	0.3121
			0.7028	0.4198	0.5743
			-0.7087	0.3438	0.6161
			0.0612	-0.84	0.5391
			-0.7028	-0.4198	-0.5743
			0.7087	-0.3438	-0.6161
			-0.0612	0.84	-0.5391
		b:
			232.5802
			206.6244
			-234.095
			177.0468
			-12.5798
			-44.9292
			303.5294
			149.339
			1.4799
			-295.5294
			-142.339
			6.5201
	==================================================================================
	Q3:
		Shape: Polyhedra
		q_c:	112.5	178.5	247.5
		ub :	115.5092	183.7941	253.1069
		lb :	109.4908	173.2059	241.8931
		A:
			-0.9414	-0.3351	0.0394
			-0.7837	0.1538	-0.6018
			0.506	0.8602	-0.064
			0.9195	-0.2937	-0.2612
			0.9814	-0.1877	-0.0409
			0.6408	0.5894	-0.4919
			0.0961	0.2748	0.9567
			-0.1524	0.9539	-0.2587
			-0.9836	-0.121	0.1335
			-0.0961	-0.2748	-0.9567
			0.1524	-0.9539	0.2587
			0.9836	0.121	-0.1335
		b:
			-153.7694
			-206.1736
			198.0369
			-11.0759
			69.0761
			58.5833
			301.1428
			93.0866
			-97.2038
			-292.1428
			-85.0866
			101.2038
	==================================================================================
	Q4:
		Shape: Polyhedra
		q_c:	112.0	178.5	249.0
		ub :	116.4791	183.081	254.0324
		lb :	107.5209	173.919	243.9676
		A:
			-0.2736	0.8655	0.4195
			0.5462	-0.3102	-0.7781
			0.5129	0.7385	0.4376
			-0.0011	-0.9594	0.2822
			0.7359	0.0238	0.6766
			0.5138	0.6501	-0.5599
			0.1049	0.745	0.6588
			-0.2722	0.6586	-0.7015
			-0.9565	-0.1058	0.2719
			-0.1049	-0.745	-0.6588
			0.2722	-0.6586	0.7015
			0.9565	0.1058	-0.2719
		b:
			231.3504
			-184.6888
			301.3384
			-98.0862
			258.3085
			37.4346
			311.763
			-84.5978
			-54.8034
			-305.763
			90.5978
			61.8034
	==================================================================================
	Q5:
		Shape: Polyhedra
		q_c:	120.5	172.0	251.0
		ub :	125.8605	178.3619	257.2293
		lb :	115.1395	165.6381	244.7707
		A:
			0.5009	-0.7501	0.4318
			0.9426	0.2479	-0.2236
			-0.7571	0.6351	0.1529
			0.8888	0.125	-0.441
			-0.9945	-0.0406	-0.0966
			-0.6137	0.6503	0.4478
			0.4181	0.893	0.1666
			0.9067	-0.4215	-0.0164
			0.0556	0.1579	-0.9859
			-0.4181	-0.893	-0.1666
			-0.9067	0.4215	0.0164
			-0.0556	-0.1579	0.9859
		b:
			44.0009
			104.1944
			59.9907
			22.1806
			-147.3298
			154.3011
			250.2846
			36.1541
			-208.1092
			-241.2846
			-29.1541
			219.1092
	==================================================================================
	Q6:
		Shape: Hybrid
		q_c:	117.5	169.5	265.0
		ub :	121.1449	173.1449	268.8762
		lb :	113.8551	165.8551	261.1238
		P^-1:
			1.7913	-1.5718	-1.1002
			-1.5718	1.5304	1.0736
			-1.1002	1.0736	0.9008
		A:
			-0.6912	0.6153	0.379
			0.6049	-0.5907	-0.5339
			0.9839	-0.1631	-0.0726
			-0.0665	-0.0466	0.9967
			0.148	-0.989	0.0077
			0.8118	-0.4878	-0.3209
		b:
			123.7848
			-170.2155
			70.4356
			250.8521
			-145.5688
			-71.735


===========================================================================================
===========================================================================================
S18:
	q_c:	495.5	34.0	150.5
	ub :	502.3794	40.4356	155.8622
	lb :	492.628	29.4017	145.45

	==================================================================================
	Q1:
		Shape: Ellipse
		q_c:	499.5	36.0	153.0
		ub :	502.3794	38.4389	155.8622
		lb :	496.6206	33.5611	150.1378
		P^-1:
			0.2694	-0.057	-0.0123
			-0.057	0.4172	0.0361
			-0.0123	0.0361	0.2578
	==================================================================================
	Q2:
		Shape: Ellipse
		q_c:	495.0	32.0	150.5
		ub :	497.372	34.5983	152.8401
		lb :	492.628	29.4017	148.1599
		P^-1:
			0.7167	0.1224	-0.2993
			0.1224	0.317	0.0088
			-0.2993	0.0088	0.6607
	==================================================================================
	Q3:
		Shape: Ellipse
		q_c:	499.5	36.0	151.0
		ub :	501.4096	38.5607	153.0824
		lb :	497.5904	33.4393	148.9176
		P^-1:
			0.8728	-0.2409	-0.1376
			-0.2409	0.3535	0.0092
			-0.1376	0.0092	0.4681
	==================================================================================
	Q4:
		Shape: Polyhedra
		q_c:	498.0	37.5	148.5
		ub :	500.1208	40.4356	151.1505
		lb :	495.8792	34.5644	145.8495
		A:
			0.3249	-0.8356	0.443
			0.2926	0.0001	0.9562
			0.0292	-0.864	0.5026
			0.2919	0.8171	-0.4972
			-0.2276	0.8539	-0.468
			0.7475	0.1948	0.635
			0.0181	0.8676	0.4969
			-0.0525	0.4972	-0.8661
			-0.9985	-0.0104	0.0545
			-0.0181	-0.8676	-0.4969
			0.0525	-0.4972	0.8661
			0.9985	0.0104	-0.0545
		b:
			198.0904
			289.5153
			58.5537
			104.0134
			-148.9932
			475.9124
			117.8249
			-134.6162
			-487.5253
			-112.8249
			137.6162
			491.5253
	==================================================================================
	Q5:
		Shape: Ellipse
		q_c:	496.5	34.5	148.0
		ub :	499.4795	37.8516	150.55
		lb :	493.5205	31.1484	145.45
		P^-1:
			0.256	0.0107	-0.0573
			0.0107	0.1905	0.0727
			-0.0573	0.0727	0.408
	==================================================================================
	Q6:
		Shape: Hybrid
		q_c:	497.0	33.5	150.5
		ub :	500.8239	36.9773	154.5556
		lb :	493.1761	30.0227	146.4444
		P^-1:
			0.1819	-0.0304	-0.0238
			-0.0304	0.2023	0.0331
			-0.0238	0.0331	0.1859
		A:
			0.3554	0.9278	0.1131
			0.1848	-0.4808	0.8572
			0.9588	0.0284	-0.2826
			-0.6902	-0.5894	0.4199
			-0.4358	0.2154	0.8739
			-0.0255	0.5643	-0.8252
		b:
			226.1305
			206.2377
			436.294
			-298.0976
			-76.6797
			-116.4682


===========================================================================================
===========================================================================================
S19:
	q_c:	208.5	120.0	73.5
	ub :	240.4317	152.7259	104.5818
	lb :	185.5423	95.2357	43.4896

	==================================================================================
	Q1:
		Shape: Polyhedra
		q_c:	225.0	121.0	68.0
		ub :	236.9791	137.6228	83.0201
		lb :	213.0209	104.3772	52.9799
		A:
			-0.7252	0.232	0.6483
			-0.8101	0.5099	-0.2894
			0.7122	0.3853	-0.5868
			-0.8284	-0.4404	0.3461
			-0.861	-0.1511	0.4857
			-0.5389	0.8406	-0.0537
			0.4087	0.8025	0.4347
			-0.109	0.5158	-0.8498
			-0.9062	0.2999	0.2982
			-0.4087	-0.8025	-0.4347
			0.109	-0.5158	0.8498
			0.9062	-0.2999	-0.2982
		b:
			-83.8989
			-132.7411
			175.3786
			-207.0415
			-171.4886
			-14.547
			231.1116
			-10.896
			-140.8197
			-206.1116
			28.896
			153.8197
	==================================================================================
	Q2:
		Shape: Hybrid
		q_c:	211.5	139.0	55.5
		ub :	223.7867	152.7259	67.5104
		lb :	199.2133	125.2741	43.4896
		P^-1:
			0.117	-0.0413	-0.1113
			-0.0413	0.0315	0.0489
			-0.1113	0.0489	0.123
		A:
			0.7338	-0.0669	-0.676
			-0.4421	0.54	0.7162
			-0.7576	0.2721	0.5934
			-0.7242	-0.5074	0.467
			-0.0695	0.9725	0.2225
			-0.7863	-0.0745	0.6133
		b:
			110.1006
			23.6025
			-87.9564
			-192.2324
			139.934
			-140.0281
	==================================================================================
	Q3:
		Shape: Polyhedra
		q_c:	224.5	111.5	90.5
		ub :	240.4317	123.5138	104.5818
		lb :	208.5683	99.4862	76.4182
		A:
			0.0444	0.9286	-0.3685
			-0.4032	0.536	0.7417
			-0.1643	0.9809	0.1038
			-0.3516	0.5598	0.7503
			-0.1274	-0.5147	-0.8478
			-0.3216	-0.3736	-0.87
			0.3191	0.9254	0.2046
			0.5569	-0.0084	-0.8306
			-0.7668	0.379	-0.518
			-0.3191	-0.9254	-0.2046
			-0.5569	0.0084	0.8306
			0.7668	-0.379	0.518
		b:
			89.3238
			44.1151
			90.8105
			59.1049
			-154.3522
			-183.3124
			201.3369
			56.4138
			-164.7796
			-185.3369
			-41.4138
			188.7796
	==================================================================================
	Q4:
		Shape: Ellipse
		q_c:	202.0	108.5	84.5
		ub :	217.3039	121.7643	97.2685
		lb :	186.6961	95.2357	71.7315
		P^-1:
			0.0059	0.0013	-0.0009
			0.0013	0.0173	0.0058
			-0.0009	0.0058	0.0184
	==================================================================================
	Q5:
		Shape: Polyhedra
		q_c:	216.5	129.5	56.0
		ub :	229.2411	141.677	67.6757
		lb :	203.7589	117.323	44.3243
		A:
			-0.7408	-0.0289	0.6711
			-0.3656	0.7418	-0.5622
			-0.3612	0.4765	-0.8016
			0.2402	0.6568	-0.7148
			0.0738	-0.6024	0.7948
			0.1601	0.9845	-0.0717
			0.7314	0.441	0.5203
			-0.1104	-0.6762	0.7284
			0.673	-0.5901	-0.4459
			-0.7314	-0.441	-0.5203
			0.1104	0.6762	-0.7284
			-0.673	0.5901	0.4459
		b:
			-118.498
			-8.6025
			-55.7398
			101.6348
			-12.817
			164.8776
			252.5778
			-66.1872
			53.812
			-236.5778
			75.1872
			-34.812
	==================================================================================
	Q6:
		Shape: Polyhedra
		q_c:	199.0	115.5	84.5
		ub :	212.4577	125.3022	94.355
		lb :	185.5423	105.6978	74.645
		A:
			0.0946	-0.8053	-0.5852
			0.7478	-0.2643	0.609
			0.7853	-0.3149	0.5331
			-0.0477	0.8042	0.5924
			0.8356	0.477	0.2723
			-0.5607	-0.6705	-0.4859
			0.3535	0.3323	0.8744
			-0.909	-0.0987	0.405
			0.2209	-0.938	0.2672
			-0.3535	-0.3323	-0.8744
			0.909	0.0987	-0.405
			-0.2209	0.938	-0.2672
		b:
			-117.3722
			176.7757
			172.5368
			139.4824
			252.9029
			-224.0082
			186.1121
			-146.5723
			-33.803
			-179.1121
			169.5723
			49.803


===========================================================================================
===========================================================================================
S20:
	q_c:	225.0	263.0	141.0
	ub :	242.8215	275.9356	160.9054
	lb :	204.7372	242.691	113.7826

	==================================================================================
	Q1:
		Shape: Ellipse
		q_c:	216.5	269.0	124.0
		ub :	225.7679	275.7537	134.2174
		lb :	207.2321	262.2463	113.7826
		P^-1:
			0.0237	0.0143	0.0023
			0.0143	0.0747	0.0141
			0.0023	0.0141	0.0193
	==================================================================================
	Q2:
		Shape: Hybrid
		q_c:	229.0	254.5	124.5
		ub :	239.0032	262.698	134.116
		lb :	218.9968	246.302	114.884
		P^-1:
			0.042	-0.0517	-0.0282
			-0.0517	0.1091	0.043
			-0.0282	0.043	0.0449
		A:
			0.3504	-0.8876	-0.299
			-0.6108	0.7917	-0.0108
			-0.1784	-0.9307	-0.3193
			-0.4029	0.8953	-0.1901
			-0.4589	0.6279	0.6286
			0.1765	-0.8509	-0.4948
		b:
			-181.3917
			63.0725
			-313.0606
			115.0372
			134.7319
			-235.4759
	==================================================================================
	Q3:
		Shape: Polyhedra
		q_c:	227.0	260.5	152.0
		ub :	234.7372	268.9125	160.9054
		lb :	219.2628	252.0875	143.0946
		A:
			0.8095	0.2894	-0.5107
			-0.4795	-0.2663	0.8362
			-0.6968	-0.4721	0.54
			-0.9844	-0.1068	0.1399
			-0.7147	0.3818	-0.586
			-0.648	-0.1394	0.7488
			0.5512	0.3669	0.7494
			-0.1802	0.9293	-0.3224
			-0.8147	0.0427	0.5783
			-0.5512	-0.3669	-0.7494
			0.1802	-0.9293	0.3224
			0.8147	-0.0427	-0.5783
		b:
			185.864
			-46.3971
			-194.3069
			-225.4796
			-145.7285
			-65.3444
			340.6044
			158.6631
			-81.9043
			-328.6044
			-145.6631
			89.9043
	==================================================================================
	Q4:
		Shape: Polyhedra
		q_c:	232.5	266.0	142.0
		ub :	242.8215	275.9356	153.9143
		lb :	222.1785	256.0644	130.0857
		A:
			0.0495	0.4004	-0.915
			0.9965	-0.0203	0.0811
			-0.1426	-0.7063	-0.6934
			-0.8983	-0.4258	0.1088
			-0.6835	-0.7187	0.1275
			0.2494	0.7837	0.5688
			0.7692	0.2012	0.6065
			-0.6389	0.2591	0.7243
			-0.0114	-0.9446	0.3279
			-0.7692	-0.2012	-0.6065
			0.6389	-0.2591	-0.7243
			0.0114	0.9446	-0.3279
		b:
			-4.8293
			245.147
			-312.2597
			-299.3983
			-324.8078
			354.4833
			325.9832
			30.2271
			-200.377
			-310.9832
			-16.2271
			214.377
	==================================================================================
	Q5:
		Shape: Ellipse
		q_c:	231.5	251.5	141.0
		ub :	236.744	256.2808	145.7217
		lb :	226.256	246.7192	136.2783
		P^-1:
			0.0491	-0.0401	0.0447
			-0.0401	0.2227	-0.192
			0.0447	-0.192	0.262
	==================================================================================
	Q6:
		Shape: Ellipse
		q_c:	216.5	253.5	141.5
		ub :	228.2628	264.309	146.9158
		lb :	204.7372	242.691	136.0842
		P^-1:
			0.0252	-0.0018	-0.0372
			-0.0018	0.0214	-0.0149
			-0.0372	-0.0149	0.1482


===========================================================================================
===========================================================================================
S21:
	q_c:	403.5	182.0	181.0
	ub :	412.9935	192.7788	191.3928
	lb :	389.7432	166.8403	168.8113

	==================================================================================
	Q1:
		Shape: Ellipse
		q_c:	397.0	174.0	180.5
		ub :	403.5424	178.2712	187.2214
		lb :	390.4576	169.7288	173.7786
		P^-1:
			0.1495	-0.1551	0.084
			-0.1551	0.2799	-0.1178
			0.084	-0.1178	0.1045
	==================================================================================
	Q2:
		Shape: Polyhedra
		q_c:	404.5	185.5	185.0
		ub :	410.9709	191.3804	191.3928
		lb :	398.0291	179.6196	178.6072
		A:
			0.9355	-0.2815	-0.2137
			0.7502	0.5529	-0.3626
			0.1408	0.9611	0.2377
			0.8691	-0.1219	0.4795
			-0.5665	0.5753	-0.5901
			0.9249	-0.3282	0.1921
			0.6179	0.5637	0.5482
			-0.3727	0.8238	-0.427
			-0.6923	0.0595	0.7191
			-0.6179	-0.5637	-0.5482
			0.3727	-0.8238	0.427
			0.6923	-0.0595	-0.7191
		b:
			289.9936
			342.773
			283.6108
			421.972
			-227.8759
			352.5662
			460.9082
			-73.4442
			-132.9515
			-450.9082
			80.4442
			138.9515
	==================================================================================
	Q3:
		Shape: Ellipse
		q_c:	407.5	177.0	185.5
		ub :	412.9935	182.1985	190.359
		lb :	402.0065	171.8015	180.641
		P^-1:
			0.1084	0.0369	-0.0076
			0.0369	0.1001	-0.0282
			-0.0076	-0.0282	0.1251
	==================================================================================
	Q4:
		Shape: Hybrid
		q_c:	396.0	170.0	174.5
		ub :	402.2568	173.1597	180.1887
		lb :	389.7432	166.8403	168.8113
		P^-1:
			0.0496	0.0086	0.0179
			0.0086	0.158	0.0091
			0.0179	0.0091	0.0741
		A:
			-0.3484	-0.2948	-0.8898
			-0.0612	0.8614	-0.5043
			0.0221	-0.7242	-0.6892
			-0.6454	-0.0778	0.7599
			0.1771	-0.7867	0.5914
			-0.1096	0.9539	0.2794
		b:
			-341.2484
			35.9377
			-232.7065
			-132.6574
			41.4315
			169.0023
	==================================================================================
	Q5:
		Shape: Ellipse
		q_c:	400.0	174.5	177.0
		ub :	407.5239	181.9533	183.0192
		lb :	392.4761	167.0467	170.9808
		P^-1:
			0.0508	0.0024	0.0136
			0.0024	0.0529	0.0143
			0.0136	0.0143	0.0674
	==================================================================================
	Q6:
		Shape: Ellipse
		q_c:	401.5	187.0	183.5
		ub :	407.4546	192.7788	187.9963
		lb :	395.5454	181.2212	179.0037
		P^-1:
			0.0648	-0.0035	0.0137
			-0.0035	0.0512	0.0039
			0.0137	0.0039	0.107


===========================================================================================
===========================================================================================
S22:
	q_c:	353.0	506.5	437.0
	ub :	363.3598	514.9653	447.5666
	lb :	345.4569	497.4659	428.0083

	==================================================================================
	Q1:
		Shape: Ellipse
		q_c:	354.5	509.0	439.0
		ub :	359.6043	513.7022	443.1224
		lb :	349.3957	504.2978	434.8776
		P^-1:
			0.0558	-0.026	-0.0226
			-0.026	0.1582	0.0812
			-0.0226	0.0812	0.167
	==================================================================================
	Q2:
		Shape: Ellipse
		q_c:	352.5	504.5	437.5
		ub :	355.8222	507.9431	441.7375
		lb :	349.1778	501.0569	433.2625
		P^-1:
			0.36	0.0403	0.1427
			0.0403	0.2133	-0.0571
			0.1427	-0.0571	0.2028
	==================================================================================
	Q3:
		Shape: Hybrid
		q_c:	359.5	501.5	444.5
		ub :	363.3598	505.5341	447.5666
		lb :	355.6402	497.4659	441.4334
		P^-1:
			0.1655	-0.009	0.0196
			-0.009	0.1748	-0.0322
			0.0196	-0.0322	0.2297
		A:
			0.0284	-0.6732	0.7389
			-0.7542	0.0382	-0.6555
			0.8962	-0.3789	0.2306
			-0.8466	0.1144	0.5198
			-0.849	-0.0282	-0.5276
			0.9647	0.1802	0.1921
		b:
			2.1278
			-542.1297
			236.0485
			-14.4571
			-552.5881
			523.9908
	==================================================================================
	Q4:
		Shape: Hybrid
		q_c:	355.5	503.5	442.5
		ub :	359.2612	506.2663	445.9354
		lb :	351.7388	500.7337	439.0646
		P^-1:
			0.2887	-0.0167	0.2572
			-0.0167	0.6769	-0.3284
			0.2572	-0.3284	0.5604
		A:
			-0.8491	-0.1331	-0.5112
			0.499	-0.1736	0.8491
			-0.2807	-0.9283	-0.2439
			0.6103	-0.2858	0.7388
			-0.3881	-0.9039	0.1799
			-0.3245	0.0197	-0.9457
		b:
			-593.9288
			466.3886
			-674.0108
			400.6523
			-512.5892
			-522.7761
	==================================================================================
	Q5:
		Shape: Polyhedra
		q_c:	350.0	504.5	433.0
		ub :	354.5431	509.302	437.9917
		lb :	345.4569	499.698	428.0083
		A:
			-0.3099	0.1506	0.9388
			-0.3514	0.7392	0.5745
			-0.2507	0.8517	-0.4603
			0.1809	-0.1507	0.9719
			0.0307	-0.4976	0.8669
			0.6731	-0.4298	0.6018
			0.1538	0.8454	0.5115
			0.5209	0.3705	-0.769
			-0.8396	0.3847	-0.3834
			-0.1538	-0.8454	-0.5115
			-0.5209	-0.3705	0.769
			0.8396	-0.3847	0.3834
		b:
			376.9904
			501.7125
			145.6296
			411.0953
			138.1059
			282.3358
			704.8242
			39.2922
			-262.7724
			-698.8242
			-33.2922
			268.7724
	==================================================================================
	Q6:
		Shape: Polyhedra
		q_c:	355.0	512.5	440.0
		ub :	359.8567	514.9653	445.0423
		lb :	350.1433	510.0347	434.9577
		A:
			-0.7698	0.4761	-0.4251
			-0.9036	0.4034	0.1439
			0.3234	0.8138	0.4829
			-0.8291	-0.5573	0.0451
			0.5082	-0.7703	0.3853
			0.2868	-0.9172	0.2767
			0.7183	0.4916	0.4923
			-0.579	0.03	0.8148
			0.3858	-0.8703	0.3062
			-0.7183	-0.4916	-0.4923
			0.579	-0.03	-0.8148
			-0.3858	0.8703	-0.3062
		b:
			-214.4931
			-47.806
			747.139
			-556.8411
			-43.6994
			-245.419
			726.5672
			172.3341
			-173.3426
			-720.5672
			-164.3341
			175.3426


===========================================================================================
===========================================================================================
S23:
	q_c:	241.5	383.5	493.0
	ub :	258.8722	399.6639	513.0007
	lb :	225.9451	363.9822	471.0879

	==================================================================================
	Q1:
		Shape: Polyhedra
		q_c:	249.0	390.5	490.0
		ub :	258.8722	399.6639	499.6349
		lb :	239.1278	381.3361	480.3651
		A:
			0.2538	0.9509	0.1773
			0.8899	-0.3881	-0.2398
			-0.4355	0.8294	0.3498
			0.6801	0.7318	0.044
			0.8973	-0.0802	-0.4342
			-0.7332	0.0485	-0.6782
			0.4906	0.8247	0.2815
			0.6903	-0.1707	-0.7031
			-0.5317	0.5393	-0.653
			-0.4906	-0.8247	-0.2815
			-0.6903	0.1707	0.7031
			0.5317	-0.5393	0.653
		b:
			527.0215
			-41.8442
			392.4797
			482.1317
			-15.4683
			-489.354
			587.6301
			-234.2597
			-234.8069
			-576.6301
			244.2597
			248.8069
	==================================================================================
	Q2:
		Shape: Ellipse
		q_c:	232.5	380.0	505.0
		ub :	239.0549	387.0495	513.0007
		lb :	225.9451	372.9505	496.9993
		P^-1:
			0.0993	-0.0376	-0.0581
			-0.0376	0.0688	0.0089
			-0.0581	0.0089	0.0748
	==================================================================================
	Q3:
		Shape: Hybrid
		q_c:	247.0	392.5	500.0
		ub :	252.4791	394.7623	505.1146
		lb :	241.5209	390.2377	494.8854
		P^-1:
			0.0506	-0.0072	-0.0036
			-0.0072	0.2496	0.0046
			-0.0036	0.0046	0.0617
		A:
			-0.2048	-0.82	0.5344
			0.1534	-0.9828	-0.1026
			-0.6849	0.4152	0.5988
			-0.0856	-0.951	0.297
			0.133	0.9878	-0.0813
			-0.3553	-0.9338	-0.0416
		b:
			-103.3372
			-398.1069
			295.9913
			-244.6091
			381.029
			-473.5574
	==================================================================================
	Q4:
		Shape: Hybrid
		q_c:	238.0	380.0	493.0
		ub :	246.1077	384.5849	501.1488
		lb :	229.8923	375.4151	484.8512
		P^-1:
			0.0346	-0.0033	0.0138
			-0.0033	0.1067	-0.0161
			0.0138	-0.0161	0.0428
		A:
			0.6283	-0.1378	0.7657
			-0.3691	-0.9112	-0.1829
			0.4936	0.7986	-0.3444
			0.4177	-0.5705	0.7071
			0.3867	0.2634	0.8838
			0.5134	0.8578	-0.0256
		b:
			477.4527
			-522.1587
			254.0122
			233.4679
			631.0253
			437.981
	==================================================================================
	Q5:
		Shape: Polyhedra
		q_c:	246.0	371.5	484.5
		ub :	253.0758	379.0178	489.9071
		lb :	238.9242	363.9822	479.0929
		A:
			-0.6216	0.6159	0.4841
			-0.7979	-0.4856	-0.3573
			-0.2449	0.3081	0.9193
			-0.0202	0.8566	0.5157
			-0.2634	-0.4721	-0.8412
			-0.079	-0.8009	-0.5936
			0.2923	0.5824	0.7585
			0.8972	-0.4415	-0.0068
			0.331	0.6826	-0.6516
			-0.2923	-0.5824	-0.7585
			-0.8972	0.4415	0.0068
			-0.331	-0.6826	0.6516
		b:
			314.7426
			-546.1261
			503.3617
			565.9503
			-646.0475
			-602.2026
			657.2774
			58.4091
			25.7857
			-654.2774
			-48.4091
			-12.7857
	==================================================================================
	Q6:
		Shape: Ellipse
		q_c:	246.0	393.5	480.5
		ub :	255.8024	398.9703	489.9121
		lb :	236.1976	388.0297	471.0879
		P^-1:
			0.0215	0.0024	0.0096
			0.0024	0.1428	0.0443
			0.0096	0.0443	0.0444


===========================================================================================
===========================================================================================
S24:
	q_c:	402.5	320.0	342.5
	ub :	428.2825	341.95	357.3429
	lb :	375.4961	298.3897	327.0957

	==================================================================================
	Q1:
		Shape: Hybrid
		q_c:	414.0	308.5	335.0
		ub :	424.6746	318.6103	342.9043
		lb :	403.3254	298.3897	327.0957
		P^-1:
			0.0284	0.0196	-0.0091
			0.0196	0.0438	-0.0236
			-0.0091	-0.0236	0.0564
		A:
			-0.4365	0.071	-0.8969
			-0.4356	-0.8109	-0.3908
			0.5684	0.7345	-0.3706
			-0.8917	-0.4431	0.0921
			-0.2725	-0.8503	0.4501
			0.2891	-0.3852	-0.8764
		b:
			-455.8517
			-557.6026
			339.9228
			-471.3459
			-221.9721
			-287.95
	==================================================================================
	Q2:
		Shape: Polyhedra
		q_c:	416.5	313.0	345.5
		ub :	428.2825	322.2014	357.3429
		lb :	404.7175	303.7986	333.6571
		A:
			0.5983	0.7875	-0.1479
			-0.3119	-0.8261	-0.4693
			-0.087	-0.4667	-0.8801
			0.685	0.0814	-0.724
			0.342	-0.7938	-0.5029
			-0.0628	0.9922	0.1076
			0.083	0.9514	0.2967
			0.5155	0.2138	-0.8298
			-0.8528	0.2219	-0.4727
			-0.083	-0.9514	-0.2967
			-0.5155	-0.2138	0.8298
			0.8528	-0.2219	0.4727
		b:
			451.2063
			-544.2693
			-479.5085
			67.7222
			-273.366
			327.7593
			440.8698
			1.9481
			-440.0815
			-428.8698
			12.0519
			458.0815
	==================================================================================
	Q3:
		Shape: Hybrid
		q_c:	410.5	334.5	349.0
		ub :	417.1727	341.95	355.3358
		lb :	403.8273	327.05	342.6642
		P^-1:
			0.0495	0.0005	0.001
			0.0005	0.0518	0.005
			0.001	0.005	0.06
		A:
			-0.1084	-0.9778	0.1791
			-0.79	-0.6131	0.0094
			0.224	0.5423	0.8098
			-0.4098	0.1623	0.8976
			0.6577	0.1786	0.7318
			-0.3564	0.3464	-0.8678
		b:
			-306.5964
			-523.618
			557.991
			201.4728
			587.3308
			-330.9865
	==================================================================================
	Q4:
		Shape: Polyhedra
		q_c:	404.5	312.0	343.5
		ub :	411.3969	318.5182	349.538
		lb :	397.6031	305.4818	337.462
		A:
			-0.0552	0.6222	0.7809
			0.0506	-0.4742	-0.879
			-0.2777	-0.3737	-0.885
			0.195	0.1337	-0.9716
			-0.6639	-0.7436	0.0792
			-0.9008	-0.3475	-0.2603
			0.2512	0.9434	0.2167
			0.8132	-0.3271	0.4813
			0.5249	0.0553	-0.8493
			-0.2512	-0.9434	-0.2167
			-0.8132	0.3271	-0.4813
			-0.5249	-0.0553	0.8493
		b:
			444.2771
			-425.3716
			-528.5086
			-209.8514
			-468.7013
			-557.3412
			475.3648
			397.2374
			-59.1552
			-465.3648
			-387.2374
			65.1552
	==================================================================================
	Q5:
		Shape: Polyhedra
		q_c:	399.0	330.0	337.0
		ub :	404.9088	337.5113	344.9034
		lb :	393.0912	322.4887	329.0966
		A:
			0.1313	-0.9441	-0.3025
			-0.3722	-0.909	0.1874
			-0.5073	-0.8583	0.0773
			-0.1713	-0.6392	0.7497
			-0.809	0.0266	0.5873
			-0.3372	-0.8562	0.3915
			0.1379	0.5521	0.8223
			0.4331	0.7131	-0.5514
			-0.8908	0.4321	-0.1407
			-0.1379	-0.5521	-0.8223
			-0.4331	-0.7131	0.5514
			0.8908	-0.4321	0.1407
		b:
			-354.9855
			-381.8209
			-455.5739
			-23.7935
			-111.7801
			-282.6115
			521.8261
			224.2968
			-255.7361
			-506.8261
			-220.2968
			264.7361
	==================================================================================
	Q6:
		Shape: Hybrid
		q_c:	386.0	311.0	347.0
		ub :	396.5039	321.3809	355.3843
		lb :	375.4961	300.6191	338.6157
		P^-1:
			0.0192	0.0013	0.0054
			0.0013	0.0374	-0.0274
			0.0054	-0.0274	0.0644
		A:
			-0.0735	-0.1477	0.9863
			0.3246	0.3908	-0.8614
			-0.7625	0.1138	-0.6369
			-0.1985	0.4373	-0.8772
			0.3114	0.5874	0.747
			-0.2456	-0.1217	0.9617
		b:
			270.6939
			-49.3355
			-475.9121
			-243.1271
			566.7727
			204.3076


===========================================================================================
===========================================================================================
S25:
	q_c:	167.5	32.5	204.0
	ub :	193.9411	56.2736	226.4709
	lb :	137.0648	0.827	170.9413

	==================================================================================
	Q1:
		Shape: Polyhedra
		q_c:	153.0	42.5	217.5
		ub :	167.759	56.2736	226.4709
		lb :	138.241	28.7264	208.5291
		A:
			0.2804	-0.0905	-0.9556
			0.6858	-0.6424	0.3422
			0.2304	-0.756	0.6127
			-0.7607	0.4251	-0.4906
			0.2115	-0.5876	-0.781
			0.0835	-0.9709	-0.2245
			0.1874	0.0047	0.9823
			-0.7351	0.664	0.1371
			-0.6516	-0.7477	0.1279
			-0.1874	-0.0047	-0.9823
			0.7351	-0.664	-0.1371
			0.6516	0.7477	-0.1279
		b:
			-161.4344
			161.3993
			144.9889
			-196.2243
			-154.1922
			-67.6562
			249.02
			-44.4204
			-94.1532
			-236.02
			64.4204
			113.1532
	==================================================================================
	Q2:
		Shape: Ellipse
		q_c:	182.5	41.5	192.5
		ub :	193.9411	52.0227	202.7756
		lb :	171.0589	30.9773	182.2244
		P^-1:
			0.0218	0.0006	-0.0028
			0.0006	0.0206	-0.0015
			-0.0028	-0.0015	0.0172
	==================================================================================
	Q3:
		Shape: Ellipse
		q_c:	177.5	25.0	183.5
		ub :	189.456	36.1339	196.0587
		lb :	165.544	13.8661	170.9413
		P^-1:
			0.0195	0.0046	0.0003
			0.0046	0.0236	0.0041
			0.0003	0.0041	0.0163
	==================================================================================
	Q4:
		Shape: Ellipse
		q_c:	151.5	14.0	192.0
		ub :	165.9352	27.173	206.3235
		lb :	137.0648	0.827	177.6765
		P^-1:
			0.0172	0.0045	0.0064
			0.0045	0.0194	0.0061
			0.0064	0.0061	0.0119
	==================================================================================
	Q5:
		Shape: Ellipse
		q_c:	184.5	22.0	193.0
		ub :	191.4537	32.5332	204.1343
		lb :	177.5463	11.4668	181.8657
		P^-1:
			0.1972	0.0572	0.0788
			0.0572	0.0379	0.0285
			0.0788	0.0285	0.0464
	==================================================================================
	Q6:
		Shape: Ellipse
		q_c:	166.5	18.5	195.0
		ub :	180.8766	32.8847	205.6685
		lb :	152.1234	4.1153	184.3315
		P^-1:
			0.0148	0.0044	0.0017
			0.0044	0.014	0.0015
			0.0017	0.0015	0.0173


===========================================================================================
===========================================================================================
