3D_30_25_6_f                l = 3

===========================================================================================
===========================================================================================
S1:
	q_c:	366.5	490.5	434.0
	ub :	370.4528	508.0062	451.6986
	lb :	353.5479	474.0732	415.7472

	==================================================================================
	Q1:
		Shape: Polyhedra
		q_c:	363.0	494.0	422.0
		ub :	368.549	500.5222	428.2528
		lb :	357.451	487.4778	415.7472
		A:
			0.9416	-0.2482	-0.2276
			-0.9449	-0.3259	0.0299
			0.7674	0.4908	-0.4125
			0.9856	0.1691	-0.0003
			0.1794	0.7694	0.6131
			-0.961	0.0998	-0.258
			0.7802	0.0608	0.6225
			-0.6255	0.0749	0.7766
			0.0006	-0.9953	0.0965
			-0.7802	-0.0608	-0.6225
			0.6255	-0.0749	-0.7766
			-0.0006	0.9953	-0.0965
		b:
			127.4142
			-487.2002
			351.8168
			445.153
			708.9742
			-404.6506
			579.481
			142.1982
			-444.7483
			-572.481
			-133.1982
			456.7483
	==================================================================================
	Q2:
		Shape: Hybrid
		q_c:	364.5	486.5	425.5
		ub :	367.7887	491.8436	431.01
		lb :	361.2113	481.1564	419.99
		P^-1:
			0.3866	-0.0833	0.1086
			-0.0833	0.0839	-0.0279
			0.1086	-0.0279	0.0989
		A:
			-0.4762	0.7301	-0.4901
			0.4872	-0.066	0.8708
			-0.5765	-0.2269	-0.7849
			-0.9261	-0.3772	-0.0073
			0.9092	-0.301	0.2878
			-0.7991	-0.0344	-0.6002
		b:
			-24.8229
			518.1731
			-652.2817
			-522.1208
			308.1594
			-562.0369
	==================================================================================
	Q3:
		Shape: Ellipse
		q_c:	361.5	499.0	443.0
		ub :	369.4521	508.0062	451.6986
		lb :	353.5479	489.9938	434.3014
		P^-1:
			0.0206	0.001	0.0007
			0.001	0.0297	-0.0027
			0.0007	-0.0027	0.0309
	==================================================================================
	Q4:
		Shape: Ellipse
		q_c:	364.5	482.5	439.5
		ub :	369.8117	490.9268	448.7932
		lb :	359.1883	474.0732	430.2068
		P^-1:
			0.6119	0.4475	0.1712
			0.4475	0.3586	0.1305
			0.1712	0.1305	0.0677
	==================================================================================
	Q5:
		Shape: Ellipse
		q_c:	366.0	499.0	436.0
		ub :	370.4528	503.8656	439.0968
		lb :	361.5472	494.1344	432.9032
		P^-1:
			0.1899	0.0824	-0.0953
			0.0824	0.1204	-0.0938
			-0.0953	-0.0938	0.3566
	==================================================================================
	Q6:
		Shape: Polyhedra
		q_c:	362.5	481.5	444.5
		ub :	369.6563	488.5439	449.6957
		lb :	355.3437	474.4561	439.3043
		A:
			0.1335	-0.9034	0.4074
			0.5031	-0.1557	0.8501
			0.294	0.3012	-0.9071
			-0.9716	-0.1992	-0.1275
			-0.9053	0.1896	-0.3801
			0.742	0.3337	-0.5815
			0.5993	0.797	0.0748
			-0.0972	0.1652	-0.9815
			-0.7946	0.5809	0.1765
			-0.5993	-0.797	-0.0748
			0.0972	-0.1652	0.9815
			0.7946	-0.5809	-0.1765
		b:
			-200.9767
			489.4538
			-147.526
			-500.1481
			-400.8835
			175.5768
			638.2681
			-387.9413
			75.605
			-630.2681
			395.9413
			-64.605


===========================================================================================
===========================================================================================
S2:
	q_c:	105.0	364.5	415.5
	ub :	126.8044	385.9969	440.5611
	lb :	80.5402	346.0565	396.9059

	==================================================================================
	Q1:
		Shape: Polyhedra
		q_c:	100.5	367.0	428.0
		ub :	108.2899	375.4387	435.4267
		lb :	92.7101	358.5613	420.5733
		A:
			-0.7446	0.0612	0.6647
			-0.6331	-0.1302	0.763
			-0.6924	0.5803	0.4287
			0.4233	-0.4525	-0.7849
			-0.4177	0.1722	0.8921
			0.2383	0.5972	-0.7658
			0.213	0.9413	0.2618
			0.6379	0.069	-0.7671
			-0.7401	0.3304	-0.5857
			-0.213	-0.9413	-0.2618
			-0.6379	-0.069	0.7671
			0.7401	-0.3304	0.5857
		b:
			234.881
			217.7136
			331.6804
			-455.3576
			406.3128
			-80.1228
			485.4333
			-236.3627
			-197.3156
			-472.4333
			241.3627
			210.3156
	==================================================================================
	Q2:
		Shape: Polyhedra
		q_c:	96.5	378.0	412.5
		ub :	105.1886	383.7063	420.2649
		lb :	87.8114	372.2937	404.7351
		A:
			-0.6844	0.5367	0.4935
			-0.6069	0.7415	0.2861
			0.3732	-0.7601	-0.5319
			0.5912	-0.7201	-0.3633
			-0.4852	0.8739	0.0277
			0.7589	-0.3644	-0.5398
			0.901	0.3137	0.2996
			-0.2139	-0.2797	0.936
			0.3775	-0.9074	-0.1849
			-0.901	-0.3137	-0.2996
			0.2139	0.2797	-0.936
			-0.3775	0.9074	0.1849
		b:
			344.1603
			342.5068
			-467.9672
			-362.1939
			297.3105
			-282.575
			336.6406
			265.2126
			-380.8424
			-321.6406
			-254.2126
			384.8424
	==================================================================================
	Q3:
		Shape: Ellipse
		q_c:	107.0	358.5	404.0
		ub :	116.2274	367.8586	411.0941
		lb :	97.7726	349.1414	396.9059
		P^-1:
			0.0282	0.0073	-0.0002
			0.0073	0.0354	0.0001
			-0.0002	0.0001	0.04
	==================================================================================
	Q4:
		Shape: Polyhedra
		q_c:	112.0	364.0	410.5
		ub :	122.7835	373.3223	421.2118
		lb :	101.2165	354.6777	399.7882
		A:
			0.735	-0.4798	-0.4791
			-0.2248	0.7888	-0.572
			0.1221	0.8067	-0.5782
			0.4837	-0.1582	0.8609
			0.8935	0.2461	-0.3755
			0.2096	-0.5294	0.822
			0.8443	0.343	0.4118
			0.5199	-0.3379	-0.7846
			-0.13	0.8765	-0.4636
			-0.8443	-0.343	-0.4118
			-0.5199	0.3379	0.7846
			0.13	-0.8765	0.4636
		b:
			-282.5059
			32.236
			75.1359
			356.8322
			42.6936
			173.8207
			396.4412
			-380.3133
			119.1891
			-380.4412
			393.3133
			-109.1891
	==================================================================================
	Q5:
		Shape: Hybrid
		q_c:	119.0	355.5	410.5
		ub :	126.8044	364.9435	420.4542
		lb :	111.1956	346.0565	400.5458
		P^-1:
			0.0445	-0.0126	0.0166
			-0.0126	0.0321	-0.0053
			0.0166	-0.0053	0.0341
		A:
			0.7566	-0.3435	-0.5564
			-0.2509	-0.9608	0.1182
			-0.345	0.448	-0.8248
			0.9358	-0.1025	-0.3374
			0.8694	-0.2253	-0.4397
			-0.633	0.3617	0.6845
		b:
			-256.2676
			-318.5716
			-217.4799
			-59.4631
			-152.9842
			338.6272
	==================================================================================
	Q6:
		Shape: Ellipse
		q_c:	89.0	375.5	429.0
		ub :	97.4598	385.9969	440.5611
		lb :	80.5402	365.0031	417.4389
		P^-1:
			0.0365	0.007	-0.0013
			0.007	0.0259	0.0037
			-0.0013	0.0037	0.0112


===========================================================================================
===========================================================================================
S3:
	q_c:	170.5	218.0	106.0
	ub :	183.777	225.8376	117.1605
	lb :	160.5791	204.6863	98.076

	==================================================================================
	Q1:
		Shape: Ellipse
		q_c:	164.0	220.0	106.0
		ub :	167.4209	223.7668	109.2502
		lb :	160.5791	216.2332	102.7498
		P^-1:
			0.2221	-0.0326	-0.0258
			-0.0326	0.2118	-0.0302
			-0.0258	-0.0302	0.2261
	==================================================================================
	Q2:
		Shape: Ellipse
		q_c:	168.0	216.5	104.0
		ub :	173.2675	222.2272	107.8248
		lb :	162.7325	210.7728	100.1752
		P^-1:
			0.3389	0.0327	-0.4229
			0.0327	0.0645	-0.0214
			-0.4229	-0.0214	0.7276
	==================================================================================
	Q3:
		Shape: Hybrid
		q_c:	165.5	222.5	101.5
		ub :	169.2229	225.8376	104.924
		lb :	161.7771	219.1624	98.076
		P^-1:
			0.0822	-0.0029	0.0063
			-0.0029	0.2068	0.0452
			0.0063	0.0452	0.2026
		A:
			-0.3768	-0.1576	-0.9128
			-0.2056	0.9776	0.0455
			-0.3135	0.9425	0.1161
			0.575	0.7868	0.2244
			0.5591	0.8016	0.2116
			-0.2716	-0.9618	-0.0357
		b:
			-188.7073
			189.3796
			170.9277
			294.6747
			294.0309
			-261.1738
	==================================================================================
	Q4:
		Shape: Ellipse
		q_c:	173.5	215.5	110.0
		ub :	177.4667	219.7329	114.1522
		lb :	169.5333	211.2671	105.8478
		P^-1:
			0.1423	-0.0019	-0.0236
			-0.0019	0.0628	-0.0033
			-0.0236	-0.0033	0.1285
	==================================================================================
	Q5:
		Shape: Hybrid
		q_c:	167.0	214.0	112.0
		ub :	171.5842	219.5639	117.1605
		lb :	162.4158	208.4361	106.8395
		P^-1:
			0.271	0.0342	0.1871
			0.0342	0.0681	0.0306
			0.1871	0.0306	0.2304
		A:
			-0.6592	0.1081	-0.7442
			-0.0455	-0.2552	-0.9658
			-0.3322	-0.256	0.9078
			-0.9056	-0.1224	-0.4061
			-0.6924	-0.061	-0.7189
			0.3204	-0.8015	0.505
		b:
			-169.2809
			-168.11
			-5.5405
			-221.781
			-208.4167
			-58.6157
	==================================================================================
	Q6:
		Shape: Hybrid
		q_c:	177.0	212.0	109.0
		ub :	183.777	219.3137	114.1664
		lb :	170.223	204.6863	103.8336
		P^-1:
			0.0443	0.0046	0.0011
			0.0046	0.0457	-0.0032
			0.0011	-0.0032	0.0619
		A:
			-0.1064	-0.9263	0.3615
			0.2673	-0.8751	-0.4034
			0.1546	0.9635	0.2184
			0.552	-0.0659	0.8313
			-0.0911	0.7536	0.651
			-0.4129	-0.1367	0.9005
		b:
			-173.3029
			-179.3566
			258.1056
			176.5496
			217.199
			-1.7353


===========================================================================================
===========================================================================================
S4:
	q_c:	457.0	150.5	523.5
	ub :	465.4431	159.6112	531.635
	lb :	451.257	145.2644	518.4876

	==================================================================================
	Q1:
		Shape: Polyhedra
		q_c:	455.0	149.0	525.0
		ub :	457.8969	151.9318	526.9759
		lb :	452.1031	146.0682	523.0241
		A:
			0.5502	0.2546	0.7953
			0.8773	0.4437	0.1832
			0.9642	-0.171	0.2027
			-0.3701	-0.9282	0.0391
			0.3164	-0.2413	0.9174
			0.0222	-0.949	-0.3144
			0.6232	0.5694	0.5361
			0.6387	-0.7661	0.0712
			0.4513	0.298	-0.8411
			-0.6232	-0.5694	-0.5361
			-0.6387	0.7661	-0.0712
			-0.4513	-0.298	0.8411
		b:
			706.9743
			562.6379
			521.658
			-284.5893
			591.2745
			-294.4033
			650.8511
			216.3577
			-190.358
			-648.8511
			-211.3577
			193.358
	==================================================================================
	Q2:
		Shape: Ellipse
		q_c:	454.5	156.0	521.5
		ub :	457.743	159.6112	524.5124
		lb :	451.257	152.3888	518.4876
		P^-1:
			0.549	0.1889	-0.3738
			0.1889	0.2518	-0.1816
			-0.3738	-0.1816	0.5192
	==================================================================================
	Q3:
		Shape: Ellipse
		q_c:	462.0	148.5	528.5
		ub :	465.4431	150.7758	531.635
		lb :	458.5569	146.2242	525.365
		P^-1:
			0.3783	0.1568	0.368
			0.1568	0.3648	0.2199
			0.368	0.2199	0.618
	==================================================================================
	Q4:
		Shape: Ellipse
		q_c:	455.0	152.5	524.5
		ub :	456.6131	153.9162	525.8122
		lb :	453.3869	151.0838	523.1878
		P^-1:
			1.0	0.0	0.0
			0.0	1.0	-0.0
			0.0	-0.0	1.0
	==================================================================================
	Q5:
		Shape: Hybrid
		q_c:	456.0	151.5	523.0
		ub :	458.8544	155.0921	526.4269
		lb :	453.1456	147.9079	519.5731
		P^-1:
			0.25	-0.0006	0.0013
			-0.0006	0.235	0.0335
			0.0013	0.0335	0.175
		A:
			0.4203	0.4406	0.7932
			-0.6465	0.5865	-0.488
			0.1443	0.9738	-0.1756
			0.4009	-0.9023	0.1585
			-0.7888	0.604	-0.1142
			0.8271	0.0233	0.5616
		b:
			674.4383
			-459.9111
			122.6531
			130.1215
			-326.8529
			675.541
	==================================================================================
	Q6:
		Shape: Polyhedra
		q_c:	459.5	148.0	526.5
		ub :	463.1024	150.7356	530.009
		lb :	455.8976	145.2644	522.991
		A:
			-0.7237	0.5892	-0.3594
			-0.893	0.351	-0.2815
			0.606	0.3947	0.6906
			-0.7643	-0.247	-0.5956
			-0.1059	-0.9924	-0.0627
			-0.8899	0.0269	-0.4553
			0.4458	0.6046	0.66
			-0.5614	0.7632	-0.3199
			-0.6971	-0.228	0.6797
			-0.4458	-0.6046	-0.66
			0.5614	-0.7632	0.3199
			0.6971	0.228	-0.6797
		b:
			-433.0305
			-504.8791
			701.9924
			-699.7955
			-226.9052
			-642.9729
			643.3638
			-311.9372
			6.8027
			-640.3638
			314.9372
			-0.8027


===========================================================================================
===========================================================================================
S5:
	q_c:	125.0	187.0	170.0
	ub :	138.1584	197.7453	185.0471
	lb :	108.7118	172.9165	150.7423

	==================================================================================
	Q1:
		Shape: Ellipse
		q_c:	129.5	190.5	158.5
		ub :	135.1203	197.7453	166.2577
		lb :	123.8797	183.2547	150.7423
		P^-1:
			0.0492	0.001	-0.0011
			0.001	0.0417	0.0081
			-0.0011	0.0081	0.0409
	==================================================================================
	Q2:
		Shape: Ellipse
		q_c:	116.5	181.0	177.5
		ub :	122.2957	189.0835	185.0471
		lb :	110.7043	172.9165	169.9529
		P^-1:
			0.0761	-0.0145	0.0008
			-0.0145	0.043	-0.0038
			0.0008	-0.0038	0.0356
	==================================================================================
	Q3:
		Shape: Polyhedra
		q_c:	115.0	188.0	176.0
		ub :	121.2882	193.7945	181.8661
		lb :	108.7118	182.2055	170.1339
		A:
			-0.9727	-0.127	0.1944
			-0.4395	0.7272	-0.5273
			-0.1479	0.9883	0.0374
			0.2793	0.4444	-0.8512
			-0.3793	-0.0545	-0.9237
			-0.0888	-0.6283	-0.7729
			0.5568	0.6691	0.4923
			-0.5453	0.7415	-0.391
			-0.6266	-0.0508	0.7777
			-0.5568	-0.6691	-0.4923
			0.5453	-0.7415	0.391
			0.6266	0.0508	-0.7777
		b:
			-98.073
			-2.6527
			179.3585
			-30.8501
			-212.6349
			-260.5993
			280.458
			11.8687
			58.2634
			-272.458
			-3.8687
			-52.2634
	==================================================================================
	Q4:
		Shape: Polyhedra
		q_c:	132.5	182.0	165.0
		ub :	138.1584	186.066	170.3481
		lb :	126.8416	177.934	159.6519
		A:
			-0.3592	0.4606	0.8117
			0.2111	-0.5489	0.8088
			-0.1628	0.9236	0.3471
			-0.8544	0.392	-0.3411
			0.6658	0.6512	0.3642
			0.263	-0.933	-0.2455
			0.616	0.3128	0.7229
			-0.6625	-0.2906	0.6903
			0.4261	-0.9042	0.0282
			-0.616	-0.3128	-0.7229
			0.6625	0.2906	-0.6903
			-0.4261	0.9042	-0.0282
		b:
			173.5487
			64.7478
			206.1769
			-95.2986
			270.3032
			-173.2716
			261.3447
			-22.7757
			-101.4622
			-254.3447
			30.7757
			105.4622
	==================================================================================
	Q5:
		Shape: Hybrid
		q_c:	125.0	184.5	172.0
		ub :	132.1441	191.5175	179.6653
		lb :	117.8559	177.4825	164.3347
		P^-1:
			0.0431	-0.0105	-0.0137
			-0.0105	0.0689	-0.0166
			-0.0137	-0.0166	0.0599
		A:
			0.9862	-0.048	-0.1585
			-0.4484	-0.8797	0.1584
			0.0721	-0.9858	-0.1516
			0.2936	-0.9059	-0.3051
			-0.73	0.6795	0.0731
			0.1326	0.1752	-0.9756
		b:
			90.3194
			-188.2748
			-196.4728
			-180.5669
			48.9596
			-116.5996
	==================================================================================
	Q6:
		Shape: Polyhedra
		q_c:	129.5	184.0	170.0
		ub :	134.7976	188.7973	176.5246
		lb :	124.2024	179.2027	163.4754
		A:
			0.5673	0.0411	0.8225
			0.2368	0.4774	0.8462
			0.8743	0.4789	0.0789
			-0.7714	-0.4479	-0.4521
			-0.5896	0.8008	-0.1057
			-0.8167	-0.3866	-0.4285
			0.0412	0.8985	0.4371
			0.5993	0.3278	-0.7303
			-0.7995	0.292	-0.5249
			-0.0412	-0.8985	-0.4371
			-0.5993	-0.3278	0.7303
			0.7995	-0.292	0.5249
		b:
			223.3723
			265.3147
			218.884
			-256.4429
			55.2391
			-246.9685
			247.4617
			19.7768
			-137.0332
			-242.4617
			-7.7768
			141.0332


===========================================================================================
===========================================================================================
S6:
	q_c:	133.0	105.5	411.5
	ub :	152.6005	121.5425	428.2654
	lb :	120.1313	84.1136	400.1639

	==================================================================================
	Q1:
		Shape: Polyhedra
		q_c:	126.5	115.0	417.5
		ub :	132.8687	121.5425	422.4654
		lb :	120.1313	108.4575	412.5346
		A:
			0.2188	0.3363	0.916
			-0.9503	-0.1137	0.2897
			-0.3412	0.5763	0.7426
			-0.7498	0.2648	0.6064
			-0.0423	-0.4004	-0.9153
			0.5712	0.5779	0.583
			0.1426	0.5324	0.8344
			0.681	0.559	-0.473
			-0.7183	0.6357	-0.2828
			-0.1426	-0.5324	-0.8344
			-0.681	-0.559	0.473
			0.7183	-0.6357	0.2828
		b:
			451.5121
			-8.5235
			336.4793
			192.6138
			-431.0519
			384.8364
			430.1318
			-44.5612
			-129.8301
			-425.1318
			49.5612
			141.8301
	==================================================================================
	Q2:
		Shape: Hybrid
		q_c:	137.0	92.0	421.5
		ub :	142.8899	99.8864	428.2654
		lb :	131.1101	84.1136	414.7346
		P^-1:
			0.086	-0.0355	-0.0143
			-0.0355	0.0529	0.0007
			-0.0143	0.0007	0.0494
		A:
			0.7108	-0.7028	-0.0267
			0.7905	-0.2284	-0.5682
			0.9577	-0.237	0.1631
			0.5158	-0.425	-0.7439
			-0.6327	0.7743	-0.0095
			0.2775	0.7739	-0.5692
		b:
			23.1558
			-150.3494
			180.3556
			-279.6617
			-17.5429
			-127.2011
	==================================================================================
	Q3:
		Shape: Hybrid
		q_c:	130.0	95.0	421.0
		ub :	135.8174	101.5287	427.3511
		lb :	124.1826	88.4713	414.6489
		P^-1:
			0.0755	-0.0055	-0.008
			-0.0055	0.0635	0.0076
			-0.008	0.0076	0.0545
		A:
			0.0489	0.9833	-0.1755
			-0.3413	0.2282	-0.9118
			-0.2947	0.949	-0.1121
			0.162	-0.4292	-0.8885
			-0.2702	-0.895	0.3549
			0.1343	0.929	-0.3449
		b:
			28.2641
			-403.8464
			6.8901
			-391.5524
			31.7083
			-37.0328
	==================================================================================
	Q4:
		Shape: Polyhedra
		q_c:	144.5	111.5	416.5
		ub :	152.6005	119.7032	423.3316
		lb :	136.3995	103.2968	409.6684
		A:
			0.3234	-0.8312	0.4522
			-0.6862	0.5646	-0.4586
			-0.4408	-0.6683	-0.5993
			0.3058	-0.7187	0.6245
			-0.2014	0.791	0.5777
			0.446	-0.8637	0.2349
			0.4508	0.8481	0.2784
			0.8132	-0.2617	-0.5198
			-0.3679	0.4608	-0.8077
			-0.4508	-0.8481	-0.2784
			-0.8132	0.2617	0.5198
			0.3679	-0.4608	0.8077
		b:
			146.4321
			-223.6725
			-381.6216
			227.6468
			305.5886
			70.4294
			282.1706
			-123.1437
			-335.1858
			-269.1706
			133.1437
			341.1858
	==================================================================================
	Q5:
		Shape: Hybrid
		q_c:	138.0	108.5	408.5
		ub :	144.3931	116.3627	416.8361
		lb :	131.6069	100.6373	400.1639
		P^-1:
			0.0821	-0.0785	-0.0544
			-0.0785	0.1392	0.0819
			-0.0544	0.0819	0.0769
		A:
			-0.1621	-0.3176	-0.9343
			0.6185	-0.7336	-0.2817
			0.6854	-0.6996	-0.202
			0.4546	-0.849	-0.2694
			-0.7572	0.4793	0.4437
			0.028	-0.9627	0.2692
		b:
			-434.0971
			-107.7828
			-61.9174
			-137.7809
			130.6145
			14.1287
	==================================================================================
	Q6:
		Shape: Hybrid
		q_c:	139.5	112.5	418.5
		ub :	145.7696	117.6955	424.7794
		lb :	133.2304	107.3045	412.2206
		P^-1:
			0.1003	0.0401	0.0339
			0.0401	0.1026	0.027
			0.0339	0.027	0.0596
		A:
			0.3823	0.8346	0.3965
			0.1802	0.9625	-0.2027
			0.5837	0.7804	0.2244
			-0.2646	-0.5992	-0.7557
			0.8205	-0.2327	0.5221
			-0.2249	-0.5078	-0.8316
		b:
			314.6436
			50.961
			264.5159
			-418.4785
			309.0858
			-434.1797


===========================================================================================
===========================================================================================
S7:
	q_c:	248.0	259.0	252.5
	ub :	264.7013	280.9483	274.652
	lb :	223.1084	242.1516	234.3819

	==================================================================================
	Q1:
		Shape: Ellipse
		q_c:	232.5	270.5	246.0
		ub :	241.8916	280.9483	254.3517
		lb :	223.1084	260.0517	237.6483
		P^-1:
			0.0294	0.0063	-0.0015
			0.0063	0.022	0.0026
			-0.0015	0.0026	0.0324
	==================================================================================
	Q2:
		Shape: Ellipse
		q_c:	254.5	255.0	259.0
		ub :	264.7013	265.535	269.7743
		lb :	244.2987	244.465	248.2257
		P^-1:
			0.0274	0.0029	0.0053
			0.0029	0.023	0.0005
			0.0053	0.0005	0.0267
	==================================================================================
	Q3:
		Shape: Polyhedra
		q_c:	250.0	246.5	243.0
		ub :	253.582	250.8484	251.6181
		lb :	246.418	242.1516	234.3819
		A:
			0.3809	-0.9178	-0.1122
			-0.4297	-0.4881	0.7597
			0.3083	0.9279	0.2097
			0.6814	0.5421	-0.4918
			-0.5705	0.7276	-0.381
			0.9095	-0.2688	0.3172
			0.124	0.2354	0.964
			0.9913	0.0144	-0.131
			-0.0447	0.9718	-0.2315
			-0.124	-0.2354	-0.964
			-0.9913	-0.0144	0.131
			0.0447	-0.9718	0.2315
		b:
			-155.0047
			-38.1623
			361.0476
			187.6711
			-52.6391
			241.8751
			331.2586
			222.0322
			174.6068
			-315.2586
			-217.0322
			-169.6068
	==================================================================================
	Q4:
		Shape: Ellipse
		q_c:	244.0	259.0	251.0
		ub :	251.8458	266.5879	259.24
		lb :	236.1542	251.4121	242.76
		P^-1:
			0.0516	0.0031	-0.0127
			0.0031	0.0365	0.002
			-0.0127	0.002	0.0474
	==================================================================================
	Q5:
		Shape: Polyhedra
		q_c:	254.0	261.0	253.5
		ub :	264.1583	270.1964	262.0105
		lb :	243.8417	251.8036	244.9895
		A:
			-0.8488	-0.5077	-0.1475
			-0.1208	-0.1727	-0.9775
			-0.7389	0.521	-0.4274
			-0.9859	0.1429	0.087
			-0.5605	0.5962	-0.5749
			0.7887	-0.2092	-0.5781
			0.3551	0.0391	0.934
			-0.825	-0.4568	0.3328
			0.4397	-0.8887	-0.13
			-0.3551	-0.0391	-0.934
			0.825	0.4568	-0.3328
			-0.4397	0.8887	0.13
		b:
			-379.4815
			-317.5202
			-153.4936
			-184.7317
			-125.9716
			5.5515
			343.1665
			-238.4248
			-146.2139
			-331.1665
			250.4248
			160.2139
	==================================================================================
	Q6:
		Shape: Ellipse
		q_c:	252.0	270.0	266.5
		ub :	256.709	278.7746	274.652
		lb :	247.291	261.2254	258.348
		P^-1:
			0.1908	0.0416	0.0849
			0.0416	0.0378	0.0325
			0.0849	0.0325	0.0818


===========================================================================================
===========================================================================================
S8:
	q_c:	110.5	424.0	290.0
	ub :	123.9177	437.3736	298.5743
	lb :	100.0723	409.7652	281.6153

	==================================================================================
	Q1:
		Shape: Ellipse
		q_c:	109.5	431.5	291.0
		ub :	115.5889	437.1798	296.1547
		lb :	103.4111	425.8202	285.8453
		P^-1:
			0.1156	0.0533	0.0714
			0.0533	0.1154	0.0677
			0.0714	0.0677	0.1309
	==================================================================================
	Q2:
		Shape: Polyhedra
		q_c:	110.0	420.5	290.5
		ub :	115.7692	423.2936	296.3498
		lb :	104.2308	417.7064	284.6502
		A:
			0.211	-0.8778	-0.4302
			-0.9162	-0.3698	-0.1543
			-0.59	-0.787	-0.1806
			0.9787	0.1541	0.1356
			0.6375	0.7684	-0.0558
			0.3313	0.9238	0.1919
			0.2102	0.9649	0.1571
			0.7464	-0.0546	-0.6633
			-0.6315	0.2567	-0.7317
			-0.2102	-0.9649	-0.1571
			-0.7464	0.0546	0.6633
			0.6315	-0.2567	0.7317
		b:
			-468.687
			-297.6744
			-446.1134
			215.6563
			379.2551
			482.2353
			476.0306
			-130.0394
			-169.5645
			-473.0306
			137.0394
			178.5645
	==================================================================================
	Q3:
		Shape: Polyhedra
		q_c:	118.0	424.5	294.0
		ub :	122.3315	428.6903	298.5743
		lb :	113.6685	420.3097	289.4257
		A:
			-0.6361	-0.5849	-0.5032
			-0.13	-0.9657	0.2247
			0.971	0.2306	-0.0638
			-0.4256	-0.1521	0.8921
			0.6342	0.7519	0.1803
			0.3886	-0.1863	0.9024
			0.6564	0.258	0.7089
			0.132	-0.9645	0.2287
			0.7428	-0.0565	-0.6671
			-0.6564	-0.258	-0.7089
			-0.132	0.9645	-0.2287
			-0.7428	0.0565	0.6671
		b:
			-468.6427
			-355.7525
			196.5035
			150.4936
			449.945
			234.8528
			397.9003
			-323.0999
			-129.4814
			-392.9003
			330.0999
			135.4814
	==================================================================================
	Q4:
		Shape: Hybrid
		q_c:	106.0	415.5	286.5
		ub :	111.9277	421.2348	291.3396
		lb :	100.0723	409.7652	281.6604
		P^-1:
			0.0816	0.0	0.0
			0.0	0.0816	-0.0
			0.0	-0.0	0.0816
		A:
			-0.3681	0.8444	0.3892
			0.7303	-0.1937	0.6551
			0.8052	0.5101	0.3025
			-0.3663	0.8299	0.4209
			-0.6019	-0.7924	-0.0988
			-0.5262	0.0571	-0.8484
		b:
			425.0933
			186.3784
			385.7043
			428.3067
			-419.6068
			-273.3636
	==================================================================================
	Q5:
		Shape: Ellipse
		q_c:	118.5	431.0	291.0
		ub :	123.9177	436.2553	296.348
		lb :	113.0823	425.7447	285.652
		P^-1:
			0.0618	-0.0475	0.043
			-0.0475	0.1542	-0.0824
			0.043	-0.0824	0.1365
	==================================================================================
	Q6:
		Shape: Ellipse
		q_c:	116.5	431.5	287.5
		ub :	122.9325	437.3736	293.3847
		lb :	110.0675	425.6264	281.6153
		P^-1:
			0.059	0.0204	0.0092
			0.0204	0.0927	0.0196
			0.0092	0.0196	0.0582


===========================================================================================
===========================================================================================
S9:
	q_c:	180.0	423.0	342.5
	ub :	204.0774	448.1027	367.7094
	lb :	162.3308	399.3399	320.3113

	==================================================================================
	Q1:
		Shape: Polyhedra
		q_c:	186.5	427.5	335.5
		ub :	198.505	439.7126	339.1736
		lb :	174.495	415.2874	331.8264
		A:
			-0.055	-0.1209	-0.9911
			-0.0839	0.8586	0.5058
			-0.0584	-0.6289	0.7753
			0.1725	0.3064	-0.9361
			0.9391	0.2538	-0.2315
			-0.6	-0.5367	-0.5932
			0.7252	0.6831	0.0866
			0.6885	-0.7169	-0.1099
			-0.013	0.1393	-0.9902
			-0.7252	-0.6831	-0.0866
			-0.6885	0.7169	0.1099
			0.013	-0.1393	0.9902
		b:
			-391.577
			529.2467
			-14.9804
			-148.184
			213.7923
			-533.8899
			463.8242
			-205.4477
			-273.0718
			-448.8242
			224.4477
			277.0718
	==================================================================================
	Q2:
		Shape: Polyhedra
		q_c:	192.0	411.5	352.0
		ub :	204.0774	423.3273	360.2996
		lb :	179.9226	399.6727	343.7004
		A:
			0.3928	0.0919	0.915
			-0.3605	-0.5824	-0.7286
			0.3493	-0.3651	-0.8629
			0.1069	0.7051	-0.701
			-0.592	0.6321	0.5
			0.9007	-0.3979	0.1745
			0.3928	0.083	0.9159
			-0.2811	0.9591	0.0336
			-0.8756	-0.2707	0.4001
			-0.3928	-0.083	-0.9159
			0.2811	-0.9591	-0.0336
			0.8756	0.2707	-0.4001
		b:
			440.3334
			-558.887
			-379.549
			71.9881
			331.3593
			78.9144
			436.9677
			362.0245
			-130.1745
			-426.9677
			-343.0245
			147.1745
	==================================================================================
	Q3:
		Shape: Polyhedra
		q_c:	175.5	415.0	333.0
		ub :	188.6692	428.9635	345.6887
		lb :	162.3308	401.0365	320.3113
		A:
			0.1518	0.5588	0.8153
			-0.1451	-0.5225	-0.8402
			0.8644	0.0029	0.5028
			-0.6378	0.3415	-0.6903
			0.0713	-0.745	-0.6632
			0.2231	0.9418	0.2516
			0.6821	0.4181	0.5999
			-0.6882	0.6443	0.3335
			-0.2471	-0.6403	0.7273
			-0.6821	-0.4181	-0.5999
			0.6882	-0.6443	-0.3335
			0.2471	0.6403	-0.7273
		b:
			537.7137
			-514.43
			327.6179
			-192.5341
			-508.8733
			521.6487
			499.4947
			267.664
			-59.431
			-486.4947
			-247.664
			74.431
	==================================================================================
	Q4:
		Shape: Polyhedra
		q_c:	173.0	435.0	335.0
		ub :	183.6522	445.8848	344.7521
		lb :	162.3478	424.1152	325.2479
		A:
			-0.569	-0.3702	0.7343
			-0.9414	-0.1158	-0.317
			0.7768	-0.3244	-0.5398
			-0.9584	-0.1832	-0.2187
			-0.8794	-0.3345	-0.3386
			0.5579	-0.2169	-0.801
			0.3209	0.915	0.2448
			0.5966	0.0055	-0.8025
			-0.7356	0.4035	-0.5441
			-0.3209	-0.915	-0.2448
			-0.5966	-0.0055	0.8025
			0.7356	-0.4035	0.5441
		b:
			-7.8448
			-312.3349
			-182.0929
			-311.6753
			-403.4456
			-260.9326
			544.5076
			-158.2594
			-127.5035
			-526.5076
			168.2594
			140.5035
	==================================================================================
	Q5:
		Shape: Ellipse
		q_c:	190.5	436.0	352.5
		ub :	201.5337	448.1027	364.1292
		lb :	179.4663	423.8973	340.8708
		P^-1:
			0.0269	0.0041	0.0072
			0.0041	0.0171	0.0027
			0.0072	0.0027	0.0203
	==================================================================================
	Q6:
		Shape: Ellipse
		q_c:	187.5	408.0	356.5
		ub :	199.173	416.6601	367.7094
		lb :	175.827	399.3399	345.2906
		P^-1:
			0.0263	0.0015	-0.0134
			0.0015	0.0291	-0.0046
			-0.0134	-0.0046	0.0235


===========================================================================================
===========================================================================================
S10:
	q_c:	386.0	255.5	231.5
	ub :	398.8168	270.1523	239.4271
	lb :	374.8077	241.4738	217.9154

	==================================================================================
	Q1:
		Shape: Ellipse
		q_c:	381.0	248.5	235.5
		ub :	387.1923	253.9553	239.4271
		lb :	374.8077	243.0447	231.5729
		P^-1:
			0.0535	0.0278	-0.003
			0.0278	0.0977	0.0015
			-0.003	0.0015	0.111
	==================================================================================
	Q2:
		Shape: Polyhedra
		q_c:	380.5	253.5	223.0
		ub :	382.9782	258.6217	228.0846
		lb :	378.0218	248.3783	217.9154
		A:
			0.3397	0.9356	-0.096
			-0.8635	0.0665	-0.4999
			-0.5667	0.6212	-0.5412
			0.7864	-0.6165	-0.0398
			0.9263	0.2688	-0.264
			0.9357	-0.3498	-0.0458
			0.0189	0.7175	0.6963
			-0.9923	0.0985	-0.0745
			-0.1221	-0.6896	0.7139
			-0.0189	-0.7175	-0.6963
			0.9923	-0.0985	0.0745
			0.1221	0.6896	-0.7139
		b:
			348.4547
			-420.8396
			-175.9348
			136.5946
			364.1678
			259.3011
			347.8709
			-367.2276
			-58.5577
			-340.8709
			371.2276
			65.5577
	==================================================================================
	Q3:
		Shape: Ellipse
		q_c:	393.5	253.5	226.5
		ub :	398.8168	260.9085	232.7554
		lb :	388.1832	246.0915	220.2446
		P^-1:
			0.0739	-0.0086	0.019
			-0.0086	0.0306	-0.0216
			0.019	-0.0216	0.0928
	==================================================================================
	Q4:
		Shape: Ellipse
		q_c:	383.0	246.5	226.0
		ub :	388.6852	251.5262	230.4302
		lb :	377.3148	241.4738	221.5698
		P^-1:
			0.1136	0.0256	-0.0782
			0.0256	0.0917	0.013
			-0.0782	0.013	0.2052
	==================================================================================
	Q5:
		Shape: Ellipse
		q_c:	384.0	261.5	227.5
		ub :	390.3472	268.1261	232.8323
		lb :	377.6528	254.8739	222.1677
		P^-1:
			0.0625	0.0	-0.0
			0.0	0.0625	-0.0
			-0.0	-0.0	0.0625
	==================================================================================
	Q6:
		Shape: Ellipse
		q_c:	384.5	263.0	230.5
		ub :	393.3593	270.1523	239.0971
		lb :	375.6407	255.8477	221.9029
		P^-1:
			0.0386	-0.014	0.0131
			-0.014	0.0595	-0.02
			0.0131	-0.02	0.0444


===========================================================================================
===========================================================================================
S11:
	q_c:	511.0	361.0	395.0
	ub :	530.2108	389.187	411.4935
	lb :	492.9681	336.8499	375.0475

	==================================================================================
	Q1:
		Shape: Polyhedra
		q_c:	505.0	365.5	400.0
		ub :	510.8028	372.1244	406.3505
		lb :	499.1972	358.8756	393.6495
		A:
			0.6491	-0.7429	-0.1637
			-0.8799	0.026	0.4745
			0.9802	0.1784	-0.0858
			0.9137	0.3838	-0.1336
			-0.7818	-0.4249	-0.4564
			0.7395	0.3349	-0.5839
			0.7444	0.6524	0.1423
			0.6597	-0.6856	-0.3078
			-0.1032	0.3231	-0.9407
			-0.7444	-0.6524	-0.1423
			-0.6597	0.6856	0.3078
			0.1032	-0.3231	0.9407
		b:
			-5.6861
			-241.1651
			529.7665
			552.2449
			-728.4994
			266.5632
			675.3055
			-37.0532
			-305.3541
			-667.3055
			44.0532
			315.3541
	==================================================================================
	Q2:
		Shape: Hybrid
		q_c:	498.0	346.0	393.0
		ub :	499.9735	348.7177	395.5514
		lb :	496.0265	343.2823	390.4486
		P^-1:
			0.848	-0.3003	-0.0272
			-0.3003	0.4008	0.0137
			-0.0272	0.0137	0.2512
		A:
			0.6	-0.4539	-0.6587
			0.8116	-0.268	0.5191
			0.7381	0.2349	0.6324
			-0.7385	0.2723	-0.6169
			-0.1053	0.2763	-0.9553
			0.782	-0.6215	0.0468
		b:
			-116.109
			516.3781
			698.6961
			-514.9628
			-330.784
			193.3446
	==================================================================================
	Q3:
		Shape: Polyhedra
		q_c:	521.0	348.5	383.5
		ub :	530.2108	360.1501	391.9525
		lb :	511.7892	336.8499	375.0475
		A:
			0.2523	0.8666	0.4305
			-0.5282	-0.3412	0.7776
			0.664	0.148	-0.733
			-0.7857	-0.1683	0.5953
			-0.6116	0.0318	0.7905
			0.4943	0.2872	-0.8205
			0.3331	0.8581	0.3908
			0.6287	0.1068	-0.7703
			-0.7027	0.5023	-0.5039
			-0.3331	-0.8581	-0.3908
			-0.6287	-0.1068	0.7703
			0.7027	-0.5023	0.5039
		b:
			607.5254
			-93.3438
			118.0096
			-237.2359
			-2.5002
			45.2435
			631.4587
			70.899
			-376.8104
			-613.4587
			-67.899
			391.8104
	==================================================================================
	Q4:
		Shape: Ellipse
		q_c:	504.5	379.5	388.0
		ub :	516.0319	389.187	398.6797
		lb :	492.9681	369.813	377.3203
		P^-1:
			0.0233	-0.0067	0.0007
			-0.0067	0.0276	-0.0028
			0.0007	-0.0028	0.0204
	==================================================================================
	Q5:
		Shape: Hybrid
		q_c:	513.5	357.0	399.5
		ub :	525.0204	363.859	411.4935
		lb :	501.9796	350.141	387.5065
		P^-1:
			0.0166	0.0047	0.0007
			0.0047	0.0586	-0.0123
			0.0007	-0.0123	0.0189
		A:
			0.2798	0.9242	-0.26
			-0.0613	-0.9685	0.2415
			-0.6048	-0.7394	-0.296
			-0.5988	-0.294	-0.745
			-0.4919	-0.8559	-0.1595
			0.0247	0.9942	0.1049
		b:
			371.9315
			-278.727
			-688.6352
			-704.5549
			-618.4759
			412.3427
	==================================================================================
	Q6:
		Shape: Polyhedra
		q_c:	516.5	354.5	399.5
		ub :	528.2934	367.3007	411.4336
		lb :	504.7066	341.6993	387.5664
		A:
			0.864	-0.4622	0.1996
			-0.1658	-0.9861	-0.0056
			-0.448	0.6556	-0.6079
			0.6425	-0.7654	0.0368
			0.7881	0.1727	0.5908
			-0.508	-0.8387	0.1961
			0.7963	0.5044	0.334
			0.5994	-0.5835	-0.5479
			-0.0814	0.6365	-0.767
			-0.7963	-0.5044	-0.334
			-0.5994	0.5835	0.5479
			0.0814	-0.6365	0.767
		b:
			369.7177
			-429.8898
			-235.1292
			82.4277
			712.5127
			-473.6103
			732.0092
			-108.6319
			-116.3438
			-715.0092
			123.6319
			129.3438


===========================================================================================
===========================================================================================
S12:
	q_c:	232.0	440.0	293.5
	ub :	242.1538	455.1052	309.8227
	lb :	224.8462	426.1571	283.1758

	==================================================================================
	Q1:
		Shape: Hybrid
		q_c:	236.0	447.0	292.5
		ub :	241.7617	452.8198	297.8875
		lb :	230.2383	441.1802	287.1125
		P^-1:
			0.0489	-0.0311	-0.0286
			-0.0311	0.149	0.1002
			-0.0286	0.1002	0.1321
		A:
			0.1392	-0.8368	-0.5296
			-0.0165	-0.6753	-0.7374
			0.5215	0.7623	-0.3834
			0.3734	-0.5272	0.7633
			0.4375	0.4184	0.796
			0.2997	-0.5406	-0.7861
		b:
			-494.9141
			-520.1571
			355.5864
			79.7198
			525.7682
			-399.5946
	==================================================================================
	Q2:
		Shape: Ellipse
		q_c:	235.0	449.0	303.5
		ub :	240.7517	454.9317	309.8227
		lb :	229.2483	443.0683	297.1773
		P^-1:
			0.0965	0.01	-0.0239
			0.01	0.0647	-0.0114
			-0.0239	-0.0114	0.0524
	==================================================================================
	Q3:
		Shape: Ellipse
		q_c:	233.5	441.5	291.5
		ub :	242.1538	449.0394	299.8242
		lb :	224.8462	433.9606	283.1758
		P^-1:
			0.0398	0.0026	0.0056
			0.0026	0.0445	0.0043
			0.0056	0.0043	0.0381
	==================================================================================
	Q4:
		Shape: Ellipse
		q_c:	236.0	445.5	290.0
		ub :	240.0935	450.605	295.0222
		lb :	231.9065	440.395	284.9778
		P^-1:
			0.2291	-0.1123	-0.117
			-0.1123	0.1549	0.1312
			-0.117	0.1312	0.221
	==================================================================================
	Q5:
		Shape: Ellipse
		q_c:	234.0	449.5	294.5
		ub :	241.3042	455.1052	301.3185
		lb :	226.6958	443.8948	287.6815
		P^-1:
			0.0533	-0.0026	0.0134
			-0.0026	0.0618	0.0037
			0.0134	0.0037	0.043
	==================================================================================
	Q6:
		Shape: Hybrid
		q_c:	230.0	430.5	305.0
		ub :	233.556	434.8429	309.4904
		lb :	226.444	426.1571	300.5096
		P^-1:
			0.1523	-0.0059	-0.0168
			-0.0059	0.0841	0.0093
			-0.0168	0.0093	0.1163
		A:
			0.4199	-0.7534	-0.5061
			0.3205	-0.8272	-0.4616
			0.9977	0.0655	0.0177
			-0.3909	0.4565	0.7992
			-0.6396	-0.7615	0.1046
			-0.1351	-0.1242	0.983
		b:
			-380.3852
			-421.3276
			264.4285
			351.9481
			-441.1089
			217.0025


===========================================================================================
===========================================================================================
S13:
	q_c:	416.0	245.5	412.0
	ub :	417.3322	247.7931	414.9134
	lb :	414.0587	244.0106	409.5467

	==================================================================================
	Q1:
		Shape: Ellipse
		q_c:	415.5	245.5	411.0
		ub :	416.9413	246.5985	412.4533
		lb :	414.0587	244.4015	409.5467
		P^-1:
			1.9078	1.1277	0.7923
			1.1277	2.4008	0.9841
			0.7923	0.9841	1.6914
	==================================================================================
	Q2:
		Shape: Polyhedra
		q_c:	416.5	247.0	411.5
		ub :	417.2539	247.6008	412.2008
		lb :	415.7461	246.3992	410.7992
		A:
			-0.1878	-0.7367	-0.6497
			-0.7241	0.6796	-0.1178
			0.2685	0.4815	0.8343
			0.2996	0.415	-0.8591
			-0.9375	-0.3131	-0.1521
			-0.4903	0.211	-0.8457
			0.8752	0.1953	0.4426
			-0.4466	-0.0259	0.8944
			0.1861	-0.9804	0.0646
			-0.8752	-0.1953	-0.4426
			0.4466	0.0259	-0.8944
			-0.1861	0.9804	-0.0646
		b:
			-527.0125
			-181.7212
			574.5815
			-125.7134
			-529.8753
			-499.5597
			595.3922
			176.1409
			-137.5836
			-594.3922
			-175.1409
			138.5836
	==================================================================================
	Q3:
		Shape: Ellipse
		q_c:	416.0	245.5	413.5
		ub :	416.6753	246.9444	414.9134
		lb :	415.3247	244.0556	412.0866
		P^-1:
			3.9251	-0.4274	0.1909
			-0.4274	1.0624	-0.0279
			0.1909	-0.0279	1.0125
	==================================================================================
	Q4:
		Shape: Polyhedra
		q_c:	415.5	245.5	412.0
		ub :	416.735	246.9894	413.8856
		lb :	414.265	244.0106	410.1144
		A:
			-0.4823	-0.8354	-0.2637
			-0.401	-0.5882	0.7023
			-0.8264	-0.5622	-0.0312
			-0.3783	0.9128	0.1542
			-0.3396	0.8102	-0.4777
			0.0043	0.9873	0.1589
			0.1378	0.3622	0.9218
			-0.9897	0.014	0.1424
			0.0387	-0.932	0.3604
			-0.1378	-0.3622	-0.9218
			0.9897	-0.014	-0.1424
			-0.0387	0.932	-0.3604
		b:
			-512.9271
			-20.5968
			-493.181
			131.5596
			-137.9759
			310.7651
			527.4771
			-348.1097
			-63.226
			-524.4771
			350.1097
			65.226
	==================================================================================
	Q5:
		Shape: Ellipse
		q_c:	416.5	247.0	412.5
		ub :	417.3322	247.7931	413.3565
		lb :	415.6678	246.2069	411.6435
		P^-1:
			4.0	-0.0	0.0
			-0.0	4.0	0.0
			0.0	0.0	4.0
	==================================================================================
	Q6:
		Shape: Polyhedra
		q_c:	415.5	247.0	411.5
		ub :	416.162	247.6418	412.1498
		lb :	414.838	246.3582	410.8502
		A:
			-0.2575	0.6903	-0.6762
			0.6781	-0.5206	0.5188
			0.4029	-0.8969	-0.1823
			-0.5733	-0.8188	-0.0304
			0.9393	0.2446	0.2408
			-0.5742	0.6795	-0.4568
			0.1964	0.1223	0.9729
			-0.9673	0.1864	0.1719
			-0.1603	-0.9748	0.155
			-0.1964	-0.1223	-0.9729
			0.9673	-0.1864	-0.1719
			0.1603	0.9748	-0.155
		b:
			-214.2171
			367.1623
			-128.6162
			-452.4368
			550.2484
			-258.2159
			512.6616
			-284.6559
			-243.1351
			-511.6616
			285.6559
			244.1351


===========================================================================================
===========================================================================================
S14:
	q_c:	228.5	332.5	132.5
	ub :	256.1134	349.7862	152.4947
	lb :	204.1089	320.1263	112.021

	==================================================================================
	Q1:
		Shape: Ellipse
		q_c:	240.5	332.5	124.0
		ub :	249.4128	340.8999	134.1507
		lb :	231.5872	324.1001	113.8493
		P^-1:
			0.0382	-0.0323	-0.0163
			-0.0323	0.0769	0.031
			-0.0163	0.031	0.0342
	==================================================================================
	Q2:
		Shape: Hybrid
		q_c:	225.0	342.5	127.5
		ub :	234.2696	349.7862	132.0696
		lb :	215.7304	335.2138	122.9304
		P^-1:
			0.0343	-0.0391	-0.0048
			-0.0391	0.0885	0.0087
			-0.0048	0.0087	0.0646
		A:
			-0.0338	0.7711	-0.6358
			0.6686	-0.7165	0.1989
			-0.7789	0.5684	0.265
			0.1491	-0.6027	-0.7839
			-0.502	0.8048	0.3166
			-0.2447	0.9463	0.2113
		b:
			178.3886
			-67.3194
			56.2122
			-270.6739
			204.6441
			297.9571
	==================================================================================
	Q3:
		Shape: Polyhedra
		q_c:	229.0	337.5	134.5
		ub :	238.3311	346.4267	142.0992
		lb :	219.6689	328.5733	126.9008
		A:
			-0.8875	0.0828	0.4532
			-0.5796	0.6561	-0.4833
			-0.8064	-0.1942	0.5585
			0.3402	0.1796	-0.923
			-0.9123	0.3759	-0.1626
			-0.8641	-0.3167	0.3911
			0.909	0.0583	0.4128
			-0.4011	-0.1477	0.9041
			0.1137	-0.9873	-0.1109
			-0.909	-0.0583	-0.4128
			0.4011	0.1477	-0.9041
			-0.1137	0.9873	0.1109
		b:
			-108.5234
			31.2077
			-169.927
			18.4026
			-96.3728
			-246.3317
			290.8505
			-16.1096
			-314.0957
			-275.8505
			24.1096
			330.0957
	==================================================================================
	Q4:
		Shape: Polyhedra
		q_c:	245.5	327.0	119.0
		ub :	256.1134	333.8737	125.979
		lb :	234.8866	320.1263	112.021
		A:
			0.3154	-0.9212	0.2281
			0.7699	-0.5853	-0.2542
			0.5174	-0.7532	0.4062
			0.1772	-0.4807	-0.8588
			0.7078	-0.2489	0.6611
			0.3941	0.0576	0.9173
			0.137	0.9655	0.2213
			0.9814	-0.1019	-0.1627
			-0.1345	0.2395	-0.9615
			-0.137	-0.9655	-0.2213
			-0.9814	0.1019	0.1627
			0.1345	-0.2395	0.9615
		b:
			-190.9391
			-24.1027
			-64.5684
			-210.2694
			177.8536
			229.676
			380.6928
			197.7438
			-64.6334
			-370.6928
			-178.7438
			73.6334
	==================================================================================
	Q5:
		Shape: Hybrid
		q_c:	230.5	335.5	147.0
		ub :	239.1676	342.8264	152.4947
		lb :	221.8324	328.1736	141.5053
		P^-1:
			0.0139	0.0001	0.0005
			0.0001	0.0205	-0.001
			0.0005	-0.001	0.0399
		A:
			0.1036	-0.0427	-0.9937
			0.6739	0.7366	0.0575
			-0.4108	-0.6702	0.6182
			-0.1204	0.4814	-0.8682
			0.4729	-0.8017	-0.3657
			-0.3772	0.5273	-0.7614
		b:
			-133.9547
			416.1134
			-224.5902
			9.1279
			-209.0026
			-18.3929
	==================================================================================
	Q6:
		Shape: Ellipse
		q_c:	214.5	336.5	137.5
		ub :	224.8911	346.9237	146.8914
		lb :	204.1089	326.0763	128.1086
		P^-1:
			0.0284	0.0071	0.0031
			0.0071	0.021	0.0068
			0.0031	0.0068	0.0341


===========================================================================================
===========================================================================================
S15:
	q_c:	183.5	524.5	119.0
	ub :	201.4582	537.5876	135.4688
	lb :	170.1647	505.0919	99.5358

	==================================================================================
	Q1:
		Shape: Hybrid
		q_c:	178.0	519.0	108.5
		ub :	185.8353	527.5458	117.4642
		lb :	170.1647	510.4542	99.5358
		P^-1:
			0.0437	0.0029	-0.0072
			0.0029	0.0339	-0.002
			-0.0072	-0.002	0.038
		A:
			-0.3145	0.9489	-0.0245
			-0.0137	0.0012	0.9999
			0.1825	0.9256	-0.3316
			-0.6308	-0.6661	0.3981
			0.6189	-0.3697	-0.693
			-0.8093	-0.5761	0.1143
		b:
			437.1157
			109.6417
			479.8727
			-412.2531
			-154.2425
			-428.1095
	==================================================================================
	Q2:
		Shape: Polyhedra
		q_c:	193.5	529.0	126.0
		ub :	201.4582	537.5876	135.0855
		lb :	185.5418	520.4124	116.9145
		A:
			-0.7287	0.3982	0.5572
			0.7816	-0.4639	-0.4171
			0.452	-0.4448	0.7732
			-0.3356	0.4045	-0.8507
			0.5617	-0.763	-0.3198
			-0.0289	0.3544	0.9347
			0.2317	0.6139	0.7546
			-0.6739	0.6607	-0.3305
			-0.7015	-0.432	0.5668
			-0.2317	-0.6139	-0.7546
			0.6739	-0.6607	0.3305
			0.7015	0.432	-0.5668
		b:
			145.1611
			-141.7437
			-46.0997
			46.5172
			-330.5862
			305.639
			470.6543
			180.9773
			-286.8437
			-458.6543
			-173.9773
			298.8437
	==================================================================================
	Q3:
		Shape: Ellipse
		q_c:	186.5	524.5	107.0
		ub :	192.3492	530.5844	111.1215
		lb :	180.6508	518.4156	102.8785
		P^-1:
			0.0499	0.0107	0.0432
			0.0107	0.0517	0.0469
			0.0432	0.0469	0.2284
	==================================================================================
	Q4:
		Shape: Ellipse
		q_c:	195.5	522.0	130.5
		ub :	199.5387	526.0536	133.9341
		lb :	191.4613	517.9464	127.0659
		P^-1:
			0.1454	0.0055	-0.0507
			0.0055	0.2323	-0.1432
			-0.0507	-0.1432	0.3379
	==================================================================================
	Q5:
		Shape: Hybrid
		q_c:	184.5	522.0	129.0
		ub :	191.0669	529.1603	135.4688
		lb :	177.9331	514.8397	122.5312
		P^-1:
			0.0602	0.021	0.0238
			0.021	0.0643	0.0204
			0.0238	0.0204	0.076
		A:
			-0.753	-0.0433	-0.6566
			0.7618	0.3157	-0.5657
			-0.0262	0.3023	0.9528
			0.8895	0.1934	-0.4141
			0.8856	0.4488	0.1197
			0.5102	-0.2428	-0.8251
		b:
			-244.1441
			235.5406
			278.1719
			214.8409
			415.4187
			-135.9378
	==================================================================================
	Q6:
		Shape: Ellipse
		q_c:	193.0	515.0	122.0
		ub :	201.4034	524.9081	129.2267
		lb :	184.5966	505.0919	114.7733
		P^-1:
			0.0316	0.0043	-0.0025
			0.0043	0.0209	0.0053
			-0.0025	0.0053	0.0383


===========================================================================================
===========================================================================================
S16:
	q_c:	458.0	286.5	55.0
	ub :	470.8818	301.552	71.1276
	lb :	445.7456	264.1083	35.2106

	==================================================================================
	Q1:
		Shape: Polyhedra
		q_c:	450.0	285.0	64.5
		ub :	454.2544	291.8459	70.8658
		lb :	445.7456	278.1541	58.1342
		A:
			-0.3668	-0.0582	0.9285
			-0.228	0.4002	0.8876
			0.7597	-0.3688	-0.5356
			0.6435	-0.5144	-0.5668
			0.5466	-0.4461	-0.7087
			0.8578	-0.2819	-0.4298
			0.7102	0.4887	0.5068
			0.0642	-0.7617	0.6447
			0.7011	-0.4253	-0.5723
			-0.7102	-0.4887	-0.5068
			-0.0642	0.7617	-0.6447
			-0.7011	0.4253	0.5723
		b:
			-118.221
			71.517
			202.9014
			107.1592
			74.255
			279.3174
			496.5514
			-141.1304
			157.8595
			-486.5514
			152.1304
			-156.8595
	==================================================================================
	Q2:
		Shape: Hybrid
		q_c:	464.0	279.5	55.5
		ub :	470.8818	284.0936	62.3779
		lb :	457.1182	274.9064	48.6221
		P^-1:
			0.0946	-0.0648	0.059
			-0.0648	0.1607	-0.0679
			0.059	-0.0679	0.0903
		A:
			0.4723	-0.7892	0.3926
			0.537	-0.6317	0.5591
			-0.2469	0.6342	-0.7327
			-0.5179	0.5565	-0.6497
			0.1155	0.8739	-0.4722
			-0.313	-0.4728	0.8237
		b:
			21.4136
			104.6873
			23.7116
			-119.6371
			273.838
			-228.1097
	==================================================================================
	Q3:
		Shape: Polyhedra
		q_c:	456.5	286.0	50.0
		ub :	462.7112	291.66	56.1222
		lb :	450.2888	280.34	43.8778
		A:
			-0.6077	0.6855	0.401
			0.0893	0.1975	0.9762
			-0.1174	-0.4126	0.9033
			-0.4085	0.1264	-0.904
			-0.2447	0.2855	-0.9266
			-0.471	0.0787	-0.8786
			0.0692	0.722	0.6884
			-0.9844	-0.0625	0.1646
			0.1618	-0.6891	0.7064
			-0.0692	-0.722	-0.6884
			0.9844	0.0625	-0.1646
			-0.1618	0.6891	-0.7064
		b:
			-56.5073
			150.1339
			-122.9654
			-191.8384
			-73.0165
			-232.5679
			277.0152
			-453.5219
			-84.8783
			-268.0152
			464.5219
			90.8783
	==================================================================================
	Q4:
		Shape: Hybrid
		q_c:	460.5	272.5	64.0
		ub :	469.2177	280.8917	71.1276
		lb :	451.7823	264.1083	56.8724
		P^-1:
			0.0378	0.0066	-0.0105
			0.0066	0.0325	-0.0091
			-0.0105	-0.0091	0.053
		A:
			-0.5057	-0.2428	-0.8279
			0.1578	-0.8095	0.5655
			-0.6689	-0.4894	0.5595
			0.9178	0.255	-0.3044
			-0.9832	-0.1822	-0.008
			-0.0003	-0.3514	-0.9362
		b:
			-348.6745
			-108.5719
			-403.3515
			475.392
			-499.72
			-152.7705
	==================================================================================
	Q5:
		Shape: Polyhedra
		q_c:	458.5	292.5	44.0
		ub :	467.9968	301.552	52.7894
		lb :	449.0032	283.448	35.2106
		A:
			0.6682	-0.6622	-0.3393
			0.6694	0.6002	0.4378
			-0.1682	0.3084	0.9363
			0.6888	0.0696	-0.7216
			-0.4522	0.5589	0.6951
			-0.9545	-0.199	0.2222
			0.6235	0.7076	0.3325
			0.6405	-0.2186	-0.7362
			-0.4482	0.672	-0.5895
			-0.6235	-0.7076	-0.3325
			-0.6405	0.2186	0.7362
			0.4482	-0.672	0.5895
		b:
			102.7807
			508.2041
			59.5881
			309.5461
			-8.076
			-480.3519
			513.9855
			202.3701
			-29.9002
			-500.9855
			-192.3701
			39.9002
	==================================================================================
	Q6:
		Shape: Polyhedra
		q_c:	459.0	278.5	50.5
		ub :	465.3964	285.3309	57.9868
		lb :	452.6036	271.6691	43.0132
		A:
			-0.4852	0.6638	-0.5692
			0.6181	0.7859	0.0183
			-0.7194	0.6565	-0.2269
			-0.7314	0.482	0.4825
			-0.6321	0.7676	-0.1066
			-0.9996	0.0135	-0.0241
			0.2689	0.723	0.6363
			0.6593	0.3435	-0.6689
			-0.7022	0.5994	-0.3843
			-0.2689	-0.723	-0.6363
			-0.6593	-0.3435	0.6689
			0.7022	-0.5994	0.3843
		b:
			-63.7692
			508.4942
			-156.2409
			-172.8697
			-78.852
			-452.3796
			361.9319
			369.4795
			-172.2792
			-351.9319
			-359.4795
			177.2792


===========================================================================================
===========================================================================================
S17:
	q_c:	254.5	72.5	462.5
	ub :	263.5276	81.3135	474.8722
	lb :	242.3171	60.6253	456.1097

	==================================================================================
	Q1:
		Shape: Ellipse
		q_c:	258.0	70.0	463.0
		ub :	263.21	71.8326	467.3093
		lb :	252.79	68.1674	458.6907
		P^-1:
			0.0696	-0.0168	-0.0439
			-0.0168	0.4395	0.0333
			-0.0439	0.0333	0.1447
	==================================================================================
	Q2:
		Shape: Hybrid
		q_c:	249.5	78.0	461.5
		ub :	253.8827	81.3135	465.8543
		lb :	245.1173	74.6865	457.1457
		P^-1:
			0.1582	0.0296	0.0467
			0.0296	0.2051	0.0341
			0.0467	0.0341	0.1577
		A:
			-0.9823	0.0818	-0.1684
			-0.37	-0.9274	-0.0547
			-0.5351	0.7762	0.3335
			0.9781	-0.0835	0.1909
			0.4144	-0.1943	0.8891
			0.6376	0.7621	-0.1131
		b:
			-314.8645
			-188.7402
			82.5337
			327.1478
			500.0185
			167.6974
	==================================================================================
	Q3:
		Shape: Hybrid
		q_c:	254.5	65.5	461.5
		ub :	257.4919	69.6162	466.8903
		lb :	251.5081	61.3838	456.1097
		P^-1:
			0.478	-0.3331	0.1152
			-0.3331	0.6242	-0.2848
			0.1152	-0.2848	0.1878
		A:
			-0.7807	-0.3894	-0.4888
			-0.6512	0.7194	-0.2418
			0.7669	-0.5653	0.304
			0.2826	-0.8167	0.5032
			0.8063	-0.3754	0.4571
			-0.3353	0.7994	-0.4986
		b:
			-446.3962
			-229.6429
			299.119
			251.3267
			393.0557
			-262.4261
	==================================================================================
	Q4:
		Shape: Hybrid
		q_c:	246.5	75.5	460.0
		ub :	250.6829	80.397	463.5173
		lb :	242.3171	70.603	456.4827
		P^-1:
			0.1138	-0.0134	0.0467
			-0.0134	0.1705	-0.1668
			0.0467	-0.1668	0.3337
		A:
			0.2425	0.3473	-0.9059
			-0.1712	-0.3666	0.9145
			0.0348	0.4014	-0.9152
			0.1521	0.1432	-0.9779
			0.8938	0.1731	0.4138
			-0.892	-0.0214	0.4515
		b:
			-329.4679
			351.9195
			-381.1889
			-399.9975
			425.8288
			-11.4054
	==================================================================================
	Q5:
		Shape: Polyhedra
		q_c:	253.5	67.0	469.5
		ub :	259.6124	72.1479	474.8722
		lb :	247.3876	61.8521	464.1278
		A:
			0.1476	-0.6899	0.7087
			0.1754	0.2204	-0.9595
			-0.4826	0.6438	0.5938
			0.0668	0.9705	-0.2319
			0.1547	-0.9338	-0.3227
			0.5999	0.4299	-0.6748
			0.7112	0.1881	0.6774
			-0.6669	-0.1242	0.7347
			0.2223	-0.9743	0.0371
			-0.7112	-0.1881	-0.6774
			0.6669	0.1242	-0.7347
			-0.2223	0.9743	-0.0371
		b:
			327.855
			-387.9313
			203.0374
			-23.0348
			-170.813
			-133.2278
			515.9184
			170.0456
			12.5042
			-505.9184
			-165.0456
			-4.5042
	==================================================================================
	Q6:
		Shape: Polyhedra
		q_c:	260.0	65.5	467.5
		ub :	263.5276	70.3747	472.6191
		lb :	256.4724	60.6253	462.3809
		A:
			0.821	0.4683	0.3267
			0.5763	-0.3108	-0.7558
			0.2108	0.9608	-0.1802
			0.8561	0.4401	-0.2709
			-0.5271	0.2418	0.8147
			0.4584	-0.7207	-0.5201
			0.4491	0.7285	0.5174
			-0.1619	0.6358	-0.7547
			-0.8787	0.2552	0.4034
			-0.4491	-0.7285	-0.5174
			0.1619	-0.6358	0.7547
			0.8787	-0.2552	-0.4034
		b:
			399.2665
			-221.5888
			36.8541
			127.2728
			262.0922
			-168.9398
			408.8432
			-349.265
			-21.1411
			-403.8432
			357.265
			25.1411


===========================================================================================
===========================================================================================
S18:
	q_c:	10.5	156.5	330.0
	ub :	28.5392	170.123	341.139
	lb :	-3.9987	142.2361	317.3922

	==================================================================================
	Q1:
		Shape: Ellipse
		q_c:	10.5	151.0	334.0
		ub :	14.1453	157.7376	339.3576
		lb :	6.8547	144.2624	328.6424
		P^-1:
			0.2051	-0.0312	0.0352
			-0.0312	0.0606	-0.0675
			0.0352	-0.0675	0.1721
	==================================================================================
	Q2:
		Shape: Hybrid
		q_c:	12.0	162.5	333.5
		ub :	18.7803	170.0443	341.139
		lb :	5.2197	154.9557	325.861
		P^-1:
			0.0331	0.0002	-0.0002
			0.0002	0.0489	-0.0147
			-0.0002	-0.0147	0.0467
		A:
			-0.4288	0.88	-0.2042
			-0.7881	0.6142	0.0405
			-0.0799	-0.9916	-0.1014
			-0.4746	0.3022	0.8267
			-0.551	0.1416	-0.8224
			0.3886	-0.9194	0.0613
		b:
			72.4084
			107.1197
			-193.0233
			322.4538
			-254.9611
			-121.4994
	==================================================================================
	Q3:
		Shape: Hybrid
		q_c:	20.5	151.0	334.0
		ub :	28.5392	159.3286	340.0676
		lb :	12.4608	142.6714	327.9324
		P^-1:
			0.0554	0.0346	0.0702
			0.0346	0.0626	0.074
			0.0702	0.074	0.1835
		A:
			-0.2053	0.3255	-0.923
			-0.1341	0.0352	-0.9903
			-0.7046	-0.3497	-0.6174
			0.359	0.0892	0.9291
			-0.8596	-0.3143	0.4029
			-0.5173	-0.2071	-0.8304
		b:
			-259.9282
			-325.7337
			-271.3497
			332.8443
			74.7457
			-317.754
	==================================================================================
	Q4:
		Shape: Ellipse
		q_c:	0.0	158.0	322.5
		ub :	3.9987	162.7596	327.6078
		lb :	-3.9987	153.2404	317.3922
		P^-1:
			0.1491	0.0271	0.0059
			0.0271	0.0915	-0.0033
			0.0059	-0.0033	0.0504
	==================================================================================
	Q5:
		Shape: Hybrid
		q_c:	7.0	150.0	332.0
		ub :	15.1384	157.7639	340.5079
		lb :	-1.1384	142.2361	323.4921
		P^-1:
			0.0395	0.0044	0.0004
			0.0044	0.0405	0.0067
			0.0004	0.0067	0.0425
		A:
			-0.8745	0.1385	0.4649
			0.7653	0.5324	0.3618
			-0.7768	-0.6218	-0.0997
			0.0111	0.6048	-0.7963
			-0.8512	-0.5208	0.0651
			-0.6851	-0.508	-0.5221
		b:
			171.7745
			207.7365
			-129.3363
			-170.4966
			-59.8725
			-251.9734
	==================================================================================
	Q6:
		Shape: Ellipse
		q_c:	16.0	165.0	333.5
		ub :	22.5796	170.123	340.7299
		lb :	9.4204	159.877	326.2701
		P^-1:
			0.1797	-0.188	0.0343
			-0.188	0.3024	-0.0337
			0.0343	-0.0337	0.0447


===========================================================================================
===========================================================================================
S19:
	q_c:	181.5	60.0	363.5
	ub :	201.2095	80.294	385.4151
	lb :	157.7832	37.367	352.9436

	==================================================================================
	Q1:
		Shape: Hybrid
		q_c:	167.5	44.0	361.5
		ub :	177.2168	50.633	370.0564
		lb :	157.7832	37.367	352.9436
		P^-1:
			0.0267	-0.0135	-0.0016
			-0.0135	0.0572	-0.0033
			-0.0016	-0.0033	0.0268
		A:
			0.249	-0.7384	0.6268
			0.9988	-0.044	0.0236
			0.2471	-0.2853	-0.926
			-0.2557	-0.6038	0.755
			-0.0514	-0.4552	-0.8889
			-0.3615	0.9001	0.2429
		b:
			238.5934
			178.3694
			-301.9962
			207.0745
			-345.841
			69.1189
	==================================================================================
	Q2:
		Shape: Ellipse
		q_c:	182.5	67.5	377.5
		ub :	191.4913	75.5664	385.4151
		lb :	173.5087	59.4336	369.5849
		P^-1:
			0.0359	-0.0009	-0.0089
			-0.0009	0.0404	-0.0055
			-0.0089	-0.0055	0.0409
	==================================================================================
	Q3:
		Shape: Polyhedra
		q_c:	175.0	54.5	363.5
		ub :	182.389	59.5381	370.9286
		lb :	167.611	49.4619	356.0714
		A:
			-0.8305	0.3231	0.4537
			-0.3624	0.5521	-0.7509
			0.4498	-0.8907	-0.0667
			0.1278	-0.8643	-0.4864
			0.1578	-0.9826	-0.0984
			-0.5641	-0.158	0.8105
			0.3725	0.897	0.2379
			0.5789	-0.0242	-0.8151
			-0.7254	0.4413	-0.5283
			-0.3725	-0.897	-0.2379
			-0.5789	0.0242	0.8151
			0.7254	-0.4413	0.5283
		b:
			42.3303
			-302.0346
			9.9325
			-197.449
			-57.9673
			192.725
			204.0525
			-190.7894
			-290.9181
			-197.0525
			201.7894
			298.9181
	==================================================================================
	Q4:
		Shape: Ellipse
		q_c:	192.0	76.5	361.0
		ub :	198.5619	80.294	368.7189
		lb :	185.4381	72.706	353.2811
		P^-1:
			0.0697	-0.0091	0.0268
			-0.0091	0.155	-0.0187
			0.0268	-0.0187	0.0407
	==================================================================================
	Q5:
		Shape: Ellipse
		q_c:	194.5	54.0	372.5
		ub :	201.2095	60.5054	379.2004
		lb :	187.7905	47.4946	365.7996
		P^-1:
			0.0781	-0.0298	-0.0025
			-0.0298	0.0818	-0.0139
			-0.0025	-0.0139	0.0537
	==================================================================================
	Q6:
		Shape: Ellipse
		q_c:	189.0	51.5	368.0
		ub :	194.3243	61.0496	377.482
		lb :	183.6757	41.9504	358.518
		P^-1:
			0.3291	0.1251	0.14
			0.1251	0.0704	0.0599
			0.14	0.0599	0.0863


===========================================================================================
===========================================================================================
S20:
	q_c:	141.0	38.5	363.5
	ub :	155.1053	61.2008	385.0729
	lb :	125.5944	24.7957	347.6224

	==================================================================================
	Q1:
		Shape: Ellipse
		q_c:	135.5	51.0	372.5
		ub :	145.4056	61.2008	380.6231
		lb :	125.5944	40.7992	364.3769
		P^-1:
			0.0245	0.0038	0.01
			0.0038	0.0156	0.0063
			0.01	0.0063	0.0435
	==================================================================================
	Q2:
		Shape: Polyhedra
		q_c:	148.0	34.0	356.5
		ub :	155.1053	43.2043	360.2249
		lb :	140.8947	24.7957	352.7751
		A:
			-0.036	-0.2395	-0.9702
			-0.6934	-0.1658	0.7012
			0.0603	0.57	-0.8194
			0.873	0.4809	0.0814
			0.0187	0.0418	0.999
			-0.9769	-0.1865	0.1041
			0.9011	0.4275	0.0725
			-0.0134	-0.1395	0.9901
			0.4334	-0.8932	-0.12
			-0.9011	-0.4275	-0.0725
			0.0134	0.1395	-0.9901
			-0.4334	0.8932	0.12
		b:
			-355.8444
			145.4047
			-259.9007
			178.5941
			363.0753
			-109.4319
			177.7333
			348.7487
			-0.9879
			-169.7333
			-343.7487
			16.9879
	==================================================================================
	Q3:
		Shape: Hybrid
		q_c:	144.5	41.0	366.5
		ub :	151.1532	47.5666	370.3861
		lb :	137.8468	34.4334	362.6139
		P^-1:
			0.0717	0.0104	-0.054
			0.0104	0.0708	0.0485
			-0.054	0.0485	0.2221
		A:
			-0.2051	0.7195	0.6635
			-0.1961	0.2239	-0.9547
			-0.3139	-0.2901	-0.904
			0.0761	-0.5958	-0.7995
			0.9924	0.0398	-0.1162
			0.2929	0.7799	0.5531
		b:
			244.9932
			-366.3001
			-386.6231
			-305.0266
			105.6336
			279.0633
	==================================================================================
	Q4:
		Shape: Ellipse
		q_c:	145.5	48.0	356.0
		ub :	152.1823	55.6076	364.3776
		lb :	138.8177	40.3924	347.6224
		P^-1:
			0.2232	-0.1828	0.0522
			-0.1828	0.231	-0.1038
			0.0522	-0.1038	0.0857
	==================================================================================
	Q5:
		Shape: Polyhedra
		q_c:	143.5	30.5	371.5
		ub :	149.5638	33.2626	376.9537
		lb :	137.4362	27.7374	366.0463
		A:
			-0.1296	-0.858	-0.497
			-0.3303	0.9339	0.1366
			0.4957	0.7942	0.3516
			0.2914	0.9324	0.2137
			0.5778	-0.5456	-0.607
			0.2036	-0.9354	0.289
			0.161	0.9767	0.1418
			0.9498	-0.1142	-0.2914
			-0.2684	0.1816	-0.946
			-0.161	-0.9767	-0.1418
			-0.9498	0.1142	0.2914
			0.2684	-0.1816	0.946
		b:
			-227.3289
			34.5371
			228.2997
			151.2646
			-155.0139
			110.6553
			107.0761
			29.5688
			-380.4279
			-104.0761
			-19.5688
			388.4279
	==================================================================================
	Q6:
		Shape: Hybrid
		q_c:	136.0	36.5	378.0
		ub :	141.8009	43.5853	385.0729
		lb :	130.1991	29.4147	370.9271
		P^-1:
			0.0844	0.0162	0.0196
			0.0162	0.0703	0.0254
			0.0196	0.0254	0.052
		A:
			0.7223	-0.3784	0.5789
			0.451	0.6989	-0.5551
			0.3595	0.9223	-0.1415
			0.9358	-0.3231	0.1408
			-0.1424	-0.9735	-0.179
			0.5735	0.6292	0.5246
		b:
			306.0239
			-119.3829
			31.8639
			171.0041
			-120.3007
			300.7795


===========================================================================================
===========================================================================================
S21:
	q_c:	303.5	257.5	395.0
	ub :	328.7949	281.473	415.2146
	lb :	281.5618	235.141	367.7236

	==================================================================================
	Q1:
		Shape: Polyhedra
		q_c:	303.0	267.5	392.0
		ub :	307.538	272.5231	394.3983
		lb :	298.462	262.4769	389.6017
		A:
			0.1502	-0.3398	-0.9284
			0.0861	-0.5264	0.8459
			0.2875	-0.1268	-0.9494
			-0.224	-0.2283	-0.9475
			-0.4116	-0.0484	-0.9101
			-0.6964	0.5025	-0.5125
			0.3756	0.0995	0.9214
			-0.7775	0.5749	0.2548
			-0.5044	-0.8121	0.2933
			-0.3756	-0.0995	-0.9214
			0.7775	-0.5749	-0.2548
			0.5044	0.8121	-0.2933
		b:
			-407.5867
			219.4599
			-316.853
			-499.574
			-493.8895
			-275.1937
			502.1183
			21.0917
			-251.1099
			-501.1183
			-15.0917
			259.1099
	==================================================================================
	Q2:
		Shape: Polyhedra
		q_c:	306.0	247.5	386.5
		ub :	318.3583	259.2688	398.1294
		lb :	293.6417	235.7312	374.8706
		A:
			0.5113	0.2704	-0.8158
			-0.1421	-0.133	0.9809
			-0.0333	-0.9187	0.3936
			0.0333	0.2969	-0.9543
			-0.2953	-0.4226	-0.8568
			0.651	-0.2821	0.7047
			0.6084	0.3337	0.7201
			-0.7759	0.4411	0.4511
			-0.1671	-0.8331	0.5272
			-0.6084	-0.3337	-0.7201
			0.7759	-0.4411	-0.4511
			0.1671	0.8331	-0.5272
		b:
			-83.294
			310.0519
			-78.6964
			-278.5977
			-520.4581
			407.7166
			551.5673
			57.0918
			-47.0482
			-542.5673
			-35.0918
			60.0482
	==================================================================================
	Q3:
		Shape: Hybrid
		q_c:	316.0	253.0	391.5
		ub :	328.7949	264.3333	398.9641
		lb :	303.2051	241.6667	384.0359
		P^-1:
			0.0469	0.0456	-0.1082
			0.0456	0.0852	-0.1514
			-0.1082	-0.1514	0.3392
		A:
			-0.3192	-0.2789	0.9057
			0.125	-0.632	0.7648
			0.7366	-0.6716	0.0797
			0.4287	0.7939	-0.4313
			0.3669	0.4229	-0.8286
			-0.3331	-0.2077	0.9197
		b:
			184.2215
			182.2043
			101.0878
			172.4864
			-100.4206
			203.7032
	==================================================================================
	Q4:
		Shape: Polyhedra
		q_c:	315.5	274.0	406.5
		ub :	324.2659	281.473	415.2146
		lb :	306.7341	266.527	397.7854
		A:
			0.36	0.9174	0.1694
			-0.3721	0.0113	0.9281
			0.3848	-0.9215	-0.0523
			-0.2564	-0.7569	0.6011
			0.5773	0.8165	-0.0052
			-0.583	-0.8123	-0.0176
			0.2762	0.7494	0.6017
			0.9535	-0.1348	-0.2697
			-0.121	0.6482	-0.7518
			-0.2762	-0.7494	-0.6017
			-0.9535	0.1348	0.2697
			0.121	-0.6482	0.7518
		b:
			437.8879
			269.2938
			-146.5963
			-37.5129
			408.7853
			-408.6752
			540.0896
			161.7305
			-159.6513
			-534.0896
			-146.7305
			172.6513
	==================================================================================
	Q5:
		Shape: Ellipse
		q_c:	289.0	253.5	392.5
		ub :	296.4382	260.5476	402.8454
		lb :	281.5618	246.4524	382.1546
		P^-1:
			0.0388	0.003	-0.0053
			0.003	0.0467	0.0089
			-0.0053	0.0089	0.0178
	==================================================================================
	Q6:
		Shape: Polyhedra
		q_c:	308.5	243.0	379.0
		ub :	319.5194	250.859	390.2764
		lb :	297.4806	235.141	367.7236
		A:
			0.645	-0.5762	0.5019
			-0.581	-0.3606	0.7296
			0.3494	-0.5377	0.7673
			-0.9625	-0.2404	-0.1255
			-0.1129	0.9836	0.1404
			-0.5546	0.8129	0.1779
			0.5238	0.7858	0.3288
			0.503	0.0262	-0.8639
			-0.6875	0.6179	-0.3816
			-0.5238	-0.7858	-0.3288
			-0.503	-0.0262	0.8639
			0.6875	-0.6179	0.3816
		b:
			255.2473
			17.7848
			274.6487
			-396.9859
			262.9288
			100.2154
			482.1641
			-157.3736
			-200.5492
			-472.1641
			174.3736
			212.5492


===========================================================================================
===========================================================================================
S22:
	q_c:	147.5	463.0	94.5
	ub :	161.0687	472.3617	108.7895
	lb :	132.2657	448.2597	85.5095

	==================================================================================
	Q1:
		Shape: Hybrid
		q_c:	148.0	463.0	92.5
		ub :	152.1299	467.8636	95.5538
		lb :	143.8701	458.1364	89.4462
		P^-1:
			0.1079	0.0128	0.0024
			0.0128	0.0667	0.008
			0.0024	0.008	0.1591
		A:
			-0.5885	-0.6481	0.4834
			0.2834	0.0686	-0.9566
			-0.9589	0.0721	0.2746
			0.3568	-0.5635	-0.7451
			-0.1423	0.4275	0.8927
			-0.2097	0.0169	-0.9776
		b:
			-340.4702
			-13.445
			-81.3061
			-275.1245
			260.9815
			-112.3317
	==================================================================================
	Q2:
		Shape: Hybrid
		q_c:	153.5	465.0	92.5
		ub :	157.6257	468.3658	95.239
		lb :	149.3743	461.6342	89.761
		P^-1:
			0.1642	0.0497	-0.2873
			0.0497	0.1337	-0.1313
			-0.2873	-0.1313	0.8758
		A:
			0.1425	0.4947	0.8573
			-0.6637	-0.6327	0.3989
			-0.1611	-0.0101	0.9869
			0.7874	0.093	-0.6094
			-0.1604	-0.0879	0.9831
			0.1325	-0.9693	-0.207
		b:
			333.2357
			-357.1257
			62.6202
			109.57
			26.1583
			-447.0333
	==================================================================================
	Q3:
		Shape: Polyhedra
		q_c:	138.5	461.5	102.5
		ub :	144.7343	467.8294	108.7895
		lb :	132.2657	455.1706	96.2105
		A:
			-0.7149	0.5027	0.4861
			-0.3782	-0.9249	0.0392
			0.4663	-0.826	-0.3166
			0.0393	0.998	-0.049
			-0.853	0.1858	0.4877
			-0.1472	0.9538	0.262
			0.6222	0.5064	0.597
			0.3737	0.4779	-0.7949
			-0.6879	0.7178	0.1081
			-0.6222	-0.5064	-0.597
			-0.3737	-0.4779	0.7949
			0.6879	-0.7178	-0.1081
		b:
			186.124
			-471.1376
			-345.9731
			464.7477
			21.2608
			450.03
			385.0746
			195.3281
			250.0577
			-377.0746
			-186.3281
			-244.0577
	==================================================================================
	Q4:
		Shape: Polyhedra
		q_c:	154.5	463.5	93.5
		ub :	161.0687	469.0629	100.1353
		lb :	147.9313	457.9371	86.8647
		A:
			-0.3568	-0.6387	-0.6818
			-0.022	-0.6104	-0.7918
			0.1294	-0.0095	0.9915
			0.6669	0.4304	0.6082
			0.7124	-0.1398	-0.6877
			0.2587	0.8094	0.5271
			0.5542	0.6203	0.5551
			-0.7877	0.1751	0.5906
			0.2691	-0.7646	0.5856
			-0.5542	-0.6203	-0.5551
			0.7877	-0.1751	-0.5906
			-0.2691	0.7646	-0.5856
		b:
			-410.8588
			-356.1942
			112.1028
			363.3741
			-14.5294
			468.4211
			429.0125
			19.1982
			-255.0563
			-421.0125
			-10.1982
			261.0563
	==================================================================================
	Q5:
		Shape: Polyhedra
		q_c:	150.0	455.0	99.0
		ub :	156.3331	461.7403	105.3707
		lb :	143.6669	448.2597	92.6293
		A:
			0.7077	-0.6298	0.3203
			0.3615	0.2524	0.8975
			-0.8441	-0.5308	-0.0762
			0.1527	-0.562	-0.8129
			-0.5014	-0.7185	-0.482
			-0.9297	-0.0489	-0.365
			0.3723	0.7548	0.5401
			0.916	-0.3926	-0.0828
			0.1495	0.5255	-0.8375
			-0.3723	-0.7548	-0.5401
			-0.916	0.3926	0.0828
			-0.1495	-0.5255	0.8375
		b:
			-143.556
			261.7302
			-371.7995
			-309.5816
			-447.2732
			-193.5256
			455.2388
			-44.4211
			184.1369
			-450.2388
			54.4211
			-173.1369
	==================================================================================
	Q6:
		Shape: Hybrid
		q_c:	140.0	469.5	89.0
		ub :	143.6251	472.3617	92.4905
		lb :	136.3749	466.6383	85.5095
		P^-1:
			0.2821	0.1264	0.0621
			0.1264	0.2908	0.0642
			0.0621	0.0642	0.1915
		A:
			-0.9494	0.2675	0.1647
			-0.5804	0.3169	-0.7502
			-0.9982	-0.0591	-0.013
			-0.2204	0.7327	0.6439
			-0.0502	0.8451	0.5322
			0.9509	-0.0384	0.3071
		b:
			8.9664
			2.3862
			-167.3408
			371.9215
			438.4246
			143.7383


===========================================================================================
===========================================================================================
S23:
	q_c:	131.0	237.5	54.0
	ub :	160.6707	261.4549	87.3911
	lb :	111.0889	216.497	28.9463

	==================================================================================
	Q1:
		Shape: Hybrid
		q_c:	126.5	247.5	40.0
		ub :	135.2757	256.975	45.8852
		lb :	117.7243	238.025	34.1148
		P^-1:
			0.0387	-0.0035	-0.0216
			-0.0035	0.0331	-0.0254
			-0.0216	-0.0254	0.0971
		A:
			-0.1649	-0.9829	-0.0818
			-0.7805	0.0492	0.6233
			0.9426	-0.2614	-0.2077
			0.4427	0.1683	-0.8807
			-0.2347	0.1449	0.9612
			-0.8846	0.2418	0.3986
		b:
			-262.0269
			-59.0927
			49.6825
			64.0629
			47.1055
			-33.0155
	==================================================================================
	Q2:
		Shape: Polyhedra
		q_c:	119.0	236.0	65.0
		ub :	126.9111	245.2129	73.2846
		lb :	111.0889	226.7871	56.7154
		A:
			0.8492	0.3817	-0.3649
			-0.6344	-0.3097	0.7083
			0.1694	0.8789	-0.4459
			-0.7213	0.2407	0.6494
			-0.9541	-0.175	0.2429
			-0.5317	-0.2376	0.813
			0.2812	0.6363	0.7183
			0.7629	-0.6023	0.2348
			0.5821	0.482	-0.6549
			-0.2812	-0.6363	-0.7183
			-0.7629	0.6023	-0.2348
			-0.5821	-0.482	0.6549
		b:
			171.0561
			-99.3723
			202.7955
			17.8898
			-134.8666
			-62.9825
			237.3316
			-30.5869
			143.4532
			-223.3316
			41.5869
			-137.4532
	==================================================================================
	Q3:
		Shape: Ellipse
		q_c:	119.5	224.5	48.5
		ub :	126.6861	232.503	56.5587
		lb :	112.3139	216.497	40.4413
		P^-1:
			0.0874	-0.0344	-0.0188
			-0.0344	0.0422	0.0102
			-0.0188	0.0102	0.023
	==================================================================================
	Q4:
		Shape: Ellipse
		q_c:	144.0	252.0	71.0
		ub :	160.6707	261.4549	87.3911
		lb :	127.3293	242.5451	54.6089
		P^-1:
			0.0078	-0.0037	-0.0007
			-0.0037	0.0267	0.0026
			-0.0007	0.0026	0.0078
	==================================================================================
	Q5:
		Shape: Hybrid
		q_c:	138.5	245.5	58.0
		ub :	144.9325	251.1642	65.6767
		lb :	132.0675	239.8358	50.3233
		P^-1:
			0.1158	0.0348	0.0339
			0.0348	0.1321	-0.0208
			0.0339	-0.0208	0.0436
		A:
			0.1533	-0.8077	0.5693
			-0.242	0.967	-0.0793
			-0.9136	-0.2823	-0.2928
			-0.0787	-0.8094	0.582
			-0.0046	0.9165	-0.4
			0.0099	-0.5248	-0.8511
		b:
			-142.1492
			201.4925
			-211.37
			-173.7054
			202.7425
			-171.7531
	==================================================================================
	Q6:
		Shape: Polyhedra
		q_c:	133.0	239.0	39.0
		ub :	143.515	248.5826	49.0537
		lb :	122.485	229.4174	28.9463
		A:
			0.8468	0.3342	-0.4139
			-0.6569	0.4071	0.6346
			0.5158	-0.7972	-0.3138
			-0.4229	-0.7124	-0.56
			-0.6918	0.6574	0.2987
			0.0959	0.9798	-0.1755
			0.0709	0.8276	0.5568
			0.0221	0.5568	-0.8304
			-0.9972	0.0712	0.0212
			-0.0709	-0.8276	-0.5568
			-0.0221	-0.5568	0.8304
			0.9972	-0.0712	-0.0212
		b:
			185.8757
			42.8149
			-126.9845
			-242.4524
			84.9572
			246.9897
			233.941
			112.1317
			-104.7933
			-223.941
			-95.1317
			124.7933


===========================================================================================
===========================================================================================
S24:
	q_c:	178.5	127.5	516.5
	ub :	198.7755	143.1682	538.393
	lb :	170.497	108.5887	501.736

	==================================================================================
	Q1:
		Shape: Polyhedra
		q_c:	186.5	135.5	512.5
		ub :	194.4803	143.1682	517.3807
		lb :	178.5197	127.8318	507.6193
		A:
			-0.5571	0.7731	0.3033
			-0.8386	-0.4536	-0.3017
			0.1692	-0.049	-0.9844
			0.2242	0.3374	0.9143
			0.2457	-0.5182	-0.8192
			-0.0116	0.949	-0.3149
			0.2354	0.4878	0.8406
			0.5066	0.6765	-0.5345
			-0.8294	0.5516	-0.0879
			-0.2354	-0.4878	-0.8406
			-0.5066	-0.6765	0.5345
			0.8294	-0.5516	0.0879
		b:
			161.5504
			-368.2435
			-476.2227
			558.2552
			-440.9805
			-29.7141
			542.8115
			-82.7757
			-118.9684
			-538.8115
			92.7757
			130.9684
	==================================================================================
	Q2:
		Shape: Polyhedra
		q_c:	182.0	123.5	530.5
		ub :	190.4641	131.9615	538.393
		lb :	173.5359	115.0385	522.607
		A:
			0.2383	0.6838	0.6896
			-0.5364	0.8274	0.1666
			-0.6064	-0.6223	-0.4949
			0.7721	0.1738	0.6113
			0.6353	-0.2222	0.7396
			-0.2001	0.8625	-0.4648
			0.4287	0.7813	0.4537
			-0.7984	0.5626	-0.2146
			-0.4229	-0.2702	0.8649
			-0.4287	-0.7813	-0.4537
			0.7984	-0.5626	0.2146
			0.4229	0.2702	-0.8649
		b:
			499.1249
			98.0602
			-444.3204
			491.5535
			485.6354
			-171.3925
			420.6969
			-184.6556
			353.4951
			-409.6969
			194.6556
			-343.4951
	==================================================================================
	Q3:
		Shape: Polyhedra
		q_c:	176.5	118.5	512.5
		ub :	182.503	127.4041	521.1306
		lb :	170.497	109.5959	503.8694
		A:
			0.0557	-0.9175	-0.3939
			0.8371	-0.1993	0.5094
			-0.3115	-0.2058	0.9277
			0.519	0.389	0.7611
			0.8348	0.4742	-0.2798
			-0.9102	-0.4091	0.0644
			0.8755	0.1287	0.4657
			-0.4575	0.5312	0.7131
			-0.1556	-0.8374	0.524
			-0.8755	-0.1287	-0.4657
			0.4575	-0.5312	-0.7131
			0.1556	0.8374	-0.524
		b:
			-295.1707
			388.8062
			402.1399
			531.4097
			65.5273
			-171.5562
			411.4696
			352.6853
			148.8389
			-405.4696
			-342.6853
			-134.8389
	==================================================================================
	Q4:
		Shape: Polyhedra
		q_c:	188.0	117.5	510.0
		ub :	196.0603	126.4113	518.264
		lb :	179.9397	108.5887	501.736
		A:
			0.9858	-0.1444	0.086
			0.1707	0.2638	-0.9494
			0.154	-0.5267	0.836
			0.5307	0.2159	-0.8196
			-0.4148	-0.7433	0.5248
			0.7976	0.2768	-0.5359
			0.0522	0.5795	0.8133
			0.3288	0.759	-0.562
			-0.9429	0.2967	-0.151
			-0.0522	-0.5795	-0.8133
			-0.3288	-0.759	0.562
			0.9429	-0.2967	0.151
		b:
			218.6578
			-415.8795
			398.8145
			-287.5554
			107.3547
			-85.2566
			498.1752
			-130.5957
			-212.8973
			-487.1752
			140.5957
			225.8973
	==================================================================================
	Q5:
		Shape: Polyhedra
		q_c:	192.5	117.0	521.5
		ub :	198.7755	124.1004	525.5803
		lb :	186.2245	109.8996	517.4197
		A:
			-0.4973	-0.0496	-0.8662
			0.87	-0.493	-0.0044
			0.9355	-0.2089	-0.2849
			0.1714	-0.4355	-0.8837
			-0.3929	0.1407	0.9087
			-0.9154	-0.3863	0.1132
			0.8758	0.2994	0.3787
			-0.3728	-0.0791	0.9246
			0.3068	-0.9508	0.0424
			-0.8758	-0.2994	-0.3787
			0.3728	0.0791	-0.9246
			-0.3068	0.9508	-0.0424
		b:
			-549.6704
			112.6057
			11.2235
			-475.2448
			417.5073
			-158.6301
			405.1031
			403.6452
			-24.1048
			-397.1031
			-398.6452
			36.1048
	==================================================================================
	Q6:
		Shape: Polyhedra
		q_c:	185.5	125.5	528.5
		ub :	193.3078	133.1953	536.0151
		lb :	177.6922	117.8047	520.9849
		A:
			-0.2697	0.6689	0.6927
			-0.778	-0.6283	0.0025
			0.4536	-0.4074	0.7926
			0.3081	-0.5444	-0.7801
			0.2769	-0.8427	-0.4617
			0.9728	-0.0573	0.2246
			0.4666	0.5453	0.6963
			0.7109	0.2372	-0.6621
			-0.5262	0.804	-0.277
			-0.4666	-0.5453	-0.6963
			-0.7109	-0.2372	0.6621
			0.5262	-0.804	0.277
		b:
			404.7766
			-217.3101
			456.8496
			-418.8158
			-293.4787
			296.7045
			528.009
			-184.2887
			-138.1144
			-518.009
			192.2887
			148.1144


===========================================================================================
===========================================================================================
S25:
	q_c:	403.0	23.0	373.0
	ub :	423.5561	51.5471	395.7856
	lb :	383.662	-7.0925	349.9483

	==================================================================================
	Q1:
		Shape: Hybrid
		q_c:	399.0	13.0	389.0
		ub :	407.7341	21.4673	395.7856
		lb :	390.2659	4.5327	382.2144
		P^-1:
			0.0398	-0.0004	-0.0126
			-0.0004	0.0395	-0.0104
			-0.0126	-0.0104	0.051
		A:
			0.5361	-0.7417	0.403
			-0.4817	0.2552	0.8384
			0.2408	-0.3868	0.8902
			-0.687	-0.3553	0.6338
			0.2309	0.0243	-0.9727
			-0.8944	-0.416	-0.1641
		b:
			363.9676
			139.7375
			440.0218
			-29.9876
			-283.543
			-422.4919
	==================================================================================
	Q2:
		Shape: Hybrid
		q_c:	393.0	41.5	383.0
		ub :	402.338	49.7739	391.0903
		lb :	383.662	33.2261	374.9097
		P^-1:
			0.0379	0.0195	-0.0019
			0.0195	0.0467	0.0048
			-0.0019	0.0048	0.0314
		A:
			0.5865	-0.4345	0.6835
			-0.5678	-0.5	-0.6539
			0.2796	-0.8932	-0.3522
			-0.5488	-0.7006	-0.4561
			-0.0361	-0.6588	-0.7515
			0.0926	-0.7309	-0.6762
		b:
			479.0775
			-491.4849
			-58.3655
			-417.1168
			-326.3222
			-249.7564
	==================================================================================
	Q3:
		Shape: Hybrid
		q_c:	401.5	40.5	359.5
		ub :	411.3875	51.5471	369.0517
		lb :	391.6125	29.4529	349.9483
		P^-1:
			0.0469	-0.017	-0.0268
			-0.017	0.0278	0.0157
			-0.0268	0.0157	0.0425
		A:
			0.4009	-0.9066	-0.1322
			-0.5332	0.0221	0.8457
			-0.6857	-0.3027	0.662
			-0.6627	0.5806	0.473
			0.2689	-0.6789	-0.6832
			-0.5179	-0.8488	-0.1063
		b:
			80.7885
			93.6928
			-45.7696
			-70.4552
			-162.152
			-274.8148
	==================================================================================
	Q4:
		Shape: Polyhedra
		q_c:	409.0	4.5	367.0
		ub :	420.1502	16.0925	378.1932
		lb :	397.8498	-7.0925	355.8068
		A:
			0.819	-0.2689	-0.5069
			0.4017	-0.7603	-0.5104
			0.4073	-0.83	-0.3811
			-0.3759	-0.1722	-0.9105
			0.7398	-0.5242	0.4218
			-0.5745	0.815	0.0756
			0.6383	0.7425	0.2032
			0.7516	-0.6582	0.0441
			0.1665	0.1246	-0.9781
			-0.6383	-0.7425	-0.2032
			-0.7516	0.6582	-0.0441
			-0.1665	-0.1246	0.9781
		b:
			154.2193
			-19.6697
			29.3506
			-479.1731
			459.9215
			-199.1209
			349.9976
			324.1018
			-281.3195
			-327.9976
			-317.1018
			299.3195
	==================================================================================
	Q5:
		Shape: Ellipse
		q_c:	410.0	26.5	378.5
		ub :	420.4228	36.2912	387.0935
		lb :	399.5772	16.7088	369.9065
		P^-1:
			0.0286	-0.0183	-0.0001
			-0.0183	0.0332	-0.0008
			-0.0001	-0.0008	0.0177
	==================================================================================
	Q6:
		Shape: Polyhedra
		q_c:	416.5	5.5	374.0
		ub :	423.5561	10.9739	385.4332
		lb :	409.4439	0.0261	362.5668
		A:
			0.5599	-0.8148	0.15
			-0.6963	0.5763	-0.4279
			0.7096	-0.6552	0.2592
			0.3166	0.9482	-0.0255
			0.4474	-0.8826	0.1443
			0.8097	-0.554	0.1935
			0.7849	0.6101	0.1083
			0.5701	-0.7796	0.2593
			0.2426	-0.1417	-0.9597
			-0.7849	-0.6101	-0.1083
			-0.5701	0.7796	-0.2593
			-0.2426	0.1417	0.9597
		b:
			286.7285
			-444.3493
			390.5794
			131.3486
			237.4317
			408.8082
			375.2835
			331.6388
			-247.6628
			-366.2835
			-328.6388
			269.6628


===========================================================================================
===========================================================================================
