3D_35_20_6_a                l = 3

===========================================================================================
===========================================================================================
S1:
	q_c:    458.5000    27.0000    399.0000
	ub :    461.0000    38.0000    414.0000
	lb :    456.0000    16.0000    384.0000

	==================================================================================
	Q1:
		Shape: Hybrid
		q_c:    461.5000    26.5000    398.5000
		ub :    463.6847    28.7875    400.6133
		lb :    459.3153    24.2125    396.3867
		P^-1: 
			    0.7280    0.1190    0.2509
			    0.1190    0.4944    0.1053
			    0.2509    0.1053    0.6665
		A:
			    -0.7585    -0.2064    0.6181
			    -0.9626    0.2397    0.1259
			    -0.0331    0.1285    -0.9912
			    -0.3543    0.5371    0.7655
			    0.5348    0.1397    0.8333
			    -0.6783    0.7310    0.0743
		b:
			    -108.2328
			    -386.8634
			    -406.0077
			    156.7281
			    583.1707
			    -263.1175
	==================================================================================
	Q2:
		Shape: Hybrid
		q_c:    461.0000    30.0000    397.5000
		ub :    462.5551    31.4996    399.3542
		lb :    459.4449    28.5004    395.6458
		P^-1: 
			    2.4914    1.3007    1.1226
			    1.3007    1.8100    0.5019
			    1.1226    0.5019    1.1431
		A:
			    0.5367    0.6909    0.4844
			    0.4173    0.7143    0.5619
			    -0.9490    -0.3093    0.0616
			    0.5522    0.7905    0.2649
			    -0.2692    -0.6861    0.6758
			    0.5451    0.1660    0.8218
		b:
			    461.0516
			    437.6360
			    -421.6328
			    383.9351
			    124.7836
			    583.4697
	==================================================================================
	Q3:
		Shape: Polyhedra
		q_c:    461.0000    26.5000    398.5000
		ub :    463.2008    29.0334    400.9680
		lb :    458.7992    23.9666    396.0320
		A:
			    -0.3651    -0.8579    -0.3617
			    -0.2638    -0.3693    0.8911
			    -0.0605    0.9786    -0.1966
			    0.3653    -0.2009    0.9089
			    0.1201    0.3428    -0.9317
			    0.6062    0.7853    -0.1258
			    0.1120    0.7233    0.6814
			    0.4917    0.5555    -0.6705
			    -0.8635    0.4101    -0.2935
			    -0.1120    -0.7233    -0.6814
			    -0.4917    -0.5555    0.6705
			    0.8635    -0.4101    0.2935
		b:
			    -333.6431
			    225.1862
			    -78.8022
			    526.8040
			    -305.3178
			    251.6309
			    343.8055
			    -24.3155
			    -502.6687
			    -340.8055
			    27.3155
			    505.6687
	==================================================================================
	Q4:
		Shape: Polyhedra
		q_c:    460.5000    25.0000    400.0000
		ub :    462.0760    26.4228    401.5046
		lb :    458.9240    23.5772    398.4954
		A:
			    0.3441    0.6862    0.6409
			    0.5880    0.8082    -0.0308
			    0.8372    -0.0529    0.5443
			    0.7069    -0.6747    -0.2124
			    -0.4334    0.9009    -0.0222
			    0.8046    -0.5937    0.0136
			    0.4101    0.1227    0.9037
			    0.3071    0.9145    -0.2635
			    -0.8588    0.3856    0.3373
			    -0.4101    -0.1227    -0.9037
			    -0.3071    -0.9145    0.2635
			    0.8588    -0.3856    -0.3373
		b:
			    432.9594
			    279.6727
			    602.9386
			    224.7083
			    -184.9595
			    362.1180
			    554.4203
			    59.8824
			    -249.8867
			    -552.4203
			    -57.8824
			    251.8867
	==================================================================================
	Q5:
		Shape: Hybrid
		q_c:    461.0000    26.0000    400.0000
		ub :    462.9307    27.3843    401.9586
		lb :    459.0693    24.6157    398.0414
		P^-1: 
			    0.6616    -0.0320    -0.2692
			    -0.0320    0.9970    -0.0254
			    -0.2692    -0.0254    0.7859
		A:
			    0.4659    -0.5121    -0.7216
			    -0.1661    0.9294    0.3295
			    -0.0149    -0.1947    -0.9808
			    -0.3100    -0.8327    0.4588
			    -0.0525    -0.6278    0.7766
			    0.7302    0.2831    -0.6218
		b:
			    -86.6784
			    79.9125
			    -403.5103
			    19.4578
			    270.7214
			    95.8028
	==================================================================================
	Q6:
		Shape: Polyhedra
		q_c:    458.0000    27.0000    397.5000
		ub :    459.8119    28.1869    399.1191
		lb :    456.1881    25.8131    395.8809
		A:
			    -0.4951    0.3957    -0.7735
			    0.7017    0.4826    0.5241
			    0.1024    0.9525    0.2869
			    -0.2504    -0.8479    0.4673
			    -0.2806    -0.9172    -0.2827
			    -0.5925    0.7992    0.1014
			    0.4268    0.5607    0.7096
			    -0.3438    0.8263    -0.4461
			    -0.8364    -0.0535    0.5454
			    -0.4268    -0.5607    -0.7096
			    0.3438    -0.8263    0.4461
			    0.8364    0.0535    -0.5454
		b:
			    -522.6512
			    543.4239
			    187.3939
			    49.2895
			    -264.9610
			    -208.3270
			    493.1742
			    -311.4726
			    -166.2268
			    -492.1742
			    313.4726
			    169.2268


===========================================================================================
===========================================================================================
S2:
	q_c:    28.0000    254.5000    372.0000
	ub :    42.0000    280.0000    390.0000
	lb :    14.0000    229.0000    354.0000

	==================================================================================
	Q1:
		Shape: Ellipse
		q_c:    28.5000    262.5000    369.5000
		ub :    36.8591    268.5677    378.0967
		lb :    20.1409    256.4323    360.9033
		P^-1: 
			    0.0727    -0.0637    0.0160
			    -0.0637    0.1061    -0.0196
			    0.0160    -0.0196    0.0253
	==================================================================================
	Q2:
		Shape: Hybrid
		q_c:    37.5000    252.0000    366.5000
		ub :    49.6582    264.0822    376.1512
		lb :    25.3418    239.9178    356.8488
		P^-1: 
			    0.0178    0.0000    -0.0000
			    0.0000    0.0178    -0.0000
			    -0.0000    -0.0000    0.0178
		A:
			    -0.1126    0.6322    -0.7666
			    -0.0457    -0.9612    0.2721
			    0.2450    -0.5746    0.7809
			    -0.0301    0.2137    -0.9764
			    -0.4228    -0.5022    -0.7544
			    -0.8117    -0.5566    -0.1768
		b:
			    -122.1224
			    -140.4540
			    154.3195
			    -301.3912
			    -415.1309
			    -231.7639
	==================================================================================
	Q3:
		Shape: Polyhedra
		q_c:    20.0000    238.5000    374.5000
		ub :    27.9526    245.6382    383.4348
		lb :    12.0474    231.3618    365.5652
		A:
			    -0.3594    0.6052    -0.7103
			    0.4247    0.9032    0.0620
			    -0.5522    -0.7893    -0.2686
			    0.9041    0.1983    0.3786
			    0.5080    0.4855    0.7115
			    0.4491    0.4544    0.7693
			    0.5991    0.7133    0.3637
			    0.3409    -0.6383    0.6902
			    0.7245    -0.2896    -0.6255
			    -0.5991    -0.7133    -0.3637
			    -0.3409    0.6383    -0.6902
			    -0.7245    0.2896    0.6255
		b:
			    -122.8545
			    250.0886
			    -297.7347
			    211.0676
			    395.5357
			    408.9378
			    320.3115
			    119.0848
			    -282.3289
			    -316.3115
			    -107.0848
			    295.3289
	==================================================================================
	Q4:
		Shape: Hybrid
		q_c:    24.0000    259.0000    365.0000
		ub :    32.2781    268.0190    375.9302
		lb :    15.7219    249.9810    354.0698
		P^-1: 
			    0.0633    -0.0395    0.0053
			    -0.0395    0.0720    -0.0196
			    0.0053    -0.0196    0.0212
		A:
			    0.8580    -0.4472    -0.2527
			    -0.8119    -0.2352    0.5343
			    -0.6133    0.7509    -0.2452
			    0.8237    0.5632    -0.0667
			    0.8053    -0.5319    0.2619
			    -0.2260    0.9656    -0.1286
		b:
			    -184.7912
			    118.5770
			    91.7761
			    146.0187
			    -20.7887
			    200.3607
	==================================================================================
	Q5:
		Shape: Hybrid
		q_c:    17.5000    249.0000    369.0000
		ub :    23.7164    257.6537    377.7967
		lb :    11.2836    240.3463    360.2033
		P^-1: 
			    0.0695    0.0130    0.0141
			    0.0130    0.0414    0.0135
			    0.0141    0.0135    0.0344
		A:
			    0.4009    -0.3808    0.8332
			    -0.7608    0.5441    -0.3537
			    0.4005    -0.7264    -0.5585
			    -0.9416    0.0272    -0.3357
			    0.1011    -0.3403    -0.9349
			    -0.8062    -0.1563    -0.5706
		b:
			    223.8167
			    -5.0406
			    -376.7154
			    -131.4281
			    -424.2790
			    -261.4622
	==================================================================================
	Q6:
		Shape: Ellipse
		q_c:    35.0000    268.0000    376.0000
		ub :    42.2029    274.9303    381.3648
		lb :    27.7971    261.0697    370.6352
		P^-1: 
			    0.0505    -0.0130    0.0314
			    -0.0130    0.0561    -0.0388
			    0.0314    -0.0388    0.1333


===========================================================================================
===========================================================================================
S3:
	q_c:    460.5000    50.5000    266.5000
	ub :    477.0000    79.0000    283.0000
	lb :    444.0000    22.0000    250.0000

	==================================================================================
	Q1:
		Shape: Polyhedra
		q_c:    467.0000    37.5000    275.5000
		ub :    475.3156    45.5632    283.1442
		lb :    458.6844    29.4368    267.8558
		A:
			    -0.5134    0.3440    -0.7862
			    -0.6747    -0.6447    0.3593
			    0.1589    -0.9093    -0.3845
			    -0.7263    0.6408    -0.2486
			    -0.5730    0.6385    0.5138
			    0.7797    -0.5692    0.2610
			    0.0218    0.2026    0.9790
			    0.2992    0.9330    -0.1998
			    -0.9539    0.2973    -0.0402
			    -0.0218    -0.2026    -0.9790
			    -0.2992    -0.9330    0.1998
			    0.9539    -0.2973    0.0402
		b:
			    -436.8937
			    -234.7515
			    -59.9502
			    -376.9986
			    -95.4341
			    421.4523
			    294.0178
			    124.6764
			    -438.4285
			    -281.0178
			    -114.6764
			    452.4285
	==================================================================================
	Q2:
		Shape: Polyhedra
		q_c:    472.5000    40.5000    267.0000
		ub :    479.9680    47.1647    274.9511
		lb :    465.0320    33.8353    259.0489
		A:
			    -0.7242    -0.2702    -0.6345
			    0.3711    0.7469    -0.5517
			    -0.4121    -0.1143    -0.9040
			    0.0819    -0.9276    0.3646
			    -0.0026    0.5454    0.8382
			    -0.2783    -0.9605    -0.0001
			    0.0918    0.4341    0.8962
			    -0.1237    0.8980    -0.4223
			    -0.9881    -0.0721    0.1361
			    -0.0918    -0.4341    -0.8962
			    0.1237    -0.8980    0.4223
			    0.9881    0.0721    -0.1361
		b:
			    -516.3353
			    63.0777
			    -434.8226
			    102.4813
			    250.6371
			    -165.6002
			    306.2471
			    -130.8073
			    -426.9330
			    -294.2471
			    138.8073
			    439.9330
	==================================================================================
	Q3:
		Shape: Hybrid
		q_c:    453.5000    61.5000    260.0000
		ub :    464.4384    72.9891    270.1729
		lb :    442.5616    50.0109    249.8271
		P^-1: 
			    0.0273    0.0127    0.0044
			    0.0127    0.0269    -0.0018
			    0.0044    -0.0018    0.0219
		A:
			    -0.6332    -0.1055    0.7668
			    0.1512    0.6173    -0.7721
			    0.1655    -0.4935    -0.8539
			    -0.1997    -0.8154    0.5434
			    0.3567    0.1492    -0.9222
			    0.7811    0.6234    0.0359
		b:
			    -89.2598
			    -90.4727
			    -171.8212
			    4.0547
			    -64.1254
			    404.4584
	==================================================================================
	Q4:
		Shape: Polyhedra
		q_c:    459.5000    44.0000    278.0000
		ub :    468.4566    54.2709    287.7634
		lb :    450.5434    33.7291    268.2366
		A:
			    0.8651    0.1812    -0.4677
			    0.7931    0.5829    -0.1769
			    -0.7947    0.1851    0.5781
			    -0.8548    -0.5144    0.0691
			    -0.8255    -0.5524    0.1157
			    -0.9766    -0.2068    -0.0593
			    0.6230    0.5330    0.5725
			    -0.3062    0.8397    -0.4485
			    -0.7198    0.1041    0.6863
			    -0.6230    -0.5330    -0.5725
			    0.3062    -0.8397    0.4485
			    0.7198    -0.1041    -0.6863
		b:
			    280.1206
			    346.1916
			    -191.7014
			    -391.1675
			    -366.3024
			    -469.4073
			    473.8921
			    -219.9193
			    -130.8702
			    -463.8921
			    236.9193
			    139.8702
	==================================================================================
	Q5:
		Shape: Ellipse
		q_c:    455.5000    64.5000    259.5000
		ub :    468.1604    76.4999    269.6293
		lb :    442.8396    52.5001    249.3707
		P^-1: 
			    0.0209    0.0016    0.0127
			    0.0016    0.0126    0.0023
			    0.0127    0.0023    0.0311
	==================================================================================
	Q6:
		Shape: Ellipse
		q_c:    444.0000    54.0000    260.5000
		ub :    456.9050    63.0522    272.9664
		lb :    431.0950    44.9478    248.0336
		P^-1: 
			    0.0152    0.0022    0.0020
			    0.0022    0.0231    0.0001
			    0.0020    0.0001    0.0121


===========================================================================================
===========================================================================================
S4:
	q_c:    382.5000    219.5000    313.5000
	ub :    389.0000    229.0000    323.0000
	lb :    376.0000    210.0000    304.0000

	==================================================================================
	Q1:
		Shape: Ellipse
		q_c:    384.0000    216.5000    314.0000
		ub :    388.0277    220.5354    317.0054
		lb :    379.9723    212.4646    310.9946
		P^-1: 
			    0.1948    0.0074    -0.1130
			    0.0074    0.1318    0.0401
			    -0.1130    0.0401    0.3889
	==================================================================================
	Q2:
		Shape: Hybrid
		q_c:    384.5000    225.5000    319.5000
		ub :    387.5453    229.4527    323.7372
		lb :    381.4547    221.5473    315.2628
		P^-1: 
			    0.7341    -0.3311    0.2366
			    -0.3311    0.2871    -0.1258
			    0.2366    -0.1258    0.2010
		A:
			    -0.8844    0.0607    -0.4628
			    -0.7527    -0.6434    -0.1394
			    0.9805    -0.1924    -0.0393
			    0.1206    0.7153    0.6884
			    -0.4185    -0.1781    -0.8906
			    0.8274    -0.5534    -0.0953
		b:
			    -473.1948
			    -476.7550
			    322.2060
			    430.1067
			    -483.5408
			    163.9450
	==================================================================================
	Q3:
		Shape: Ellipse
		q_c:    389.0000    221.0000    308.5000
		ub :    392.8691    223.6948    312.0435
		lb :    385.1309    218.3052    304.9565
		P^-1: 
			    0.2641    0.0028    -0.1774
			    0.0028    0.2506    -0.0379
			    -0.1774    -0.0379    0.2615
	==================================================================================
	Q4:
		Shape: Polyhedra
		q_c:    386.0000    218.5000    314.0000
		ub :    388.8275    221.8716    317.2840
		lb :    383.1725    215.1284    310.7160
		A:
			    0.2575    -0.4143    -0.8730
			    0.9038    -0.4196    -0.0844
			    -0.9760    -0.1813    -0.1205
			    0.1729    -0.1053    -0.9793
			    0.6842    0.1457    0.7146
			    -0.1128    -0.4619    -0.8797
			    0.6798    0.2349    0.6947
			    -0.7181    0.4052    0.5658
			    -0.1486    -0.8835    0.4441
			    -0.6798    -0.2349    -0.6947
			    0.7181    -0.4052    -0.5658
			    0.1486    0.8835    -0.4441
		b:
			    -263.3613
			    232.5938
			    -452.4456
			    -261.8570
			    521.8247
			    -419.0000
			    533.3877
			    -9.0202
			    -108.4429
			    -530.3877
			    13.0202
			    113.4429
	==================================================================================
	Q5:
		Shape: Polyhedra
		q_c:    382.5000    216.0000    309.5000
		ub :    386.9178    218.7448    312.3555
		lb :    378.0822    213.2552    306.6445
		A:
			    -0.0364    0.6654    0.7456
			    0.6251    0.7131    -0.3174
			    0.0034    0.9792    0.2030
			    0.6836    0.7217    -0.1088
			    0.5011    0.6719    -0.5454
			    -0.3595    0.5545    0.7505
			    0.9799    0.1642    0.1135
			    0.1111    -0.9210    0.3734
			    0.1659    -0.3533    -0.9207
			    -0.9799    -0.1642    -0.1135
			    -0.1111    0.9210    -0.3734
			    -0.1659    0.3533    0.9207
		b:
			    362.5836
			    297.8992
			    277.4130
			    386.9550
			    170.5482
			    216.5938
			    449.3993
			    -39.3800
			    -295.8268
			    -441.3993
			    42.3800
			    299.8268
	==================================================================================
	Q6:
		Shape: Polyhedra
		q_c:    378.0000    224.0000    315.5000
		ub :    381.7624    228.6518    319.3833
		lb :    374.2376    219.3482    311.6167
		A:
			    -0.3681    0.9293    0.0312
			    -0.7877    -0.0393    0.6148
			    0.9253    -0.2172    0.3109
			    0.9990    -0.0306    -0.0340
			    0.7728    0.4949    -0.3973
			    0.1416    -0.8781    0.4570
			    0.4403    0.8542    0.2764
			    -0.1858    0.3878    -0.9028
			    -0.8784    0.3462    0.3295
			    -0.4403    -0.8542    -0.2764
			    0.1858    -0.3878    0.9028
			    0.8784    -0.3462    -0.3295
		b:
			    81.6293
			    -110.4380
			    401.5174
			    362.3551
			    280.4376
			    3.7997
			    448.4854
			    -265.6912
			    -148.5380
			    -441.4854
			    270.6912
			    152.5380


===========================================================================================
===========================================================================================
S5:
	q_c:    499.0000    343.0000    329.0000
	ub :    515.0000    356.0000    351.0000
	lb :    483.0000    330.0000    307.0000

	==================================================================================
	Q1:
		Shape: Ellipse
		q_c:    494.5000    336.0000    338.0000
		ub :    499.2963    342.3411    343.5215
		lb :    489.7037    329.6589    332.4785
		P^-1: 
			    0.2830    0.1438    0.1026
			    0.1438    0.1319    0.1057
			    0.1026    0.1057    0.1684
	==================================================================================
	Q2:
		Shape: Hybrid
		q_c:    504.0000    334.0000    340.0000
		ub :    512.6983    342.6186    346.0133
		lb :    495.3017    325.3814    333.9867
		P^-1: 
			    0.0369    0.0083    0.0072
			    0.0083    0.0353    0.0053
			    0.0072    0.0053    0.0580
		A:
			    0.7804    0.0241    0.6249
			    -0.0650    0.6410    -0.7648
			    -0.5628    0.0313    -0.8260
			    0.3429    -0.6234    0.7027
			    0.3570    0.5037    0.7867
			    -0.2722    0.5960    -0.7555
		b:
			    616.4396
			    -75.7001
			    -551.7134
			    206.7140
			    617.7402
			    -191.9514
	==================================================================================
	Q3:
		Shape: Hybrid
		q_c:    503.5000    336.5000    332.0000
		ub :    510.7373    343.6648    339.8363
		lb :    496.2627    329.3352    324.1637
		P^-1: 
			    0.0678    -0.0143    -0.0134
			    -0.0143    0.0666    -0.0104
			    -0.0134    -0.0104    0.0334
		A:
			    -0.0928    0.5101    -0.8551
			    0.4959    0.5611    0.6627
			    0.6172    -0.4059    -0.6740
			    0.1743    -0.9798    -0.0980
			    -0.0686    -0.2528    0.9651
			    0.3351    -0.9267    0.1703
		b:
			    -155.7121
			    663.0710
			    -46.8745
			    -272.1059
			    204.5160
			    -84.6902
	==================================================================================
	Q4:
		Shape: Polyhedra
		q_c:    490.0000    349.5000    339.5000
		ub :    494.6123    356.0721    346.1722
		lb :    485.3877    342.9279    332.8278
		A:
			    -0.8611    0.4391    0.2564
			    0.6933    0.5788    -0.4293
			    0.6516    -0.2414    -0.7191
			    0.9054    -0.2509    -0.3425
			    0.7863    -0.1429    -0.6010
			    0.1360    0.2060    0.9691
			    0.3252    0.7956    0.5112
			    -0.3641    0.6042    -0.7088
			    -0.8728    0.0444    0.4861
			    -0.3252    -0.7956    -0.5112
			    0.3641    -0.6042    0.7088
			    0.8728    -0.0444    -0.4861
		b:
			    -178.7232
			    399.3777
			    -7.0996
			    241.6273
			    132.9520
			    472.0311
			    614.9484
			    -202.3389
			    -245.5943
			    -606.9484
			    213.3389
			    248.5943
	==================================================================================
	Q5:
		Shape: Ellipse
		q_c:    509.0000    346.0000    334.5000
		ub :    517.2477    353.9337    341.9851
		lb :    500.7523    338.0663    327.0149
		P^-1: 
			    0.0299    -0.0057    0.0026
			    -0.0057    0.0679    -0.0395
			    0.0026    -0.0395    0.0742
	==================================================================================
	Q6:
		Shape: Polyhedra
		q_c:    498.0000    343.0000    326.5000
		ub :    505.7547    349.3949    334.7409
		lb :    490.2453    336.6051    318.2591
		A:
			    -0.8241    0.5658    0.0269
			    0.5972    -0.6313    0.4948
			    0.5543    -0.8311    -0.0449
			    -0.8020    0.5970    0.0187
			    -0.5605    -0.0470    0.8268
			    0.6743    -0.7364    -0.0549
			    0.6200    0.5231    0.5848
			    -0.5021    -0.3082    0.8080
			    0.6029    -0.7946    0.0716
			    -0.6200    -0.5231    -0.5848
			    0.5021    0.3082    -0.8080
			    -0.6029    0.7946    -0.0716
		b:
			    -205.1522
			    245.4769
			    -21.9694
			    -186.3284
			    -20.3977
			    66.9873
			    686.1128
			    -86.9232
			    52.5997
			    -672.1128
			    96.9232
			    -49.5997


===========================================================================================
===========================================================================================
S6:
	q_c:    46.5000    78.5000    479.5000
	ub :    66.0000    99.0000    500.0000
	lb :    27.0000    58.0000    459.0000

	==================================================================================
	Q1:
		Shape: Ellipse
		q_c:    55.5000    79.0000    483.5000
		ub :    61.4744    86.1837    490.5295
		lb :    49.5256    71.8163    476.4705
		P^-1: 
			    0.0931    0.0149    0.0263
			    0.0149    0.0465    0.0031
			    0.0263    0.0031    0.0609
	==================================================================================
	Q2:
		Shape: Polyhedra
		q_c:    54.5000    80.5000    464.5000
		ub :    59.6700    85.6144    470.4147
		lb :    49.3300    75.3856    458.5853
		A:
			    -0.0814    -0.5565    0.8268
			    -0.2428    -0.6771    -0.6947
			    -0.4559    -0.6900    -0.5621
			    0.5870    0.7348    0.3398
			    0.7220    0.4190    0.5505
			    0.9673    0.0372    0.2510
			    0.6073    0.6223    0.4939
			    -0.7759    0.3309    0.5371
			    0.1708    -0.7094    0.6838
			    -0.6073    -0.6223    -0.4939
			    0.7759    -0.3309    -0.5371
			    -0.1708    0.7094    -0.6838
		b:
			    338.9484
			    -388.1716
			    -340.1679
			    250.2158
			    330.2208
			    175.6262
			    313.5936
			    238.8308
			    273.8503
			    -311.5936
			    -228.8308
			    -265.8503
	==================================================================================
	Q3:
		Shape: Polyhedra
		q_c:    45.5000    77.5000    493.0000
		ub :    53.6509    86.4839    502.5783
		lb :    37.3491    68.5161    483.4217
		A:
			    0.8950    0.4456    0.0193
			    0.1014    -0.9946    -0.0220
			    -0.2310    0.4319    0.8719
			    0.1731    0.0098    0.9848
			    0.1379    -0.2500    0.9584
			    0.4380    0.7195    -0.5390
			    0.4948    0.6132    0.6158
			    -0.2366    0.7769    -0.5835
			    -0.8362    0.1430    0.5294
			    -0.4948    -0.6132    -0.6158
			    0.2366    -0.7769    0.5835
			    0.8362    -0.1430    -0.5294
		b:
			    90.1392
			    -77.3841
			    458.0741
			    499.9753
			    465.2096
			    -184.4572
			    379.6294
			    -232.2208
			    238.5459
			    -367.6294
			    244.2208
			    -229.5459
	==================================================================================
	Q4:
		Shape: Ellipse
		q_c:    53.0000    73.0000    482.0000
		ub :    60.9050    79.3796    489.9447
		lb :    45.0950    66.6204    474.0553
		P^-1: 
			    0.0429    -0.0410    -0.0230
			    -0.0410    0.1192    0.0436
			    -0.0230    0.0436    0.0546
	==================================================================================
	Q5:
		Shape: Ellipse
		q_c:    64.5000    61.0000    489.5000
		ub :    71.3792    68.0368    494.7731
		lb :    57.6208    53.9632    484.2269
		P^-1: 
			    0.0769    0.0391    0.0100
			    0.0391    0.0589    0.0090
			    0.0100    0.0090    0.0524
	==================================================================================
	Q6:
		Shape: Polyhedra
		q_c:    56.0000    79.5000    493.0000
		ub :    64.3384    87.1324    500.0387
		lb :    47.6616    71.8676    485.9613
		A:
			    0.9446    0.2484    0.2144
			    0.6500    -0.0126    0.7598
			    0.4628    -0.7595    0.4572
			    0.1274    -0.3276    -0.9362
			    -0.2561    -0.9344    0.2474
			    -0.2417    0.8468    -0.4738
			    0.3931    0.9157    0.0841
			    0.7154    -0.3620    0.5976
			    0.5777    -0.1748    -0.7973
			    -0.3931    -0.9157    -0.0841
			    -0.7154    0.3620    -0.5976
			    -0.5777    0.1748    0.7973
		b:
			    183.4964
			    415.0175
			    196.0415
			    -475.7688
			    38.7721
			    -174.5779
			    141.7610
			    310.9208
			    -370.1340
			    -130.7610
			    -300.9208
			    379.1340


===========================================================================================
===========================================================================================
S7:
	q_c:    353.5000    175.0000    502.5000
	ub :    361.0000    204.0000    513.0000
	lb :    346.0000    146.0000    492.0000

	==================================================================================
	Q1:
		Shape: Ellipse
		q_c:    351.0000    172.0000    497.0000
		ub :    355.2600    176.8581    502.1325
		lb :    346.7400    167.1419    491.8675
		P^-1: 
			    0.1487    -0.0388    -0.0139
			    -0.0388    0.1528    -0.0915
			    -0.0139    -0.0915    0.1579
	==================================================================================
	Q2:
		Shape: Polyhedra
		q_c:    356.0000    177.5000    496.5000
		ub :    361.3832    182.5911    502.2442
		lb :    350.6168    172.4089    490.7558
		A:
			    -0.8359    0.3927    0.3836
			    0.6055    -0.1222    -0.7864
			    0.9986    0.0521    0.0130
			    -0.2717    -0.8342    0.4799
			    -0.2802    -0.6363    0.7188
			    0.5098    0.8581    -0.0614
			    0.5141    0.5297    0.6747
			    -0.7669    -0.0685    0.6381
			    0.3842    -0.8454    0.3710
			    -0.5141    -0.5297    -0.6747
			    0.7669    0.0685    -0.6381
			    -0.3842    0.8454    -0.3710
		b:
			    -34.7859
			    -193.8697
			    374.4696
			    -3.5396
			    146.9174
			    306.9962
			    616.4980
			    34.1649
			    173.9101
			    -607.4980
			    -29.1649
			    -167.9101
	==================================================================================
	Q3:
		Shape: Ellipse
		q_c:    352.5000    168.5000    499.5000
		ub :    356.3428    172.6890    503.8304
		lb :    348.6572    164.3110    495.1696
		P^-1: 
			    0.1834    -0.0505    -0.0466
			    -0.0505    0.1788    0.0085
			    -0.0466    0.0085    0.1589
	==================================================================================
	Q4:
		Shape: Polyhedra
		q_c:    346.0000    173.5000    503.5000
		ub :    348.6470    176.2849    506.0030
		lb :    343.3530    170.7151    500.9970
		A:
			    -0.3478    0.8177    0.4587
			    -0.7071    -0.4237    0.5661
			    0.7719    -0.4865    -0.4093
			    -0.1199    0.5875    0.8003
			    -0.5199    0.5069    0.6876
			    -0.6666    0.6682    0.3304
			    0.7935    0.5179    0.3197
			    -0.0372    0.5656    -0.8239
			    -0.6075    0.6418    0.4680
			    -0.7935    -0.5179    -0.3197
			    0.0372    -0.5656    0.8239
			    0.6075    -0.6418    -0.4680
		b:
			    253.6802
			    -31.2564
			    -22.2990
			    464.9064
			    255.3189
			    52.6775
			    527.8503
			    -328.0719
			    137.8209
			    -522.8503
			    331.0719
			    -135.8209
	==================================================================================
	Q5:
		Shape: Polyhedra
		q_c:    361.0000    171.0000    502.5000
		ub :    365.2343    173.6231    506.2308
		lb :    356.7657    168.3769    498.7692
		A:
			    0.0485    0.2948    -0.9543
			    -0.0858    -0.7870    0.6110
			    0.3414    0.5620    -0.7534
			    -0.2735    -0.3901    0.8792
			    0.1988    -0.7682    -0.6086
			    -0.7472    0.6393    0.1815
			    0.8443    0.1621    0.5108
			    -0.5231    0.0420    0.8512
			    0.1166    -0.9859    0.1202
			    -0.8443    -0.1621    -0.5108
			    0.5231    -0.0420    -0.8512
			    -0.1166    0.9859    -0.1202
		b:
			    -409.3250
			    143.4902
			    -157.2312
			    278.4094
			    -363.2492
			    -66.8289
			    592.6849
			    248.0913
			    -64.0947
			    -585.6849
			    -244.0913
			    68.0947
	==================================================================================
	Q6:
		Shape: Ellipse
		q_c:    360.0000    172.5000    502.5000
		ub :    363.3486    175.6314    506.3410
		lb :    356.6514    169.3686    498.6590
		P^-1: 
			    0.1648    0.0430    -0.0200
			    0.0430    0.3092    -0.1579
			    -0.0200    -0.1579    0.2415


===========================================================================================
===========================================================================================
S8:
	q_c:    328.0000    49.0000    347.5000
	ub :    356.0000    57.0000    378.0000
	lb :    300.0000    41.0000    317.0000

	==================================================================================
	Q1:
		Shape: Ellipse
		q_c:    325.0000    49.5000    349.0000
		ub :    329.3512    54.9897    354.0090
		lb :    320.6488    44.0103    343.9910
		P^-1: 
			    0.5510    0.2108    0.4240
			    0.2108    0.1541    0.1611
			    0.4240    0.1611    0.4259
	==================================================================================
	Q2:
		Shape: Polyhedra
		q_c:    330.0000    56.0000    346.0000
		ub :    333.5577    60.6129    349.0217
		lb :    326.4423    51.3871    342.9783
		A:
			    0.1003    0.0324    -0.9944
			    0.4398    0.5446    -0.7141
			    -0.1555    0.5692    0.8073
			    -0.8660    -0.2978    0.4016
			    -0.3690    -0.7081    0.6020
			    0.7548    0.1960    0.6260
			    0.8950    0.2257    0.3847
			    0.3290    -0.9165    -0.2276
			    0.3011    0.3303    -0.8946
			    -0.8950    -0.2257    -0.3847
			    -0.3290    0.9165    0.2276
			    -0.3011    -0.3303    0.8946
		b:
			    -307.4009
			    -69.7712
			    263.1212
			    -161.7040
			    48.9709
			    478.6386
			    443.0918
			    -17.5218
			    -190.1426
			    -439.0918
			    25.5218
			    193.1426
	==================================================================================
	Q3:
		Shape: Ellipse
		q_c:    329.0000    52.0000    355.0000
		ub :    335.3615    57.1580    360.7602
		lb :    322.6385    46.8420    349.2398
		P^-1: 
			    0.0664    0.0075    -0.0019
			    0.0075    0.0767    -0.0037
			    -0.0019    -0.0037    0.0634
	==================================================================================
	Q4:
		Shape: Polyhedra
		q_c:    322.0000    45.0000    355.5000
		ub :    325.5348    48.8167    359.3537
		lb :    318.4652    41.1833    351.6463
		A:
			    0.8270    -0.4220    -0.3714
			    -0.4335    -0.5416    -0.7202
			    0.6326    0.2550    0.7313
			    0.2053    -0.8363    -0.5083
			    -0.2714    -0.6779    -0.6832
			    0.4850    0.6782    -0.5522
			    0.0539    0.6509    0.7572
			    -0.1560    0.7545    -0.6375
			    -0.9863    -0.0838    0.1423
			    -0.0539    -0.6509    -0.7572
			    0.1560    -0.7545    0.6375
			    0.9863    0.0838    -0.1423
		b:
			    118.0659
			    -417.8084
			    477.6330
			    -150.0553
			    -358.7166
			    -6.6255
			    317.8401
			    -239.9250
			    -267.7798
			    -313.8401
			    245.9250
			    273.7798
	==================================================================================
	Q5:
		Shape: Polyhedra
		q_c:    327.0000    43.0000    352.0000
		ub :    331.1597    46.8160    356.1867
		lb :    322.8403    39.1840    347.8133
		A:
			    0.6954    -0.4408    -0.5675
			    -0.3668    -0.8371    0.4058
			    -0.0344    -0.3926    0.9191
			    0.6680    -0.5943    -0.4479
			    0.5275    0.6303    0.5696
			    -0.6824    0.7255    0.0896
			    0.5536    0.6095    0.5674
			    0.7143    0.0028    -0.6998
			    -0.4282    0.7927    -0.4339
			    -0.5536    -0.6095    -0.5674
			    -0.7143    -0.0028    0.6998
			    0.4282    -0.7927    0.4339
		b:
			    10.8122
			    -10.5993
			    297.7001
			    37.4479
			    403.0859
			    -158.0302
			    409.9739
			    -10.6459
			    -256.1394
			    -403.9739
			    14.6459
			    261.1394
	==================================================================================
	Q6:
		Shape: Ellipse
		q_c:    335.0000    52.0000    346.0000
		ub :    338.6554    56.4239    349.5445
		lb :    331.3446    47.5761    342.4555
		P^-1: 
			    0.1102    -0.0051    0.0009
			    -0.0051    0.0834    0.0047
			    0.0009    0.0047    0.1103


===========================================================================================
===========================================================================================
S9:
	q_c:    292.0000    227.0000    29.5000
	ub :    304.0000    237.0000    59.0000
	lb :    280.0000    217.0000    0.0000

	==================================================================================
	Q1:
		Shape: Polyhedra
		q_c:    289.5000    232.0000    36.0000
		ub :    294.9318    236.7641    42.3155
		lb :    284.0682    227.2359    29.6845
		A:
			    0.5961    -0.7204    0.3545
			    0.1134    0.9524    -0.2829
			    -0.7630    0.6462    0.0192
			    0.6606    0.7213    0.2081
			    0.8777    -0.2947    0.3779
			    -0.5019    0.7980    -0.3335
			    0.3340    0.5267    0.7817
			    -0.5778    0.7696    -0.2717
			    -0.7447    -0.3609    0.5614
			    -0.3340    -0.5267    -0.7817
			    0.5778    -0.7696    0.2717
			    0.7447    0.3609    -0.5614
		b:
			    19.2781
			    246.6994
			    -68.4031
			    370.5562
			    201.9139
			    28.9296
			    251.5248
			    2.4851
			    -274.6179
			    -242.5248
			    -0.4851
			    283.6179
	==================================================================================
	Q2:
		Shape: Hybrid
		q_c:    303.0000    225.0000    32.0000
		ub :    311.8461    233.4282    38.5862
		lb :    294.1539    216.5718    25.4138
		P^-1: 
			    0.0240    0.0092    -0.0012
			    0.0092    0.0438    -0.0037
			    -0.0012    -0.0037    0.0420
		A:
			    0.0457    -0.4182    0.9072
			    0.1292    0.8808    0.4555
			    -0.5221    -0.0358    0.8522
			    0.7053    0.5999    0.3777
			    -0.4786    -0.7534    -0.4509
			    0.7773    0.6275    -0.0453
		b:
			    -48.6433
			    254.6143
			    -135.8399
			    363.8185
			    -326.2924
			    378.2906
	==================================================================================
	Q3:
		Shape: Polyhedra
		q_c:    295.0000    227.0000    37.5000
		ub :    302.3588    233.7986    46.3179
		lb :    287.6412    220.2014    28.6821
		A:
			    0.6783    -0.7321    0.0620
			    -0.4460    0.8593    0.2503
			    -0.6832    0.7294    -0.0345
			    0.7467    0.5742    0.3359
			    -0.8415    0.5159    0.1603
			    0.8209    -0.5711    -0.0018
			    0.7232    0.4108    0.5552
			    -0.5846    0.7921    0.1756
			    -0.3676    -0.4515    0.8130
			    -0.7232    -0.4108    -0.5552
			    0.5846    -0.7921    -0.1756
			    0.3676    0.4515    -0.8130
		b:
			    38.6550
			    75.0143
			    -34.9235
			    368.3468
			    -122.3170
			    115.0692
			    332.4153
			    15.9250
			    -173.4593
			    -322.4153
			    -11.9250
			    187.4593
	==================================================================================
	Q4:
		Shape: Ellipse
		q_c:    288.5000    223.5000    39.0000
		ub :    293.0145    228.4763    42.6758
		lb :    283.9855    218.5237    35.3242
		P^-1: 
			    0.1545    0.0414    -0.1407
			    0.0414    0.0687    -0.0740
			    -0.1407    -0.0740    0.3522
	==================================================================================
	Q5:
		Shape: Ellipse
		q_c:    286.5000    216.5000    27.0000
		ub :    291.6297    221.8862    32.2526
		lb :    281.3703    211.1138    21.7474
		P^-1: 
			    0.1145    -0.0422    -0.0344
			    -0.0422    0.1208    -0.0319
			    -0.0344    -0.0319    0.1340
	==================================================================================
	Q6:
		Shape: Ellipse
		q_c:    286.0000    231.5000    22.5000
		ub :    292.6855    237.8099    28.9245
		lb :    279.3145    225.1901    16.0755
		P^-1: 
			    0.0574    -0.0086    0.0046
			    -0.0086    0.0442    -0.0017
			    0.0046    -0.0017    0.0339


===========================================================================================
===========================================================================================
S10:
	q_c:    394.0000    456.0000    100.0000
	ub :    416.0000    466.0000    115.0000
	lb :    372.0000    446.0000    85.0000

	==================================================================================
	Q1:
		Shape: Polyhedra
		q_c:    402.5000    459.0000    97.5000
		ub :    410.5232    466.8303    104.5923
		lb :    394.4768    451.1697    90.4077
		A:
			    -0.7500    0.5855    0.3076
			    0.8907    0.4525    -0.0437
			    -0.7963    -0.6037    0.0390
			    0.0613    -0.7474    -0.6615
			    -0.2815    -0.1294    -0.9508
			    0.9616    0.2732    0.0258
			    0.2796    0.6797    0.6781
			    0.5238    0.4839    -0.7010
			    -0.8047    0.5512    -0.2207
			    -0.2796    -0.6797    -0.6781
			    -0.5238    -0.4839    0.7010
			    0.8047    -0.5512    0.2207
		b:
			    2.0443
			    566.6998
			    -589.2315
			    -379.1331
			    -261.2604
			    519.8846
			    494.1409
			    369.5970
			    -86.8797
			    -487.1409
			    -359.5970
			    97.8797
	==================================================================================
	Q2:
		Shape: Ellipse
		q_c:    402.5000    462.5000    99.0000
		ub :    405.1715    464.1567    103.8312
		lb :    399.8285    460.8433    94.1688
		P^-1: 
			    0.4182    -0.0388    0.0957
			    -0.0388    0.9794    0.1327
			    0.0957    0.1327    0.0962
	==================================================================================
	Q3:
		Shape: Ellipse
		q_c:    399.5000    463.5000    100.5000
		ub :    406.8005    471.3272    107.6461
		lb :    392.1995    455.6728    93.3539
		P^-1: 
			    0.0691    -0.0167    -0.0170
			    -0.0167    0.0593    -0.0227
			    -0.0170    -0.0227    0.0585
	==================================================================================
	Q4:
		Shape: Ellipse
		q_c:    399.5000    446.5000    97.0000
		ub :    402.6847    452.3491    102.9389
		lb :    396.3153    440.6509    91.0611
		P^-1: 
			    0.3759    0.1256    0.0756
			    0.1256    0.1102    0.0355
			    0.0756    0.0355    0.0702
	==================================================================================
	Q5:
		Shape: Polyhedra
		q_c:    387.0000    447.0000    109.5000
		ub :    395.4646    455.1908    114.9309
		lb :    378.5354    438.8092    104.0691
		A:
			    -0.0500    -0.1863    0.9812
			    -0.6834    -0.0450    0.7286
			    -0.5783    -0.7198    0.3839
			    0.1043    0.7621    -0.6390
			    0.5229    0.7852    -0.3318
			    -0.0398    0.9913    0.1257
			    0.3797    0.7640    0.5216
			    0.2748    0.4452    -0.8522
			    -0.8834    0.4669    -0.0409
			    -0.3797    -0.7640    -0.5216
			    -0.2748    -0.4452    0.8522
			    0.8834    -0.4669    0.0409
		b:
			    8.1734
			    -200.4524
			    -499.6565
			    314.6562
			    520.9176
			    446.6862
			    550.5740
			    215.0664
			    -131.1412
			    -540.5740
			    -209.0664
			    144.1412
	==================================================================================
	Q6:
		Shape: Hybrid
		q_c:    401.0000    465.0000    96.5000
		ub :    404.8125    469.9031    101.8299
		lb :    397.1875    460.0969    91.1701
		P^-1: 
			    0.6198    0.3925    0.2271
			    0.3925    0.3527    0.1750
			    0.2271    0.1750    0.1716
		A:
			    -0.4786    -0.7488    -0.4584
			    -0.7337    -0.5104    -0.4485
			    0.6208    0.4156    0.6648
			    -0.8616    0.0871    -0.5001
			    -0.5914    -0.1349    -0.7950
			    -0.9517    -0.1669    -0.2578
		b:
			    -583.2842
			    -574.2247
			    507.5371
			    -351.1537
			    -374.5658
			    -482.8005


===========================================================================================
===========================================================================================
S11:
	q_c:    510.0000    226.5000    232.0000
	ub :    526.0000    239.0000    250.0000
	lb :    494.0000    214.0000    214.0000

	==================================================================================
	Q1:
		Shape: Polyhedra
		q_c:    511.0000    235.5000    234.5000
		ub :    517.1522    239.9840    240.6582
		lb :    504.8478    231.0160    228.3418
		A:
			    -0.2774    0.8057    -0.5234
			    -0.1876    -0.6582    0.7291
			    -0.1858    -0.9714    -0.1477
			    0.3353    -0.8384    -0.4298
			    -0.7403    0.0064    -0.6722
			    0.3616    -0.1949    0.9117
			    0.5299    0.7462    0.4029
			    -0.5402    0.6632    -0.5179
			    -0.6537    0.0568    0.7546
			    -0.5299    -0.7462    -0.4029
			    0.5402    -0.6632    0.5179
			    0.6537    -0.0568    -0.7546
		b:
			    -71.6928
			    -76.2132
			    -355.3746
			    -123.2825
			    -531.4399
			    356.0255
			    543.9950
			    -238.3238
			    -139.2314
			    -537.9950
			    244.3238
			    148.2314
	==================================================================================
	Q2:
		Shape: Polyhedra
		q_c:    519.0000    232.5000    232.0000
		ub :    525.1938    237.8963    238.6467
		lb :    512.8062    227.1037    225.3533
		A:
			    -0.3661    0.9037    0.2222
			    -0.4638    0.8802    -0.1009
			    0.5095    -0.6605    0.5515
			    0.7565    -0.1712    0.6312
			    0.6925    -0.6496    0.3138
			    -0.5538    0.3822    -0.7398
			    0.2441    0.7352    0.6324
			    0.6797    0.3354    -0.6523
			    -0.6917    0.5890    -0.4178
			    -0.2441    -0.7352    -0.6324
			    -0.6797    -0.3354    0.6523
			    0.6917    -0.5890    0.4178
		b:
			    74.2307
			    -57.2090
			    241.2160
			    501.4916
			    283.2247
			    -367.6515
			    447.3275
			    285.4063
			    -316.9772
			    -441.3275
			    -273.4063
			    320.9772
	==================================================================================
	Q3:
		Shape: Hybrid
		q_c:    522.5000    235.0000    240.0000
		ub :    527.5683    240.8733    245.8684
		lb :    517.4317    229.1267    234.1316
		P^-1: 
			    0.0518    -0.0091    -0.0078
			    -0.0091    0.0834    0.0293
			    -0.0078    0.0293    0.0747
		A:
			    -0.7901    0.5270    0.3131
			    -0.5693    0.1722    0.8039
			    -0.3257    0.9413    -0.0891
			    -0.2581    0.1828    -0.9487
			    -0.2731    -0.7794    -0.5639
			    -0.0714    -0.3370    -0.9388
		b:
			    -211.6157
			    -61.8171
			    31.9959
			    -316.8186
			    -459.2921
			    -339.7670
	==================================================================================
	Q4:
		Shape: Ellipse
		q_c:    512.0000    236.5000    241.5000
		ub :    515.5036    242.6256    246.2981
		lb :    508.4964    230.3744    236.7019
		P^-1: 
			    0.1568    -0.0183    -0.0029
			    -0.0183    0.0543    -0.0257
			    -0.0029    -0.0257    0.1001
	==================================================================================
	Q5:
		Shape: Polyhedra
		q_c:    509.0000    218.0000    245.0000
		ub :    516.0484    225.3850    251.1948
		lb :    501.9516    210.6150    238.8052
		A:
			    -0.1847    -0.8910    0.4147
			    -0.3263    -0.7333    0.5965
			    -0.4187    0.0019    -0.9081
			    -0.5711    -0.6569    0.4922
			    -0.6614    -0.2357    0.7120
			    -0.5221    -0.6132    0.5928
			    0.9260    0.1447    0.3486
			    -0.3013    -0.2728    0.9137
			    0.2273    -0.9511    -0.2090
			    -0.9260    -0.1447    -0.3486
			    0.3013    0.2728    -0.9137
			    -0.2273    0.9511    0.2090
		b:
			    -181.6665
			    -175.4971
			    -430.8562
			    -309.0312
			    -209.8274
			    -250.0892
			    593.2994
			    14.5278
			    -136.8714
			    -583.2994
			    -7.5278
			    148.8714
	==================================================================================
	Q6:
		Shape: Polyhedra
		q_c:    524.0000    232.0000    239.5000
		ub :    528.9118    235.4172    244.2289
		lb :    519.0882    228.5828    234.7711
		A:
			    0.5635    -0.6469    -0.5138
			    0.3340    -0.6561    -0.6767
			    -0.8768    0.2828    0.3888
			    0.2940    0.2141    -0.9315
			    -0.0242    0.9969    0.0747
			    0.7693    -0.5781    0.2720
			    0.6134    0.1282    0.7793
			    -0.7565    -0.1879    0.6264
			    0.2268    -0.9738    -0.0183
			    -0.6134    -0.1282    -0.7793
			    0.7565    0.1879    -0.6264
			    -0.2268    0.9738    0.0183
		b:
			    24.6645
			    -136.4498
			    -298.1550
			    -16.3959
			    239.0771
			    337.2664
			    541.8000
			    -287.5133
			    -108.9618
			    -533.8000
			    292.5133
			    113.9618


===========================================================================================
===========================================================================================
S12:
	q_c:    84.5000    140.5000    211.0000
	ub :    101.0000    156.0000    228.0000
	lb :    68.0000    125.0000    194.0000

	==================================================================================
	Q1:
		Shape: Polyhedra
		q_c:    75.5000    137.5000    207.5000
		ub :    84.4528    147.0688    215.7298
		lb :    66.5472    127.9312    199.2702
		A:
			    0.4897    0.7624    -0.4230
			    -0.8330    -0.2542    0.4915
			    -0.5688    0.3019    0.7650
			    -0.1610    -0.8341    0.5276
			    0.6887    0.1563    -0.7080
			    -0.4283    0.8856    0.1798
			    0.0675    0.3829    0.9213
			    -0.9225    0.3756    -0.0885
			    -0.3800    -0.8440    0.3786
			    -0.0675    -0.3829    -0.9213
			    0.9225    -0.3756    0.0885
			    0.3800    0.8440    -0.3786
		b:
			    59.5475
			    10.3125
			    163.6282
			    -11.7742
			    -67.3431
			    133.1418
			    254.9233
			    -29.3654
			    -60.6628
			    -242.9233
			    43.3654
			    71.6628
	==================================================================================
	Q2:
		Shape: Ellipse
		q_c:    84.5000    138.5000    226.0000
		ub :    89.5368    147.4016    234.3611
		lb :    79.4632    129.5984    217.6389
		P^-1: 
			    0.2210    -0.0679    0.0065
			    -0.0679    0.0840    0.0505
			    0.0065    0.0505    0.0684
	==================================================================================
	Q3:
		Shape: Hybrid
		q_c:    83.0000    137.0000    214.0000
		ub :    90.1224    144.7746    220.6438
		lb :    75.8776    129.2254    207.3562
		P^-1: 
			    0.0448    0.0092    -0.0107
			    0.0092    0.0574    -0.0212
			    -0.0107    -0.0212    0.0525
		A:
			    -0.3034    -0.8575    0.4155
			    0.1433    -0.9528    -0.2677
			    0.0115    -0.5003    0.8658
			    -0.5335    0.8238    0.1915
			    0.2939    0.6119    -0.7343
			    0.5600    0.8226    -0.0984
		b:
			    -51.8080
			    -172.6426
			    119.9059
			    112.8515
			    -47.1163
			    140.5881
	==================================================================================
	Q4:
		Shape: Hybrid
		q_c:    90.0000    146.5000    196.0000
		ub :    98.6638    157.8460    206.6047
		lb :    81.3362    135.1540    185.3953
		P^-1: 
			    0.0346    -0.0087    -0.0038
			    -0.0087    0.0232    0.0007
			    -0.0038    0.0007    0.0204
		A:
			    0.9119    0.2897    -0.2905
			    -0.0484    -0.6903    -0.7219
			    0.9795    -0.0970    0.1764
			    -0.2375    -0.9037    0.3563
			    -0.8375    0.2400    -0.4909
			    -0.8967    -0.0981    0.4316
		b:
			    71.2924
			    -242.3642
			    111.7615
			    -79.2937
			    -132.8208
			    -7.1743
	==================================================================================
	Q5:
		Shape: Polyhedra
		q_c:    76.0000    144.0000    222.5000
		ub :    83.1768    150.8652    229.0353
		lb :    68.8232    137.1348    215.9647
		A:
			    -0.8334    -0.2448    -0.4955
			    0.8408    -0.1094    0.5302
			    0.9926    -0.1217    -0.0047
			    0.1449    0.9894    0.0119
			    -0.9857    -0.0457    0.1621
			    0.1317    0.8873    -0.4419
			    0.7107    0.5495    0.4393
			    0.5714    -0.8152    0.0953
			    0.4105    0.1833    -0.8933
			    -0.7107    -0.5495    -0.4393
			    -0.5714    0.8152    -0.0953
			    -0.4105    -0.1833    0.8933
		b:
			    -205.8613
			    170.1115
			    61.3957
			    160.6077
			    -40.9641
			    44.6202
			    233.3886
			    -47.2577
			    -135.6570
			    -228.3886
			    58.2577
			    146.6570
	==================================================================================
	Q6:
		Shape: Hybrid
		q_c:    86.5000    133.5000    227.5000
		ub :    94.8804    140.7030    235.4347
		lb :    78.1196    126.2970    219.5653
		P^-1: 
			    0.0428    -0.0041    0.0015
			    -0.0041    0.0458    -0.0021
			    0.0015    -0.0021    0.0408
		A:
			    0.4543    -0.6198    0.6399
			    -0.0094    0.6356    -0.7719
			    -0.3755    -0.9197    -0.1150
			    -0.1324    -0.7257    0.6752
			    -0.0146    -0.9582    -0.2857
			    -0.0636    -0.3716    0.9262
		b:
			    104.4673
			    -89.0859
			    -178.7814
			    47.7828
			    -191.6312
			    158.2154


===========================================================================================
===========================================================================================
S13:
	q_c:    264.5000    130.5000    482.5000
	ub :    272.0000    146.0000    489.0000
	lb :    257.0000    115.0000    476.0000

	==================================================================================
	Q1:
		Shape: Hybrid
		q_c:    264.5000    131.5000    489.0000
		ub :    269.5544    136.0407    494.0244
		lb :    259.4456    126.9593    483.9756
		P^-1: 
			    0.1087    0.0077    -0.0024
			    0.0077    0.0864    0.0078
			    -0.0024    0.0078    0.1087
		A:
			    -0.8263    0.5616    0.0438
			    -0.2128    0.3606    0.9081
			    0.2809    0.0231    -0.9595
			    -0.0508    -0.9979    -0.0401
			    -0.0317    0.3050    0.9518
			    -0.9524    -0.2983    0.0631
		b:
			    -121.5110
			    436.7017
			    -390.3116
			    -162.3700
			    498.6567
			    -258.7524
	==================================================================================
	Q2:
		Shape: Polyhedra
		q_c:    259.0000    134.5000    481.0000
		ub :    262.8415    137.9252    485.0316
		lb :    255.1585    131.0748    476.9684
		A:
			    -0.3878    0.1280    0.9128
			    -0.4167    0.6346    0.6510
			    -0.8022    0.3312    -0.4969
			    -0.7607    0.6424    -0.0925
			    0.3132    -0.9478    -0.0597
			    0.2358    -0.9692    -0.0709
			    0.4865    0.6408    0.5939
			    -0.2768    0.7578    -0.5909
			    -0.8287    0.1231    0.5460
			    -0.4865    -0.6408    -0.5939
			    0.2768    -0.7578    0.5909
			    0.8287    -0.1231    -0.5460
		b:
			    358.3048
			    293.0222
			    -399.9938
			    -152.8810
			    -72.8517
			    -101.1757
			    500.3585
			    -251.9674
			    67.0733
			    -495.3585
			    255.9674
			    -62.0733
	==================================================================================
	Q3:
		Shape: Ellipse
		q_c:    259.0000    127.5000    480.5000
		ub :    262.7742    131.9523    484.1168
		lb :    255.2258    123.0477    476.8832
		P^-1: 
			    0.1999    0.0163    -0.0467
			    0.0163    0.0663    0.0099
			    -0.0467    0.0099    0.2064
	==================================================================================
	Q4:
		Shape: Polyhedra
		q_c:    266.0000    127.5000    483.5000
		ub :    269.1171    131.3670    486.8093
		lb :    262.8829    123.6330    480.1907
		A:
			    -0.8293    -0.3712    -0.4177
			    -0.7686    -0.3221    -0.5528
			    0.5414    0.8224    0.1745
			    -0.6356    -0.1735    0.7523
			    0.4375    0.2437    0.8656
			    0.1627    0.0047    -0.9867
			    0.8611    0.5075    0.0290
			    0.4469    -0.7286    -0.5192
			    -0.2424    0.4600    -0.8542
			    -0.8611    -0.5075    -0.0290
			    -0.4469    0.7286    0.5192
			    0.2424    -0.4600    0.8542
		b:
			    -468.2601
			    -511.0713
			    335.1561
			    174.7354
			    568.0574
			    -430.7834
			    309.2837
			    -222.0350
			    -416.8233
			    -306.2837
			    228.0350
			    420.8233
	==================================================================================
	Q5:
		Shape: Hybrid
		q_c:    264.5000    131.5000    484.5000
		ub :    268.8015    135.3425    489.1000
		lb :    260.1985    127.6575    479.9000
		P^-1: 
			    0.3060    -0.2924    0.2354
			    -0.2924    0.4732    -0.3615
			    0.2354    -0.3615    0.3944
		A:
			    -0.5051    0.5918    -0.6282
			    -0.4803    0.4833    -0.7320
			    0.7925    -0.5141    0.3281
			    -0.4060    0.8986    -0.1661
			    -0.7171    0.4514    -0.5310
			    0.9469    0.2952    0.1276
		b:
			    -359.5875
			    -417.2921
			    302.0423
			    -68.2027
			    -386.6108
			    353.8783
	==================================================================================
	Q6:
		Shape: Hybrid
		q_c:    267.0000    125.5000    476.0000
		ub :    268.7487    127.5270    478.0582
		lb :    265.2513    123.4730    473.9418
		P^-1: 
			    0.4967    -0.1289    0.0985
			    -0.1289    0.7623    -0.2428
			    0.0985    -0.2428    0.6299
		A:
			    -0.6020    0.2032    -0.7722
			    0.7234    -0.6882    -0.0549
			    0.8303    -0.5215    -0.1965
			    -0.2303    -0.3756    0.8977
			    -0.1041    -0.8284    0.5504
			    -0.2642    0.7403    0.6182
		b:
			    -502.0932
			    81.4411
			    63.5826
			    319.4472
			    130.8369
			    317.6124


===========================================================================================
===========================================================================================
S14:
	q_c:    309.0000    440.0000    482.5000
	ub :    326.0000    444.0000    513.0000
	lb :    292.0000    436.0000    452.0000

	==================================================================================
	Q1:
		Shape: Polyhedra
		q_c:    306.5000    439.5000    485.0000
		ub :    308.8069    441.7733    487.4756
		lb :    304.1931    437.2267    482.5244
		A:
			    0.8531    0.3154    -0.4157
			    -0.7976    0.0255    -0.6026
			    0.2871    -0.2458    0.9258
			    -0.5995    0.7915    -0.1192
			    0.9815    0.1693    0.0888
			    0.4619    0.5661    -0.6827
			    0.3506    0.8382    0.4177
			    -0.8871    0.1542    0.4351
			    0.3002    -0.5231    0.7976
			    -0.3506    -0.8382    -0.4177
			    0.8871    -0.1542    -0.4351
			    -0.3002    0.5231    -0.7976
		b:
			    199.9875
			    -524.0425
			    430.4791
			    107.7847
			    419.8541
			    60.7865
			    679.9496
			    8.4088
			    250.4697
			    -676.9496
			    -5.4088
			    -247.4697
	==================================================================================
	Q2:
		Shape: Hybrid
		q_c:    311.0000    438.0000    480.5000
		ub :    313.9768    440.8143    482.8029
		lb :    308.0232    435.1857    478.1971
		P^-1: 
			    0.2500    -0.0000    0.0000
			    -0.0000    0.2500    -0.0000
			    0.0000    -0.0000    0.2500
		A:
			    -0.1805    -0.9642    0.1940
			    0.8761    0.4822    -0.0016
			    0.7156    -0.6438    -0.2712
			    0.0541    -0.6967    -0.7154
			    -0.3872    0.2132    -0.8970
			    -0.7123    -0.6973    -0.0804
		b:
			    -384.2534
			    483.8777
			    -188.7221
			    -631.0443
			    -457.0377
			    -564.5622
	==================================================================================
	Q3:
		Shape: Hybrid
		q_c:    308.5000    438.5000    482.5000
		ub :    311.9012    441.8589    484.5729
		lb :    305.0988    435.1411    480.4271
		P^-1: 
			    0.2121    -0.0372    -0.0486
			    -0.0372    0.2135    -0.0429
			    -0.0486    -0.0429    0.4288
		A:
			    0.3744    0.5572    0.7412
			    0.5103    -0.4078    -0.7572
			    -0.3801    0.7702    0.5121
			    0.0451    -0.4108    0.9106
			    -0.0939    0.8640    -0.4946
			    0.6464    -0.4622    0.6071
		b:
			    718.9257
			    -385.7306
			    468.8028
			    273.9695
			    112.4302
			    290.8360
	==================================================================================
	Q4:
		Shape: Ellipse
		q_c:    307.0000    437.0000    484.0000
		ub :    309.5271    439.5497    485.9908
		lb :    304.4729    434.4503    482.0092
		P^-1: 
			    0.6060    0.2317    0.2142
			    0.2317    0.4055    0.1773
			    0.2142    0.1773    0.6830
	==================================================================================
	Q5:
		Shape: Ellipse
		q_c:    310.0000    441.5000    484.5000
		ub :    313.1264    444.3709    488.0675
		lb :    306.8736    438.6291    480.9325
		P^-1: 
			    0.2381    -0.0115    0.0283
			    -0.0115    0.2390    0.0272
			    0.0283    0.0272    0.1829
	==================================================================================
	Q6:
		Shape: Polyhedra
		q_c:    309.0000    443.5000    485.5000
		ub :    311.4796    446.6999    488.6349
		lb :    306.5204    440.3001    482.3651
		A:
			    0.6590    0.7486    -0.0738
			    -0.3805    -0.7798    0.4972
			    0.0543    -0.3342    0.9409
			    -0.3394    0.8656    0.3682
			    -0.7937    0.4826    0.3702
			    0.6082    0.7681    -0.2002
			    0.0408    0.6387    0.7683
			    -0.7993    0.4823    -0.3585
			    -0.5996    -0.5995    0.5302
			    -0.0408    -0.6387    -0.7683
			    0.7993    -0.4823    0.3585
			    0.5996    0.5995    -0.5302
		b:
			    501.7782
			    -220.0493
			    327.2436
			    459.6248
			    150.2503
			    433.3767
			    670.9054
			    -205.6548
			    -191.7418
			    -666.9054
			    208.6548
			    195.7418


===========================================================================================
===========================================================================================
S15:
	q_c:    237.0000    281.0000    175.0000
	ub :    256.0000    291.0000    187.0000
	lb :    218.0000    271.0000    163.0000

	==================================================================================
	Q1:
		Shape: Ellipse
		q_c:    238.0000    278.0000    182.5000
		ub :    242.8829    283.3641    186.6022
		lb :    233.1171    272.6359    178.3978
		P^-1: 
			    0.1276    0.0416    -0.0162
			    0.0416    0.0900    -0.0035
			    -0.0162    -0.0035    0.1159
	==================================================================================
	Q2:
		Shape: Hybrid
		q_c:    232.0000    272.0000    164.5000
		ub :    239.6557    278.8912    172.3900
		lb :    224.3443    265.1088    156.6100
		P^-1: 
			    0.0616    0.0326    0.0213
			    0.0326    0.0795    0.0095
			    0.0213    0.0095    0.0471
		A:
			    0.4370    -0.8973    -0.0621
			    0.6645    -0.6733    -0.3242
			    -0.1947    -0.9718    -0.1333
			    0.8971    0.3522    -0.2670
			    0.6409    0.6873    0.3419
			    -0.3788    -0.5286    0.7597
		b:
			    -149.3904
			    -78.0753
			    -329.3258
			    263.1450
			    393.3798
			    -103.3146
	==================================================================================
	Q3:
		Shape: Polyhedra
		q_c:    245.0000    276.5000    184.0000
		ub :    250.5965    280.7352    189.5456
		lb :    239.4035    272.2648    178.4544
		A:
			    0.6759    -0.1707    0.7170
			    -0.8334    0.1017    0.5433
			    -0.0721    -0.9378    -0.3396
			    0.8824    -0.3084    -0.3553
			    0.4914    -0.3307    -0.8057
			    0.4370    -0.0289    -0.8990
			    0.6106    0.2251    0.7593
			    -0.6187    -0.4629    0.6348
			    0.4944    -0.8573    -0.1434
			    -0.6106    -0.2251    -0.7593
			    0.6187    0.4629    -0.6348
			    -0.4944    0.8573    0.1434
		b:
			    254.0853
			    -73.0118
			    -336.6677
			    68.3355
			    -116.2403
			    -62.9247
			    355.5428
			    -159.2717
			    -140.3246
			    -347.5428
			    166.2717
			    144.3246
	==================================================================================
	Q4:
		Shape: Hybrid
		q_c:    236.5000    289.0000    172.5000
		ub :    243.0180    295.8257    177.9129
		lb :    229.9820    282.1743    167.0871
		P^-1: 
			    0.2115    0.1440    0.1341
			    0.1440    0.1380    0.1183
			    0.1341    0.1183    0.1811
		A:
			    0.8938    0.4484    -0.0078
			    -0.9122    -0.3828    -0.1460
			    -0.8787    -0.0132    -0.4772
			    -0.5114    -0.8386    -0.1877
			    -0.4923    -0.2669    -0.8285
			    -0.9189    -0.2607    -0.2962
		b:
			    341.5624
			    -349.8006
			    -291.0095
			    -393.2530
			    -334.9260
			    -341.7794
	==================================================================================
	Q5:
		Shape: Polyhedra
		q_c:    230.0000    274.5000    165.5000
		ub :    238.6749    282.4892    174.4474
		lb :    221.3251    266.5108    156.5526
		A:
			    -0.6161    -0.7247    0.3086
			    0.7768    -0.5328    -0.3356
			    -0.9080    0.3174    0.2735
			    0.5859    -0.7515    0.3033
			    -0.7527    0.5004    -0.4279
			    0.1964    -0.5307    -0.8245
			    0.6273    0.3567    0.6923
			    0.7471    -0.0246    -0.6643
			    -0.2199    0.9339    -0.2819
			    -0.6273    -0.3567    -0.6923
			    -0.7471    0.0246    0.6643
			    0.2199    -0.9339    0.2819
		b:
			    -283.7299
			    -17.2821
			    -70.7735
			    -15.0201
			    -100.6462
			    -231.5597
			    361.7687
			    60.6240
			    165.6162
			    -351.7687
			    -49.6240
			    -152.6162
	==================================================================================
	Q6:
		Shape: Polyhedra
		q_c:    231.5000    274.0000    180.0000
		ub :    236.6642    279.8669    185.5259
		lb :    226.3358    268.1331    174.4741
		A:
			    -0.4481    0.4502    -0.7723
			    0.2576    -0.6388    -0.7250
			    0.3934    -0.9183    0.0442
			    -0.9730    0.1445    -0.1802
			    -0.8756    0.2057    -0.4371
			    -0.1204    -0.4653    0.8769
			    0.6220    0.6515    0.4344
			    -0.1743    -0.4257    0.8879
			    0.7634    -0.6280    -0.1512
			    -0.6220    -0.6515    -0.4344
			    0.1743    0.4257    -0.8879
			    -0.7634    0.6280    0.1512
		b:
			    -115.6777
			    -242.5258
			    -149.3756
			    -214.9085
			    -221.7058
			    6.4588
			    404.1888
			    6.8346
			    -19.5541
			    -397.1888
			    1.1654
			    25.5541


===========================================================================================
===========================================================================================
S16:
	q_c:    282.5000    379.5000    326.5000
	ub :    295.0000    390.0000    340.0000
	lb :    270.0000    369.0000    313.0000

	==================================================================================
	Q1:
		Shape: Hybrid
		q_c:    280.0000    375.5000    317.0000
		ub :    285.1688    379.7052    322.0034
		lb :    274.8312    371.2948    311.9966
		P^-1: 
			    0.1004    0.0241    -0.0045
			    0.0241    0.1413    0.0228
			    -0.0045    0.0228    0.1110
		A:
			    0.0053    -0.0516    -0.9987
			    0.6711    0.7354    -0.0936
			    0.1760    0.8324    0.5254
			    -0.9210    0.0194    0.3891
			    -0.5746    0.6332    0.5185
			    0.3228    0.1420    0.9358
		b:
			    -332.6851
			    435.8065
			    529.6865
			    -125.3549
			    242.9935
			    442.1314
	==================================================================================
	Q2:
		Shape: Hybrid
		q_c:    285.0000    374.5000    325.5000
		ub :    290.6692    380.4578    331.9613
		lb :    279.3308    368.5422    319.0387
		P^-1: 
			    0.0709    0.0035    0.0088
			    0.0035    0.0639    0.0037
			    0.0088    0.0037    0.0718
		A:
			    0.7514    -0.6269    0.2058
			    -0.9917    -0.0109    -0.1284
			    -0.0565    -0.9889    -0.1377
			    -0.6530    0.2524    -0.7141
			    0.2612    -0.4800    -0.8375
			    0.4719    -0.8640    -0.1756
		b:
			    48.5342
			    -326.5074
			    -429.0713
			    -322.1312
			    -375.7946
			    -243.9782
	==================================================================================
	Q3:
		Shape: Polyhedra
		q_c:    283.0000    375.0000    321.0000
		ub :    287.6416    379.8461    324.7070
		lb :    278.3584    370.1539    317.2930
		A:
			    0.6301    0.1588    -0.7601
			    0.6092    0.0539    -0.7912
			    0.5913    0.6756    -0.4403
			    -0.5831    0.5085    0.6336
			    0.5975    0.3885    -0.7014
			    0.6214    0.3337    -0.7089
			    0.6400    0.3437    0.6872
			    -0.6495    -0.2358    0.7228
			    0.4105    -0.9090    0.0723
			    -0.6400    -0.3437    -0.6872
			    0.6495    0.2358    -0.7228
			    -0.4105    0.9090    -0.0723
		b:
			    -5.4998
			    -60.4009
			    281.3838
			    231.5842
			    90.3803
			    74.0435
			    535.1097
			    -39.7191
			    -197.9715
			    -526.1097
			    40.7191
			    204.9715
	==================================================================================
	Q4:
		Shape: Polyhedra
		q_c:    288.5000    382.5000    332.0000
		ub :    292.3291    387.4017    336.7868
		lb :    284.6709    377.5983    327.2132
		A:
			    0.5903    0.2028    0.7813
			    -0.0178    -0.8944    0.4468
			    0.6918    0.1427    0.7078
			    -0.1003    -0.9599    -0.2619
			    -0.8467    0.3690    0.3833
			    -0.0274    -0.9853    -0.1686
			    0.0387    0.6551    0.7546
			    0.5337    0.6249    -0.5698
			    -0.8448    0.4248    -0.3255
			    -0.0387    -0.6551    -0.7546
			    -0.5337    -0.6249    0.5698
			    0.8448    -0.4248    0.3255
		b:
			    510.0367
			    -196.0150
			    491.8853
			    -480.0547
			    26.8732
			    -437.8063
			    515.2387
			    206.8134
			    -186.7989
			    -509.2387
			    -200.8134
			    191.7989
	==================================================================================
	Q5:
		Shape: Ellipse
		q_c:    283.0000    374.0000    334.0000
		ub :    285.3864    377.5610    336.9551
		lb :    280.6136    370.4390    331.0449
		P^-1: 
			    0.4018    0.0053    0.1014
			    0.0053    0.0818    0.0034
			    0.1014    0.0034    0.2025
	==================================================================================
	Q6:
		Shape: Ellipse
		q_c:    290.0000    384.0000    338.0000
		ub :    294.3695    388.8283    342.7598
		lb :    285.6305    379.1717    333.2402
		P^-1: 
			    0.1288    0.0294    -0.0246
			    0.0294    0.1322    0.0232
			    -0.0246    0.0232    0.1406


===========================================================================================
===========================================================================================
S17:
	q_c:    271.0000    342.0000    404.0000
	ub :    289.0000    359.0000    422.0000
	lb :    253.0000    325.0000    386.0000

	==================================================================================
	Q1:
		Shape: Ellipse
		q_c:    287.5000    346.0000    408.5000
		ub :    291.2832    352.1863    414.6652
		lb :    283.7168    339.8137    402.3348
		P^-1: 
			    0.1544    -0.0121    -0.0206
			    -0.0121    0.0545    -0.0036
			    -0.0206    -0.0036    0.0630
	==================================================================================
	Q2:
		Shape: Ellipse
		q_c:    278.0000    344.5000    387.5000
		ub :    288.9839    358.5725    400.9992
		lb :    267.0161    330.4275    374.0008
		P^-1: 
			    0.0219    -0.0033    0.0004
			    -0.0033    0.0146    -0.0044
			    0.0004    -0.0044    0.0149
	==================================================================================
	Q3:
		Shape: Polyhedra
		q_c:    270.0000    344.0000    397.5000
		ub :    276.3920    349.7834    403.9116
		lb :    263.6080    338.2166    391.0884
		A:
			    -0.6299    -0.1041    -0.7696
			    -0.7751    -0.5108    0.3718
			    -0.7839    0.0634    -0.6177
			    -0.1266    0.7990    -0.5878
			    -0.4870    -0.8700    -0.0774
			    -0.3967    0.7468    0.5338
			    0.8064    0.1626    0.5685
			    -0.1723    0.9843    -0.0372
			    -0.5657    -0.0680    0.8218
			    -0.8064    -0.1626    -0.5685
			    0.1723    -0.9843    0.0372
			    0.5657    0.0680    -0.8218
		b:
			    -508.5655
			    -232.2855
			    -432.2043
			    11.9770
			    -457.0413
			    367.1535
			    502.6707
			    282.3098
			    156.0681
			    -496.6707
			    -272.3098
			    -145.0681
	==================================================================================
	Q4:
		Shape: Polyhedra
		q_c:    278.5000    341.0000    393.0000
		ub :    288.6098    352.1959    404.9775
		lb :    268.3902    329.8041    381.0225
		A:
			    -0.1019    0.6891    -0.7175
			    0.0234    -0.1211    0.9924
			    0.0336    0.2188    -0.9752
			    0.8946    -0.0929    -0.4372
			    0.8416    0.4029    -0.3596
			    0.8784    -0.4622    -0.1217
			    0.9577    0.0045    0.2878
			    -0.2604    0.4400    0.8594
			    -0.1227    -0.8980    0.4225
			    -0.9577    -0.0045    -0.2878
			    0.2604    -0.4400    -0.8594
			    0.1227    0.8980    -0.4225
		b:
			    -66.6427
			    362.8599
			    -291.4559
			    53.0287
			    238.5021
			    46.6642
			    388.8733
			    422.2757
			    -165.3353
			    -373.8733
			    -408.2757
			    183.3353
	==================================================================================
	Q5:
		Shape: Hybrid
		q_c:    280.0000    345.5000    402.5000
		ub :    284.1826    352.3926    409.9582
		lb :    275.8174    338.6074    395.0418
		P^-1: 
			    0.3854    -0.0106    -0.1441
			    -0.0106    0.0443    -0.0057
			    -0.1441    -0.0057    0.0919
		A:
			    -0.5009    0.5164    0.6946
			    0.9038    -0.3854    0.1861
			    0.8827    -0.2124    -0.4193
			    0.9761    0.0451    -0.2124
			    -0.8325    -0.1272    0.5392
			    0.7627    0.0009    -0.6468
		b:
			    321.1036
			    197.3299
			    6.0598
			    204.5148
			    -58.9156
			    -44.9832
	==================================================================================
	Q6:
		Shape: Ellipse
		q_c:    255.0000    362.5000    420.0000
		ub :    262.9217    370.6576    427.1438
		lb :    247.0783    354.3424    412.8562
		P^-1: 
			    0.0439    0.0042    -0.0049
			    0.0042    0.0213    0.0006
			    -0.0049    0.0006    0.0446


===========================================================================================
===========================================================================================
S18:
	q_c:    277.0000    41.0000    386.5000
	ub :    293.0000    61.0000    394.0000
	lb :    261.0000    21.0000    379.0000

	==================================================================================
	Q1:
		Shape: Ellipse
		q_c:    273.0000    38.5000    390.0000
		ub :    277.7015    42.1141    394.6657
		lb :    268.2985    34.8859    385.3343
		P^-1: 
			    0.1217    0.0117    0.0524
			    0.0117    0.2122    0.0462
			    0.0524    0.0462    0.1578
	==================================================================================
	Q2:
		Shape: Ellipse
		q_c:    274.0000    48.0000    392.0000
		ub :    277.4887    52.9900    396.3847
		lb :    270.5113    43.0100    387.6153
		P^-1: 
			    0.6622    0.0365    0.4419
			    0.0365    0.0674    0.0353
			    0.4419    0.0353    0.4145
	==================================================================================
	Q3:
		Shape: Polyhedra
		q_c:    283.5000    44.5000    393.5000
		ub :    289.3451    49.6925    397.9914
		lb :    277.6549    39.3075    389.0086
		A:
			    0.2584    -0.4856    0.8351
			    0.0853    0.9002    -0.4270
			    -0.1098    -0.8995    -0.4229
			    0.4881    0.8688    0.0833
			    0.5393    -0.6915    0.4807
			    -0.0253    -0.8015    0.5974
			    0.2496    0.1063    0.9625
			    -0.4274    0.9040    0.0110
			    -0.8689    -0.4141    0.2710
			    -0.2496    -0.1063    -0.9625
			    0.4274    -0.9040    -0.0110
			    0.8689    0.4141    -0.2710
		b:
			    383.7912
			    -100.1112
			    -233.9931
			    213.6273
			    314.7725
			    195.9079
			    457.7289
			    -73.1202
			    -154.1146
			    -450.7289
			    80.1202
			    162.1146
	==================================================================================
	Q4:
		Shape: Polyhedra
		q_c:    271.5000    42.0000    392.0000
		ub :    276.0507    46.4949    396.2662
		lb :    266.9493    37.5051    387.7338
		A:
			    0.9576    0.2329    -0.1697
			    0.8013    -0.5787    -0.1519
			    0.7878    -0.5944    -0.1616
			    0.8344    0.2344    -0.4989
			    -0.9864    -0.1606    -0.0349
			    -0.9680    -0.1995    -0.1521
			    0.3733    0.6655    0.6463
			    0.6793    -0.6705    0.2981
			    0.6318    0.3278    -0.7024
			    -0.3733    -0.6655    -0.6463
			    -0.6793    0.6705    -0.2981
			    -0.6318    -0.3278    0.7024
		b:
			    205.8544
			    136.5830
			    128.4637
			    43.3581
			    -285.5408
			    -328.1621
			    385.1615
			    276.1318
			    -87.5528
			    -380.1615
			    -270.1318
			    92.5528
	==================================================================================
	Q5:
		Shape: Ellipse
		q_c:    278.5000    40.0000    389.0000
		ub :    282.3310    42.6521    392.8590
		lb :    274.6690    37.3479    385.1410
		P^-1: 
			    0.2881    0.0298    0.1702
			    0.0298    0.2636    0.0457
			    0.1702    0.0457    0.2245
	==================================================================================
	Q6:
		Shape: Hybrid
		q_c:    271.5000    44.0000    388.0000
		ub :    274.4224    47.3977    391.3457
		lb :    268.5776    40.6023    384.6543
		P^-1: 
			    0.1597    0.0237    -0.0120
			    0.0237    0.5082    -0.4571
			    -0.0120    -0.4571    0.5737
		A:
			    -0.4803    0.7494    -0.4558
			    0.3802    0.4439    -0.8114
			    -0.0512    0.4469    -0.8931
			    -0.3736    0.7428    -0.5556
			    -0.5606    -0.2167    0.7992
			    -0.4792    0.3292    -0.8136
		b:
			    -272.9970
			    -191.0444
			    -339.8759
			    -283.3325
			    149.9702
			    -430.0036


===========================================================================================
===========================================================================================
S19:
	q_c:    114.0000    298.5000    99.5000
	ub :    129.0000    308.0000    116.0000
	lb :    99.0000    289.0000    83.0000

	==================================================================================
	Q1:
		Shape: Polyhedra
		q_c:    123.0000    302.0000    98.0000
		ub :    129.4807    310.2925    106.1341
		lb :    116.5193    293.7075    89.8659
		A:
			    -0.0286    0.4784    -0.8777
			    0.9972    -0.0043    0.0748
			    -0.3520    0.1132    -0.9291
			    -0.8878    -0.3719    0.2712
			    0.7322    0.6111    -0.3008
			    0.7500    -0.2708    -0.6034
			    0.3054    0.7694    0.5610
			    -0.8291    -0.0748    0.5540
			    0.4682    -0.6344    0.6151
			    -0.3054    -0.7694    -0.5610
			    0.8291    0.0748    -0.5540
			    -0.4682    0.6344    -0.6151
		b:
			    59.8922
			    132.6911
			    -94.6263
			    -191.5959
			    249.0971
			    -45.5318
			    330.9053
			    -67.7929
			    -68.2051
			    -318.9053
			    72.7929
			    79.2051
	==================================================================================
	Q2:
		Shape: Polyhedra
		q_c:    107.5000    294.0000    104.5000
		ub :    113.2443    298.9555    111.4056
		lb :    101.7557    289.0445    97.5944
		A:
			    0.1641    0.8119    0.5602
			    -0.2379    -0.8256    -0.5116
			    0.5106    0.8574    0.0651
			    0.7325    0.6286    0.2616
			    -0.6346    -0.7688    0.0784
			    -0.0144    -0.9773    -0.2116
			    0.4605    0.8384    0.2915
			    -0.3154    0.4615    -0.8292
			    -0.8297    0.2899    0.4769
			    -0.4605    -0.8384    -0.2915
			    0.3154    -0.4615    0.8292
			    0.8297    -0.2899    -0.4769
		b:
			    317.0464
			    -319.8355
			    315.6116
			    292.9171
			    -283.7808
			    -308.4811
			    327.9637
			    20.6186
			    49.8843
			    -324.9637
			    -9.6186
			    -41.8843
	==================================================================================
	Q3:
		Shape: Hybrid
		q_c:    109.0000    309.0000    108.0000
		ub :    115.5094    314.6572    114.8199
		lb :    102.4906    303.3428    101.1801
		P^-1: 
			    0.0634    0.0179    0.0187
			    0.0179    0.0722    0.0238
			    0.0187    0.0238    0.0742
		A:
			    0.0292    0.7582    0.6514
			    0.4808    0.8596    -0.1731
			    0.3444    -0.9322    -0.1114
			    -0.6655    -0.7437    0.0634
			    0.5049    0.4488    0.7373
			    -0.0073    0.9696    0.2445
		b:
			    309.6793
			    301.7695
			    -259.8232
			    -293.2076
			    274.9223
			    327.4726
	==================================================================================
	Q4:
		Shape: Hybrid
		q_c:    107.5000    306.0000    107.5000
		ub :    113.2402    311.8129    113.0752
		lb :    101.7598    300.1871    101.9248
		P^-1: 
			    0.0409    0.0055    0.0019
			    0.0055    0.0748    0.0124
			    0.0019    0.0124    0.0553
		A:
			    -0.2934    0.9392    -0.1785
			    0.5901    0.2081    0.7801
			    0.4980    -0.0305    -0.8666
			    -0.6887    -0.2289    -0.6880
			    0.6468    -0.3077    0.6978
			    -0.6609    -0.0216    -0.7502
		b:
			    239.0337
			    213.5517
			    -46.1901
			    -215.3912
			    53.3763
			    -155.4920
	==================================================================================
	Q5:
		Shape: Polyhedra
		q_c:    122.0000    292.0000    109.5000
		ub :    128.9821    298.3993    116.5824
		lb :    115.0179    285.6007    102.4176
		A:
			    0.0431    -0.1126    -0.9927
			    0.3550    -0.5199    -0.7770
			    -0.3301    0.5857    -0.7403
			    -0.9249    -0.1533    0.3480
			    0.5169    0.5321    -0.6706
			    0.0015    -0.2075    0.9782
			    0.3605    0.6198    0.6970
			    0.7892    0.1956    -0.5821
			    -0.4971    0.7600    -0.4187
			    -0.3605    -0.6198    -0.6970
			    -0.7892    -0.1956    0.5821
			    0.4971    -0.7600    0.4187
		b:
			    -132.1415
			    -189.3620
			    53.7195
			    -115.0309
			    149.4035
			    50.9118
			    305.2974
			    94.1488
			    119.4176
			    -297.2974
			    -85.1488
			    -111.4176
	==================================================================================
	Q6:
		Shape: Ellipse
		q_c:    115.5000    309.5000    104.5000
		ub :    123.8214    317.8951    110.6247
		lb :    107.1786    301.1049    98.3753
		P^-1: 
			    0.0365    -0.0067    -0.0002
			    -0.0067    0.0272    -0.0005
			    -0.0002    -0.0005    0.0400


===========================================================================================
===========================================================================================
S20:
	q_c:    181.0000    127.5000    110.5000
	ub :    208.0000    138.0000    131.0000
	lb :    154.0000    117.0000    90.0000

	==================================================================================
	Q1:
		Shape: Polyhedra
		q_c:    173.0000    122.0000    120.5000
		ub :    179.0047    128.0129    127.2171
		lb :    166.9953    115.9871    113.7829
		A:
			    -0.2832    0.9568    -0.0656
			    -0.7996    -0.2079    -0.5635
			    -0.7316    0.0523    -0.6797
			    0.1929    0.4433    0.8754
			    0.5272    -0.6757    -0.5153
			    0.6706    0.7296    0.1339
			    0.2680    0.8998    0.3444
			    -0.2756    0.4141    -0.8675
			    -0.9232    0.1376    0.3589
			    -0.2680    -0.8998    -0.3444
			    0.2756    -0.4141    0.8675
			    0.9232    -0.1376    -0.3589
		b:
			    63.9713
			    -227.3843
			    -197.7514
			    197.1491
			    -49.3239
			    225.1685
			    201.6326
			    -97.1855
			    -95.6728
			    -193.6326
			    106.1855
			    103.6728
	==================================================================================
	Q2:
		Shape: Hybrid
		q_c:    189.5000    129.5000    109.5000
		ub :    194.6153    136.2190    116.2083
		lb :    184.3847    122.7810    102.7917
		P^-1: 
			    0.1268    0.0383    0.0274
			    0.0383    0.0669    0.0263
			    0.0274    0.0263    0.0687
		A:
			    -0.8734    0.1322    -0.4686
			    0.2094    -0.7653    -0.6086
			    -0.9431    0.1142    -0.3124
			    0.9370    -0.0659    0.3431
			    0.0162    0.7905    0.6123
			    0.4762    0.5181    -0.7105
		b:
			    -197.5304
			    -123.4140
			    -196.0848
			    208.5401
			    174.8747
			    82.7233
	==================================================================================
	Q3:
		Shape: Polyhedra
		q_c:    183.0000    125.0000    109.0000
		ub :    189.0416    131.3787    114.6352
		lb :    176.9584    118.6213    103.3648
		A:
			    0.6194    -0.0466    -0.7837
			    0.4036    -0.4182    -0.8137
			    -0.0061    0.9807    0.1954
			    0.1850    -0.7674    0.6140
			    -0.8895    -0.0165    0.4566
			    -0.4483    0.7428    -0.4973
			    0.3089    0.8161    0.4885
			    -0.0956    0.5377    -0.8377
			    -0.9463    0.2120    0.2441
			    -0.3089    -0.8161    -0.4885
			    0.0956    -0.5377    0.8377
			    0.9463    -0.2120    -0.2441
		b:
			    26.0985
			    -62.6937
			    147.4746
			    7.6966
			    -110.7158
			    -40.2042
			    216.7764
			    -39.0998
			    -115.5633
			    -206.7764
			    44.0998
			    124.5633
	==================================================================================
	Q4:
		Shape: Hybrid
		q_c:    183.5000    118.5000    118.0000
		ub :    188.9480    124.1645    123.4848
		lb :    178.0520    112.8355    112.5152
		P^-1: 
			    0.0971    -0.0139    -0.0047
			    -0.0139    0.0942    0.0043
			    -0.0047    0.0043    0.0831
		A:
			    -0.1993    0.0540    0.9784
			    0.8507    0.5065    -0.1406
			    0.5336    -0.4253    0.7310
			    0.0298    0.1297    -0.9911
			    0.8504    0.4175    0.3202
			    0.6102    -0.6405    0.4663
		b:
			    87.2094
			    201.4807
			    135.6668
			    -94.1191
			    245.2728
			    92.8022
	==================================================================================
	Q5:
		Shape: Ellipse
		q_c:    175.0000    128.5000    111.0000
		ub :    179.3203    134.8252    115.3761
		lb :    170.6797    122.1748    106.6239
		P^-1: 
			    0.6845    0.1905    -0.3969
			    0.1905    0.0966    -0.0897
			    -0.3969    -0.0897    0.3631
	==================================================================================
	Q6:
		Shape: Hybrid
		q_c:    183.0000    117.5000    113.0000
		ub :    188.9688    122.7089    118.8663
		lb :    177.0312    112.2911    107.1337
		P^-1: 
			    0.0738    0.0042    0.0168
			    0.0042    0.0916    0.0142
			    0.0168    0.0142    0.0899
		A:
			    0.7814    -0.4701    -0.4103
			    0.3724    0.8434    -0.3873
			    -0.7082    0.6986    -0.1019
			    -0.1037    0.0576    0.9929
			    0.7358    -0.0234    0.6768
			    0.5498    0.7127    0.4357
		b:
			    43.6691
			    125.6588
			    -56.9576
			    101.9833
			    210.1297
			    235.2019


===========================================================================================
===========================================================================================
