3D_30_15_6_c                l = 3

===========================================================================================
===========================================================================================
S1:
	q_c:    468.5000    73.5000    469.0000
	ub :    483.0000    106.0000    476.0000
	lb :    454.0000    41.0000    462.0000

	==================================================================================
	Q1:
		Shape: Ellipse
		q_c:    466.0000    72.0000    465.0000
		ub :    470.7077    76.3479    468.7663
		lb :    461.2923    67.6521    461.2337
		P^-1: 
			    0.1256    0.0379    0.0039
			    0.0379    0.1151    0.0080
			    0.0039    0.0080    0.1121
	==================================================================================
	Q2:
		Shape: Polyhedra
		q_c:    467.0000    79.5000    471.5000
		ub :    471.6523    84.5151    476.1837
		lb :    462.3477    74.4849    466.8163
		A:
			    0.4797    -0.5145    -0.7107
			    -0.5445    0.4712    -0.6939
			    -0.5171    0.7923    0.3238
			    -0.1391    -0.3651    0.9205
			    -0.7908    0.5520    -0.2646
			    -0.0766    -0.6883    -0.7214
			    0.3574    0.0269    0.9335
			    -0.9233    0.1603    0.3489
			    -0.1403    -0.9867    0.0821
			    -0.3574    -0.0269    -0.9335
			    0.9233    -0.1603    -0.3489
			    0.1403    0.9867    -0.0821
		b:
			    -148.5985
			    -540.3274
			    -22.0453
			    343.6900
			    -446.6544
			    -426.7331
			    612.7308
			    -250.9384
			    -100.7362
			    -605.7308
			    256.9384
			    109.7362
	==================================================================================
	Q3:
		Shape: Polyhedra
		q_c:    464.0000    68.0000    472.5000
		ub :    471.5083    74.5543    479.1204
		lb :    456.4917    61.4457    465.8796
		A:
			    -0.0371    -0.7906    0.6112
			    -0.2470    0.9451    0.2140
			    -0.0157    -0.8480    0.5297
			    -0.0661    -0.9964    -0.0535
			    0.1373    -0.6572    -0.7411
			    0.4031    0.8964    -0.1843
			    0.5250    0.8062    0.2729
			    0.3839    0.0619    -0.9213
			    -0.7596    0.5885    -0.2770
			    -0.5250    -0.8062    -0.2729
			    -0.3839    -0.0619    0.9213
			    0.7596    -0.5885    0.2770
		b:
			    222.2920
			    55.2783
			    189.8330
			    -119.2277
			    -326.6196
			    165.4077
			    431.8746
			    -248.4763
			    -438.8172
			    -422.8746
			    257.4763
			    447.8172
	==================================================================================
	Q4:
		Shape: Polyhedra
		q_c:    472.5000    69.5000    477.5000
		ub :    476.6803    73.6754    481.9506
		lb :    468.3197    65.3246    473.0494
		A:
			    -0.0705    -0.2984    0.9518
			    -0.6945    0.1105    -0.7109
			    -0.1859    0.8727    0.4516
			    -0.6020    0.5986    -0.5285
			    0.5051    -0.8425    0.1871
			    -0.3729    -0.1379    -0.9176
			    0.2657    0.8428    0.4680
			    0.9363    -0.1100    -0.3336
			    -0.2297    0.5268    -0.8184
			    -0.2657    -0.8428    -0.4680
			    -0.9363    0.1100    0.3336
			    0.2297    -0.5268    0.8184
		b:
			    403.0280
			    -657.2681
			    191.4322
			    -492.5950
			    272.2064
			    -621.1927
			    410.5891
			    278.4484
			    -460.2008
			    -404.5891
			    -272.4484
			    465.2008
	==================================================================================
	Q5:
		Shape: Polyhedra
		q_c:    470.0000    68.0000    468.0000
		ub :    474.2181    72.6314    472.8635
		lb :    465.7819    63.3686    463.1365
		A:
			    -0.2101    0.0414    -0.9768
			    0.9077    0.4090    0.0933
			    0.7086    -0.3428    0.6168
			    0.2420    0.5913    0.7693
			    0.9412    -0.3122    0.1294
			    -0.1967    -0.5930    -0.7808
			    0.7474    0.1111    0.6550
			    -0.6644    0.1159    0.7384
			    0.0061    -0.9870    0.1604
			    -0.7474    -0.1111    -0.6550
			    0.6644    -0.1159    -0.7384
			    -0.0061    0.9870    -0.1604
		b:
			    -550.1374
			    501.1168
			    601.2337
			    517.0792
			    484.7301
			    -495.0523
			    667.8832
			    44.6856
			    14.8139
			    -662.8832
			    -37.6856
			    -6.8139
	==================================================================================
	Q6:
		Shape: Ellipse
		q_c:    470.5000    77.0000    463.5000
		ub :    475.2817    82.1367    469.1179
		lb :    465.7183    71.8633    457.8821
		P^-1: 
			    0.1398    -0.0093    -0.0319
			    -0.0093    0.1102    0.0276
			    -0.0319    0.0276    0.0705


===========================================================================================
===========================================================================================
S2:
	q_c:    360.5000    500.5000    178.5000
	ub :    387.0000    526.0000    187.0000
	lb :    334.0000    475.0000    170.0000

	==================================================================================
	Q1:
		Shape: Polyhedra
		q_c:    367.5000    503.0000    186.0000
		ub :    374.0578    509.2857    190.7320
		lb :    360.9422    496.7143    181.2680
		A:
			    -0.3694    -0.5442    -0.7532
			    -0.4179    0.4077    -0.8118
			    0.5768    -0.2789    0.7678
			    0.6386    0.7619    0.1081
			    -0.0628    -0.0162    -0.9979
			    0.8309    -0.4005    -0.3863
			    0.6845    0.6934    0.2252
			    0.5870    -0.7074    0.3936
			    0.4323    -0.1372    -0.8913
			    -0.6845    -0.6934    -0.2252
			    -0.5870    0.7074    -0.3936
			    -0.4323    0.1372    0.8913
		b:
			    -545.3384
			    -96.1547
			    218.1222
			    643.0070
			    -213.8978
			    35.0930
			    647.2023
			    -63.3780
			    -73.4263
			    -637.2023
			    70.3780
			    78.4263
	==================================================================================
	Q2:
		Shape: Polyhedra
		q_c:    363.5000    500.5000    186.5000
		ub :    369.1582    503.4768    192.3806
		lb :    357.8418    497.5232    180.6194
		A:
			    -0.3274    -0.8547    0.4028
			    -0.5667    0.6889    0.4520
			    -0.2271    0.3864    -0.8939
			    -0.1572    -0.9094    0.3851
			    -0.2651    -0.9311    -0.2506
			    0.4115    -0.9095    -0.0597
			    0.7851    0.1258    0.6064
			    -0.0208    0.9840    -0.1771
			    -0.6190    0.1264    0.7751
			    -0.7851    -0.1258    -0.6064
			    0.0208    -0.9840    0.1771
			    0.6190    -0.1264    -0.7751
		b:
			    -469.1960
			    226.4562
			    -52.3643
			    -438.2564
			    -606.4569
			    -314.2158
			    465.4510
			    453.8660
			    -13.1718
			    -457.4510
			    -449.8660
			    21.1718
	==================================================================================
	Q3:
		Shape: Polyhedra
		q_c:    357.0000    507.0000    186.5000
		ub :    361.1323    509.8790    190.5844
		lb :    352.8677    504.1210    182.4156
		A:
			    -0.0562    0.8570    -0.5122
			    0.9074    -0.4122    0.0824
			    0.3211    -0.8063    -0.4967
			    -0.0184    -0.9781    -0.2073
			    -0.3385    0.6285    -0.7003
			    0.6255    -0.4487    -0.6382
			    0.6731    0.4287    0.6026
			    0.4309    -0.8896    0.1516
			    0.6010    0.1576    -0.7835
			    -0.6731    -0.4287    -0.6026
			    -0.4309    0.8896    -0.1516
			    -0.6010    -0.1576    0.7835
		b:
			    320.9235
			    132.4023
			    -384.7047
			    -539.2537
			    69.2482
			    -120.6370
			    572.5337
			    -267.4395
			    151.3691
			    -567.5337
			    270.4395
			    -145.3691
	==================================================================================
	Q4:
		Shape: Hybrid
		q_c:    357.5000    497.5000    171.5000
		ub :    362.7294    500.9348    176.8354
		lb :    352.2706    494.0652    166.1646
		P^-1: 
			    0.1306    -0.0557    0.0462
			    -0.0557    0.1991    -0.0371
			    0.0462    -0.0371    0.0939
		A:
			    -0.6902    0.6366    -0.3441
			    -0.7433    0.3902    -0.5433
			    -0.5285    0.5701    -0.6291
			    -0.8817    0.2636    0.3912
			    0.7495    -0.6599    0.0536
			    0.2960    0.8777    -0.3769
		b:
			    12.0883
			    -163.4788
			    -11.9886
			    -114.4540
			    -49.7477
			    479.7208
	==================================================================================
	Q5:
		Shape: Polyhedra
		q_c:    356.5000    500.5000    182.0000
		ub :    361.1585    505.8761    187.7123
		lb :    351.8415    495.1239    176.2877
		A:
			    -0.6007    -0.7982    -0.0456
			    0.8293    0.2869    -0.4794
			    0.1201    -0.1165    0.9859
			    0.5393    0.8108    0.2275
			    -0.5185    -0.5878    -0.6210
			    0.8352    -0.5499    -0.0110
			    0.7983    0.2426    0.5512
			    0.0401    -0.9347    0.3533
			    0.6009    -0.2599    -0.7559
			    -0.7983    -0.2426    -0.5512
			    -0.0401    0.9347    -0.3533
			    -0.6009    0.2599    0.7559
		b:
			    -618.3993
			    355.5009
			    167.3833
			    642.9412
			    -588.9033
			    24.0524
			    509.3317
			    -385.2147
			    -49.9473
			    -503.3317
			    393.2147
			    56.9473
	==================================================================================
	Q6:
		Shape: Hybrid
		q_c:    357.0000    501.5000    182.5000
		ub :    361.2527    505.4779    186.8057
		lb :    352.7473    497.5221    178.1943
		P^-1: 
			    0.1248    0.0037    0.0216
			    0.0037    0.1121    0.0058
			    0.0216    0.0058    0.1453
		A:
			    -0.2529    0.9571    0.1418
			    -0.3110    0.2542    -0.9158
			    -0.1806    -0.9640    0.1951
			    -0.2101    0.9751    -0.0710
			    0.4352    0.6707    -0.6006
			    -0.2018    -0.7876    -0.5822
		b:
			    417.3026
			    -149.2787
			    -510.5654
			    402.7815
			    383.8713
			    -571.7798


===========================================================================================
===========================================================================================
S3:
	q_c:    11.5000    139.0000    101.0000
	ub :    23.0000    158.0000    121.0000
	lb :    0.0000    120.0000    81.0000

	==================================================================================
	Q1:
		Shape: Ellipse
		q_c:    19.0000    133.5000    95.5000
		ub :    27.4306    139.6293    103.8640
		lb :    10.5694    127.3707    87.1360
		P^-1: 
			    0.0393    -0.0157    0.0040
			    -0.0157    0.0728    -0.0102
			    0.0040    -0.0102    0.0357
	==================================================================================
	Q2:
		Shape: Polyhedra
		q_c:    12.0000    134.5000    96.0000
		ub :    19.5044    140.9214    103.7406
		lb :    4.4956    128.0786    88.2594
		A:
			    0.1320    0.2168    0.9673
			    -0.4238    0.2823    -0.8607
			    -0.8826    0.4417    -0.1609
			    -0.1090    0.4149    0.9033
			    -0.3310    -0.9352    -0.1259
			    0.4034    0.6667    -0.6267
			    0.1836    0.7073    0.6827
			    -0.1970    0.7069    -0.6794
			    -0.9631    -0.0097    0.2691
			    -0.1836    -0.7073    -0.6827
			    0.1970    -0.7069    0.6794
			    0.9631    0.0097    -0.2691
		b:
			    127.8059
			    -44.5938
			    39.1910
			    145.2972
			    -137.4817
			    39.9963
			    166.3690
			    32.9875
			    18.9754
			    -159.3690
			    -21.9875
			    -6.9754
	==================================================================================
	Q3:
		Shape: Hybrid
		q_c:    1.5000    140.5000    91.5000
		ub :    6.5839    145.5952    97.2880
		lb :    -3.5839    135.4048    85.7120
		P^-1: 
			    0.2919    -0.0115    -0.1912
			    -0.0115    0.1025    0.0455
			    -0.1912    0.0455    0.1943
		A:
			    -0.9148    -0.2893    0.2818
			    0.2740    -0.9114    -0.3069
			    0.0894    0.7207    -0.6875
			    -0.8479    -0.2727    0.4546
			    0.8057    -0.5229    -0.2781
			    -0.7347    -0.2000    0.6482
		b:
			    -14.8389
			    -153.4788
			    42.2002
			    3.1039
			    -95.6284
			    31.2441
	==================================================================================
	Q4:
		Shape: Polyhedra
		q_c:    8.0000    130.5000    101.5000
		ub :    11.4588    135.6703    109.6280
		lb :    4.5412    125.3297    93.3720
		A:
			    0.0854    -0.8485    -0.5223
			    0.6471    -0.5269    -0.5511
			    -0.6943    -0.7194    -0.0199
			    0.4583    0.8715    0.1745
			    0.1967    -0.9050    -0.3772
			    -0.3750    0.8917    0.2534
			    0.4324    0.8723    0.2282
			    0.0165    -0.2607    0.9653
			    0.9015    -0.4136    -0.1272
			    -0.4324    -0.8723    -0.2282
			    -0.0165    0.2607    -0.9653
			    -0.9015    0.4136    0.1272
		b:
			    -159.8606
			    -115.8264
			    -98.7256
			    137.6340
			    -152.1619
			    141.5927
			    142.9591
			    71.5837
			    -57.1744
			    -137.9591
			    -56.5837
			    62.1744
	==================================================================================
	Q5:
		Shape: Ellipse
		q_c:    22.5000    138.0000    108.5000
		ub :    24.7319    142.6836    116.0359
		lb :    20.2681    133.3164    100.9641
		P^-1: 
			    0.4227    0.0803    -0.0182
			    0.0803    0.1278    -0.0233
			    -0.0182    -0.0233    0.0255
	==================================================================================
	Q6:
		Shape: Hybrid
		q_c:    1.5000    149.0000    105.5000
		ub :    7.6801    154.7868    110.0532
		lb :    -4.6801    143.2132    100.9468
		P^-1: 
			    0.0780    0.0022    -0.0356
			    0.0022    0.0628    -0.0050
			    -0.0356    -0.0050    0.1442
		A:
			    -0.4209    -0.8772    0.2309
			    0.0983    -0.4932    0.8643
			    0.1425    0.8246    -0.5476
			    0.7237    -0.6874    -0.0607
			    -0.4143    -0.4974    0.7622
			    -0.7523    0.1444    0.6428
		b:
			    -104.4557
			    19.7729
			    67.5819
			    -105.1078
			    7.2988
			    89.8641


===========================================================================================
===========================================================================================
S4:
	q_c:    441.5000    385.0000    99.5000
	ub :    460.0000    410.0000    110.0000
	lb :    423.0000    360.0000    89.0000

	==================================================================================
	Q1:
		Shape: Hybrid
		q_c:    437.5000    383.0000    105.0000
		ub :    444.9129    391.4382    113.9608
		lb :    430.0871    374.5618    96.0392
		P^-1: 
			    0.0635    -0.0191    0.0168
			    -0.0191    0.0380    -0.0090
			    0.0168    -0.0090    0.0357
		A:
			    0.7310    -0.4980    0.4665
			    0.4184    0.9077    0.0321
			    -0.4545    -0.2411    -0.8575
			    -0.2099    -0.6997    0.6829
			    0.9018    0.1491    0.4056
			    -0.4717    0.8257    -0.3095
		b:
			    179.8550
			    538.3070
			    -377.7137
			    -284.1836
			    496.9252
			    79.9285
	==================================================================================
	Q2:
		Shape: Polyhedra
		q_c:    443.0000    389.0000    100.5000
		ub :    450.3005    396.8576    108.7216
		lb :    435.6995    381.1424    92.2784
		A:
			    -0.3937    -0.9102    0.1287
			    -0.0204    -0.2189    0.9755
			    -0.7372    0.5011    -0.4533
			    0.4032    0.8598    0.3133
			    -0.8880    0.4230    -0.1805
			    0.9051    0.4250    0.0071
			    0.7177    0.4369    0.5423
			    -0.6856    0.3066    0.6603
			    0.1222    -0.8456    0.5196
			    -0.7177    -0.4369    -0.5423
			    0.6856    -0.3066    -0.6603
			    -0.1222    0.8456    -0.5196
		b:
			    -510.3469
			    8.6155
			    -172.1679
			    549.8899
			    -242.1665
			    572.1901
			    547.8763
			    -114.0818
			    -217.6092
			    -536.8763
			    122.0818
			    227.6092
	==================================================================================
	Q3:
		Shape: Hybrid
		q_c:    439.0000    378.0000    108.5000
		ub :    444.2007    381.9306    115.3191
		lb :    433.7993    374.0694    101.6809
		P^-1: 
			    0.1004    -0.0577    0.0073
			    -0.0577    0.2266    0.0184
			    0.0073    0.0184    0.0323
		A:
			    0.6342    0.4824    0.6042
			    0.0943    -0.9955    -0.0082
			    -0.3346    0.8870    -0.3182
			    0.7560    -0.6543    0.0166
			    0.3021    -0.9313    -0.2032
			    -0.4943    0.7221    0.4841
		b:
			    529.1751
			    -334.5827
			    155.7645
			    87.8028
			    -240.3310
			    110.7850
	==================================================================================
	Q4:
		Shape: Hybrid
		q_c:    451.0000    384.5000    87.5000
		ub :    461.1550    394.1540    93.3476
		lb :    440.8450    374.8460    81.6524
		P^-1: 
			    0.0227    0.0051    0.0038
			    0.0051    0.0234    0.0004
			    0.0038    0.0004    0.0488
		A:
			    -0.1818    0.5954    -0.7826
			    -0.4622    -0.8835    0.0759
			    -0.7701    0.6333    -0.0771
			    0.0006    0.8303    -0.5574
			    -0.2922    0.0563    -0.9547
			    -0.5137    0.4142    -0.7513
		b:
			    81.7766
			    -537.6811
			    -105.3482
			    274.5736
			    -191.3155
			    -134.6816
	==================================================================================
	Q5:
		Shape: Hybrid
		q_c:    436.0000    390.5000    98.0000
		ub :    442.3896    395.9576    102.9492
		lb :    429.6104    385.0424    93.0508
		P^-1: 
			    0.0848    -0.0454    -0.0428
			    -0.0454    0.1326    -0.0258
			    -0.0428    -0.0258    0.1357
		A:
			    0.3582    0.1179    -0.9262
			    0.5139    -0.0271    -0.8574
			    -0.4884    0.8520    0.1884
			    -0.3694    0.4356    0.8209
			    -0.2430    0.9549    -0.1708
			    -0.1410    0.8933    0.4267
		b:
			    112.7302
			    130.7021
			    139.5260
			    91.0897
			    251.6064
			    331.3924
	==================================================================================
	Q6:
		Shape: Polyhedra
		q_c:    448.5000    378.5000    98.0000
		ub :    456.1812    386.7538    107.0890
		lb :    440.8188    370.2462    88.9110
		A:
			    -0.6521    -0.5741    -0.4951
			    0.4855    0.6338    -0.6021
			    -0.8515    -0.5227    -0.0412
			    0.8071    0.4801    -0.3436
			    -0.5891    -0.6917    -0.4177
			    -0.9249    -0.3687    0.0922
			    0.7426    0.6684    0.0430
			    0.4965    -0.5925    0.6344
			    0.4495    -0.4497    -0.7718
			    -0.7426    -0.6684    -0.0430
			    -0.4965    0.5925    -0.6344
			    -0.4495    0.4497    0.7718
		b:
			    -554.8721
			    403.3349
			    -581.4715
			    513.0365
			    -564.0145
			    -542.4663
			    592.2437
			    68.0984
			    -38.7571
			    -588.2437
			    -53.0984
			    49.7571


===========================================================================================
===========================================================================================
S5:
	q_c:    325.0000    152.0000    295.5000
	ub :    343.0000    158.0000    316.0000
	lb :    307.0000    146.0000    275.0000

	==================================================================================
	Q1:
		Shape: Polyhedra
		q_c:    322.5000    154.0000    298.0000
		ub :    327.0978    157.8901    302.7565
		lb :    317.9022    150.1099    293.2435
		A:
			    -0.6886    0.6882    0.2285
			    0.4868    -0.8731    -0.0252
			    0.8017    -0.2264    -0.5532
			    -0.3805    0.6842    -0.6222
			    0.2388    -0.8467    0.4754
			    0.9340    -0.3564    0.0255
			    0.6714    0.7244    0.1566
			    0.3095    -0.0820    -0.9474
			    -0.6734    0.6845    -0.2792
			    -0.6714    -0.7244    -0.1566
			    -0.3095    0.0820    0.9474
			    0.6734    -0.6845    0.2792
		b:
			    -45.6362
			    17.0164
			    62.2153
			    -200.5452
			    90.5131
			    256.1379
			    378.2398
			    -191.1344
			    -193.4843
			    -371.2398
			    199.1344
			    196.4843
	==================================================================================
	Q2:
		Shape: Polyhedra
		q_c:    324.0000    145.5000    289.0000
		ub :    329.2232    150.5148    293.8428
		lb :    318.7768    140.4852    284.1572
		A:
			    0.1505    -0.4347    0.8879
			    0.0147    -0.8592    0.5115
			    -0.3513    0.6175    -0.7037
			    -0.4371    -0.0410    0.8985
			    -0.2514    -0.8624    0.4395
			    0.9118    -0.2953    -0.2855
			    0.9542    0.1865    0.2341
			    -0.0554    -0.6585    0.7506
			    0.2941    -0.7292    -0.6179
			    -0.9542    -0.1865    -0.2341
			    0.0554    0.6585    -0.7506
			    -0.2941    0.7292    0.6179
		b:
			    244.0903
			    29.5674
			    -225.2190
			    115.3049
			    -77.6960
			    174.1562
			    407.9267
			    104.6484
			    -184.8960
			    -399.9267
			    -101.6484
			    193.8960
	==================================================================================
	Q3:
		Shape: Hybrid
		q_c:    331.0000    155.5000    294.0000
		ub :    335.1224    157.6039    298.2589
		lb :    326.8776    153.3961    289.7411
		P^-1: 
			    0.1171    -0.0535    0.0088
			    -0.0535    0.4357    -0.0002
			    0.0088    -0.0002    0.0844
		A:
			    -0.1086    0.9039    0.4137
			    -0.2903    0.6927    0.6603
			    -0.1709    0.8758    -0.4513
			    0.2060    -0.8919    0.4025
			    -0.0127    0.9146    -0.4042
			    -0.0234    0.9469    -0.3207
		b:
			    227.4543
			    207.6085
			    -51.7828
			    49.0448
			    20.4235
			    46.3022
	==================================================================================
	Q4:
		Shape: Hybrid
		q_c:    327.5000    149.0000    296.0000
		ub :    332.6345    153.8621    300.7164
		lb :    322.3655    144.1379    291.2836
		P^-1: 
			    0.1219    -0.0332    -0.0074
			    -0.0332    0.1302    -0.0132
			    -0.0074    -0.0132    0.1006
		A:
			    0.0603    -0.9982    -0.0044
			    -0.9314    0.1868    0.3125
			    -0.8613    0.3397    0.3777
			    -0.9800    -0.0830    -0.1810
			    -0.9512    0.2716    0.1464
			    -0.4907    -0.1524    -0.8579
		b:
			    -128.6634
			    -183.1376
			    -118.1950
			    -385.0060
			    -226.2229
			    -435.2322
	==================================================================================
	Q5:
		Shape: Polyhedra
		q_c:    320.5000    147.0000    294.0000
		ub :    326.4248    151.1236    299.2368
		lb :    314.5752    142.8764    288.7632
		A:
			    -0.4044    -0.3714    0.8358
			    -0.1148    -0.9483    0.2959
			    -0.6394    0.6868    -0.3456
			    0.4383    -0.7619    0.4769
			    -0.1456    0.7554    -0.6389
			    0.8115    -0.5577    -0.1745
			    0.7992    0.4190    0.4309
			    0.4309    -0.8992    0.0752
			    0.4190    0.1255    -0.8993
			    -0.7992    -0.4190    -0.4309
			    -0.4309    0.8992    -0.0752
			    -0.4190    -0.1255    0.8993
		b:
			    64.9505
			    -86.4218
			    -203.0378
			    171.1190
			    -120.7979
			    129.5185
			    448.9259
			    30.0374
			    -108.1458
			    -439.9259
			    -26.0374
			    115.1458
	==================================================================================
	Q6:
		Shape: Ellipse
		q_c:    328.0000    159.5000    301.5000
		ub :    333.5848    166.0346    308.0917
		lb :    322.4152    152.9654    294.9083
		P^-1: 
			    0.0715    -0.0072    0.0063
			    -0.0072    0.0682    -0.0050
			    0.0063    -0.0050    0.0669


===========================================================================================
===========================================================================================
S6:
	q_c:    72.5000    161.5000    451.5000
	ub :    87.0000    163.0000    459.0000
	lb :    58.0000    160.0000    444.0000

	==================================================================================
	Q1:
		Shape: Ellipse
		q_c:    73.5000    161.5000    452.5000
		ub :    75.1455    162.9515    453.9128
		lb :    71.8545    160.0485    451.0872
		P^-1: 
			    1.0000    0.0000    -0.0000
			    0.0000    1.0000    -0.0000
			    -0.0000    -0.0000    1.0000
	==================================================================================
	Q2:
		Shape: Ellipse
		q_c:    73.0000    161.5000    453.5000
		ub :    74.4507    162.8287    454.7530
		lb :    71.5493    160.1713    452.2470
		P^-1: 
			    1.8344    1.0092    0.8880
			    1.0092    2.2206    1.0740
			    0.8880    1.0740    1.9450
	==================================================================================
	Q3:
		Shape: Ellipse
		q_c:    73.5000    163.5000    453.0000
		ub :    74.9843    164.4920    454.4725
		lb :    72.0157    162.5080    451.5275
		P^-1: 
			    1.1726    -0.6522    0.2503
			    -0.6522    3.4645    -0.9457
			    0.2503    -0.9457    1.3629
	==================================================================================
	Q4:
		Shape: Hybrid
		q_c:    73.5000    161.5000    453.0000
		ub :    74.6461    162.6324    454.1467
		lb :    72.3539    160.3676    451.8533
		P^-1: 
			    1.0127    0.1517    -0.1221
			    0.1517    2.8129    -1.4591
			    -0.1221    -1.4591    2.1744
		A:
			    -0.7213    -0.6873    0.0851
			    -0.0076    -0.5191    0.8547
			    -0.3232    -0.5664    0.7581
			    0.1295    -0.0984    0.9867
			    -0.2480    -0.8759    0.4140
			    -0.5618    -0.8273    -0.0065
		b:
			    -124.8887
			    303.1078
			    228.5288
			    441.1589
			    28.1717
			    -177.2612
	==================================================================================
	Q5:
		Shape: Polyhedra
		q_c:    74.5000    161.5000    452.5000
		ub :    76.0437    163.1965    454.1421
		lb :    72.9563    159.8035    450.8579
		A:
			    0.7679    0.2457    0.5916
			    0.5837    -0.5506    -0.5968
			    -0.0515    0.8393    0.5412
			    -0.4130    -0.2059    0.8871
			    -0.8063    -0.3947    0.4405
			    -0.9910    -0.1233    0.0517
			    0.5982    0.7040    0.3827
			    0.7851    -0.4194    -0.4557
			    -0.1603    0.5731    -0.8037
			    -0.5982    -0.7040    -0.3827
			    -0.7851    0.4194    0.4557
			    0.1603    -0.5731    0.8037
		b:
			    365.5940
			    -314.4722
			    377.6233
			    338.4043
			    76.5119
			    -69.3674
			    332.4396
			    -214.4532
			    -282.0485
			    -330.4396
			    216.4532
			    284.0485
	==================================================================================
	Q6:
		Shape: Polyhedra
		q_c:    73.0000    161.5000    450.5000
		ub :    74.8749    163.3843    452.4796
		lb :    71.1251    159.6157    448.5204
		A:
			    0.3127    0.9498    0.0045
			    0.9813    -0.1739    -0.0823
			    -0.2956    0.0213    0.9551
			    0.9536    -0.2407    0.1807
			    -0.0730    -0.7740    0.6289
			    -0.9412    -0.2468    -0.2309
			    0.3892    0.4934    0.7778
			    -0.5586    0.7979    -0.2266
			    -0.7324    -0.3463    0.5862
			    -0.3892    -0.4934    -0.7778
			    0.5586    -0.7979    0.2266
			    0.7324    0.3463    -0.5862
		b:
			    179.4315
			    7.5120
			    413.3673
			    113.2471
			    154.0031
			    -211.3386
			    460.0191
			    -13.0114
			    155.6785
			    -457.0191
			    15.0114
			    -153.6785


===========================================================================================
===========================================================================================
S7:
	q_c:    165.5000    188.5000    251.5000
	ub :    184.0000    205.0000    274.0000
	lb :    147.0000    172.0000    229.0000

	==================================================================================
	Q1:
		Shape: Ellipse
		q_c:    171.0000    200.5000    235.0000
		ub :    179.5893    208.0149    242.5723
		lb :    162.4107    192.9851    227.4277
		P^-1: 
			    0.0193    -0.0075    0.0026
			    -0.0075    0.0554    -0.0134
			    0.0026    -0.0134    0.0293
	==================================================================================
	Q2:
		Shape: Ellipse
		q_c:    161.5000    199.0000    249.5000
		ub :    168.1508    204.0309    255.6946
		lb :    154.8492    193.9691    243.3054
		P^-1: 
			    0.0552    0.0010    0.0064
			    0.0010    0.0624    -0.0009
			    0.0064    -0.0009    0.0568
	==================================================================================
	Q3:
		Shape: Ellipse
		q_c:    159.5000    204.0000    243.5000
		ub :    169.0955    213.2764    251.0019
		lb :    149.9045    194.7236    235.9981
		P^-1: 
			    0.0347    -0.0070    -0.0235
			    -0.0070    0.0270    0.0062
			    -0.0235    0.0062    0.0681
	==================================================================================
	Q4:
		Shape: Ellipse
		q_c:    160.5000    191.0000    237.5000
		ub :    170.3643    201.2286    246.6096
		lb :    150.6357    180.7714    228.3904
		P^-1: 
			    0.0588    0.0169    0.0439
			    0.0169    0.0277    0.0039
			    0.0439    0.0039    0.0700
	==================================================================================
	Q5:
		Shape: Polyhedra
		q_c:    169.0000    193.5000    267.0000
		ub :    175.9662    199.4331    273.5305
		lb :    162.0338    187.5669    260.4695
		A:
			    0.9587    -0.1945    -0.2076
			    0.3255    0.2565    -0.9101
			    -0.0687    -0.5726    0.8170
			    -0.0804    -0.5830    0.8085
			    0.2556    0.5385    -0.8029
			    0.1334    0.8579    -0.4962
			    0.4507    0.5817    0.6772
			    -0.0208    -0.7515    0.6594
			    0.8924    -0.3113    -0.3266
			    -0.4507    -0.5817    -0.6772
			    0.0208    0.7515    -0.6594
			    -0.8924    0.3113    0.3266
		b:
			    73.5206
			    -135.1494
			    97.4391
			    91.0936
			    -65.0992
			    57.8201
			    376.0203
			    28.1196
			    7.8992
			    -363.0203
			    -26.1196
			    1.1008
	==================================================================================
	Q6:
		Shape: Ellipse
		q_c:    161.5000    181.0000    256.5000
		ub :    170.0340    190.8015    264.6234
		lb :    152.9660    171.1985    248.3766
		P^-1: 
			    0.0278    -0.0000    0.0001
			    -0.0000    0.0284    -0.0017
			    0.0001    -0.0017    0.0324


===========================================================================================
===========================================================================================
S8:
	q_c:    139.0000    124.0000    421.5000
	ub :    155.0000    128.0000    439.0000
	lb :    123.0000    120.0000    404.0000

	==================================================================================
	Q1:
		Shape: Ellipse
		q_c:    143.0000    121.0000    418.0000
		ub :    145.6992    124.0722    421.0960
		lb :    140.3008    117.9278    414.9040
		P^-1: 
			    0.6170    0.1451    -0.3902
			    0.1451    0.2664    -0.0790
			    -0.3902    -0.0790    0.5266
	==================================================================================
	Q2:
		Shape: Hybrid
		q_c:    140.5000    124.5000    425.5000
		ub :    142.8572    126.9900    428.1671
		lb :    138.1428    122.0100    422.8329
		P^-1: 
			    0.4362    0.0135    -0.0367
			    0.0135    0.4221    0.0605
			    -0.0367    0.0605    0.2805
		A:
			    -0.8327    0.1574    0.5309
			    -0.5918    -0.6790    0.4344
			    0.9184    -0.2977    0.2605
			    0.7056    -0.4975    -0.5046
			    0.1767    -0.9188    0.3531
			    -0.5451    0.7376    -0.3985
		b:
			    129.2859
			    18.0512
			    203.7379
			    -176.7414
			    61.6537
			    -153.2803
	==================================================================================
	Q3:
		Shape: Polyhedra
		q_c:    141.5000    121.0000    422.5000
		ub :    144.1177    123.5300    424.6902
		lb :    138.8823    118.4700    420.3098
		A:
			    0.6836    0.3227    -0.6546
			    0.3001    -0.9404    0.1600
			    -0.9579    -0.2193    0.1851
			    0.2741    -0.7704    -0.5756
			    -0.8505    0.1112    0.5140
			    -0.7639    -0.4542    0.4585
			    0.6121    0.7180    0.3314
			    0.5822    -0.6928    0.4255
			    0.5351    -0.0675    -0.8421
			    -0.6121    -0.7180    -0.3314
			    -0.5822    0.6928    -0.4255
			    -0.5351    0.0675    0.8421
		b:
			    -139.6720
			    -1.8264
			    -82.4901
			    -296.2093
			    111.4904
			    31.8907
			    315.0133
			    180.3416
			    -287.2242
			    -312.0133
			    -176.3416
			    289.2242
	==================================================================================
	Q4:
		Shape: Ellipse
		q_c:    140.0000    125.5000    421.5000
		ub :    142.7302    127.1515    424.1606
		lb :    137.2698    123.8485    418.8394
		P^-1: 
			    0.5335    -0.8373    0.5307
			    -0.8373    2.7230    -1.5675
			    0.5307    -1.5675    1.2435
	==================================================================================
	Q5:
		Shape: Ellipse
		q_c:    139.5000    122.5000    425.0000
		ub :    141.8571    125.6473    428.2762
		lb :    137.1429    119.3527    421.7238
		P^-1: 
			    0.4408    -0.0197    0.0253
			    -0.0197    0.3380    0.1362
			    0.0253    0.1362    0.2701
	==================================================================================
	Q6:
		Shape: Ellipse
		q_c:    139.5000    122.0000    419.5000
		ub :    142.0704    124.2219    422.3504
		lb :    136.9296    119.7781    416.6496
		P^-1: 
			    0.7252    0.1397    -0.3647
			    0.1397    0.2894    -0.0922
			    -0.3647    -0.0922    0.3954


===========================================================================================
===========================================================================================
S9:
	q_c:    309.0000    534.0000    95.0000
	ub :    334.0000    549.0000    107.0000
	lb :    284.0000    519.0000    83.0000

	==================================================================================
	Q1:
		Shape: Hybrid
		q_c:    298.5000    531.5000    105.0000
		ub :    305.5288    538.0010    111.0860
		lb :    291.4712    524.9990    98.9140
		P^-1: 
			    0.0776    0.0445    0.0241
			    0.0445    0.0845    0.0423
			    0.0241    0.0423    0.0934
		A:
			    -0.4922    -0.8178    -0.2982
			    -0.3012    -0.6270    -0.7184
			    0.0445    -0.4388    0.8975
			    0.2714    0.6131    0.7419
			    -0.6177    0.2711    0.7382
			    0.0294    -0.7529    -0.6575
		b:
			    -611.2905
			    -497.2303
			    -122.3800
			    486.2256
			    40.0740
			    -458.3204
	==================================================================================
	Q2:
		Shape: Ellipse
		q_c:    305.0000    538.5000    102.0000
		ub :    311.2546    545.7068    109.5226
		lb :    298.7454    531.2932    94.4774
		P^-1: 
			    0.0720    -0.0054    -0.0111
			    -0.0054    0.0631    0.0162
			    -0.0111    0.0162    0.0369
	==================================================================================
	Q3:
		Shape: Hybrid
		q_c:    298.5000    545.5000    90.5000
		ub :    305.2440    550.2383    97.3356
		lb :    291.7560    540.7617    83.6644
		P^-1: 
			    0.0649    -0.0355    -0.0148
			    -0.0355    0.1304    0.0338
			    -0.0148    0.0338    0.0635
		A:
			    -0.9732    -0.2297    0.0086
			    -0.4098    -0.4758    0.7783
			    0.1185    0.9855    0.1212
			    0.2106    0.7619    -0.6125
			    0.9053    -0.1250    -0.4059
			    0.7662    -0.4860    -0.4204
		b:
			    -411.8300
			    -308.1986
			    585.9039
			    426.0920
			    168.0235
			    -72.4900
	==================================================================================
	Q4:
		Shape: Hybrid
		q_c:    300.5000    528.0000    102.5000
		ub :    307.8467    535.6393    108.5482
		lb :    293.1533    520.3607    96.4518
		P^-1: 
			    0.0646    0.0177    0.0250
			    0.0177    0.0634    -0.0290
			    0.0250    -0.0290    0.0884
		A:
			    -0.4524    -0.8780    0.1565
			    -0.0521    0.4080    -0.9115
			    0.6794    0.6400    -0.3588
			    -0.3636    -0.8873    -0.2836
			    -0.8325    0.1797    -0.5241
			    0.8939    -0.0153    0.4481
		b:
			    -581.3527
			    108.0107
			    507.3999
			    -603.9301
			    -206.8045
			    308.6511
	==================================================================================
	Q5:
		Shape: Polyhedra
		q_c:    298.0000    537.0000    92.0000
		ub :    305.5630    544.6225    99.7632
		lb :    290.4370    529.3775    84.2368
		A:
			    -0.1801    -0.2382    0.9544
			    0.5008    0.1176    0.8575
			    -0.8867    -0.0897    -0.4536
			    0.4751    0.3537    0.8057
			    0.4824    -0.8063    0.3423
			    -0.7089    0.6851    -0.1676
			    0.5537    0.6805    0.4800
			    -0.1832    0.6618    -0.7269
			    -0.8123    0.3146    0.4911
			    -0.5537    -0.6805    -0.4800
			    0.1832    -0.6618    0.7269
			    0.8123    -0.3146    -0.4911
		b:
			    -89.4273
			    295.9111
			    -349.3075
			    410.4722
			    -253.4576
			    145.7939
			    579.5753
			    237.9216
			    -22.9440
			    -569.5753
			    -229.9216
			    32.9440
	==================================================================================
	Q6:
		Shape: Ellipse
		q_c:    313.5000    532.5000    101.0000
		ub :    320.2761    539.8233    107.2115
		lb :    306.7239    525.1767    94.7885
		P^-1: 
			    0.0550    0.0232    0.0068
			    0.0232    0.0577    0.0061
			    0.0068    0.0061    0.0420


===========================================================================================
===========================================================================================
S10:
	q_c:    310.5000    477.5000    338.5000
	ub :    328.0000    498.0000    351.0000
	lb :    293.0000    457.0000    326.0000

	==================================================================================
	Q1:
		Shape: Hybrid
		q_c:    319.0000    477.0000    338.0000
		ub :    324.8920    482.1335    342.7726
		lb :    313.1080    471.8665    333.2274
		P^-1: 
			    0.0814    0.0709    -0.0478
			    0.0709    0.2477    -0.1779
			    -0.0478    -0.1779    0.2464
		A:
			    0.1138    0.8656    -0.4876
			    -0.1143    -0.1894    0.9752
			    0.0144    0.7148    0.6992
			    -0.1268    0.4952    -0.8595
			    -0.9756    0.0717    -0.2076
			    0.0949    -0.9414    -0.3238
		b:
			    285.4998
			    204.5644
			    585.0343
			    -93.4489
			    -343.8785
			    -525.1474
	==================================================================================
	Q2:
		Shape: Hybrid
		q_c:    311.0000    478.0000    330.5000
		ub :    318.9238    485.7597    335.7182
		lb :    303.0762    470.2403    325.2818
		P^-1: 
			    0.0300    -0.0110    -0.0017
			    -0.0110    0.0437    -0.0034
			    -0.0017    -0.0034    0.0619
		A:
			    0.8890    -0.3526    0.2921
			    -0.1076    -0.3660    0.9244
			    0.3397    0.6567    -0.6733
			    -0.7946    0.3999    -0.4569
			    -0.7268    0.2068    -0.6549
			    0.1094    -0.9619    -0.2505
		b:
			    207.7758
			    99.2208
			    199.9872
			    -203.9655
			    -340.5722
			    -505.6902
	==================================================================================
	Q3:
		Shape: Polyhedra
		q_c:    301.5000    477.5000    329.5000
		ub :    307.9389    483.3552    332.9879
		lb :    295.0611    471.6448    326.0121
		A:
			    -0.7696    0.5547    0.3163
			    -0.1294    0.3651    0.9219
			    0.1831    0.3103    0.9328
			    0.1323    -0.2029    0.9702
			    0.1602    0.2686    0.9498
			    0.1349    -0.5784    0.8045
			    0.1426    0.3755    0.9158
			    -0.5261    0.8125    -0.2513
			    -0.8384    -0.4460    0.3134
			    -0.1426    -0.3755    -0.9158
			    0.5261    -0.8125    0.2513
			    0.8384    0.4460    -0.3134
		b:
			    141.0790
			    440.6970
			    511.7911
			    265.2109
			    490.6255
			    33.1786
			    525.0592
			    150.5349
			    -357.4475
			    -523.0592
			    -142.5349
			    367.4475
	==================================================================================
	Q4:
		Shape: Polyhedra
		q_c:    306.5000    473.5000    332.5000
		ub :    313.5384    481.5570    339.8958
		lb :    299.4616    465.4430    325.1042
		A:
			    0.3087    0.8871    0.3431
			    0.9432    0.2284    0.2414
			    -0.5687    0.8209    0.0526
			    -0.5029    -0.8458    0.1782
			    -0.5101    -0.6720    -0.5369
			    -0.7529    0.1170    -0.6477
			    0.8468    0.3216    0.4236
			    0.4057    -0.9056    -0.1234
			    0.3440    0.2764    -0.8974
			    -0.8468    -0.3216    -0.4236
			    -0.4057    0.9056    0.1234
			    -0.3440    -0.2764    0.8974
		b:
			    633.5606
			    480.7240
			    237.8111
			    -490.3129
			    -649.1306
			    -386.7777
			    555.6909
			    -339.5128
			    -56.0840
			    -549.6909
			    351.5128
			    68.0840
	==================================================================================
	Q5:
		Shape: Polyhedra
		q_c:    317.0000    491.0000    347.0000
		ub :    320.3460    498.4221    355.2020
		lb :    313.6540    483.5779    338.7980
		A:
			    0.8743    -0.0822    -0.4785
			    0.1296    0.2519    -0.9590
			    0.9022    -0.2268    0.3668
			    -0.9985    -0.0126    0.0532
			    0.9515    0.2470    -0.1834
			    0.8316    -0.0565    -0.5524
			    0.1710    0.6157    0.7692
			    -0.1739    0.7873    -0.5915
			    -0.9698    -0.0326    0.2417
			    -0.1710    -0.6157    -0.7692
			    0.1739    -0.7873    0.5915
			    0.9698    0.0326    -0.2417
		b:
			    73.2549
			    -163.0630
			    305.0758
			    -302.4043
			    361.2681
			    47.0205
			    630.9310
			    129.7054
			    -238.0515
			    -615.9310
			    -122.7054
			    241.0515
	==================================================================================
	Q6:
		Shape: Hybrid
		q_c:    310.0000    475.5000    330.5000
		ub :    313.3317    480.4369    335.0771
		lb :    306.6683    470.5631    325.9229
		P^-1: 
			    0.2223    -0.0063    -0.0423
			    -0.0063    0.0828    0.0450
			    -0.0423    0.0450    0.1673
		A:
			    -0.5463    0.4808    -0.6859
			    0.1208    -0.8381    -0.5321
			    0.8827    -0.4431    -0.1568
			    -0.3855    0.6512    0.6537
			    -0.9772    0.1805    -0.1120
			    0.5262    0.6030    0.5996
		b:
			    -164.9852
			    -534.9780
			    12.5542
			    407.6697
			    -252.7366
			    649.6388


===========================================================================================
===========================================================================================
S11:
	q_c:    435.0000    517.5000    420.0000
	ub :    449.0000    540.0000    444.0000
	lb :    421.0000    495.0000    396.0000

	==================================================================================
	Q1:
		Shape: Polyhedra
		q_c:    445.0000    515.5000    414.0000
		ub :    451.0305    521.7842    419.8721
		lb :    438.9695    509.2158    408.1279
		A:
			    -0.2846    0.8304    0.4790
			    -0.4302    0.0544    0.9011
			    0.2348    -0.2761    0.9320
			    -0.1441    0.9850    -0.0949
			    -0.2440    -0.9698    0.0007
			    0.8468    -0.1398    -0.5132
			    0.3792    0.5599    0.7367
			    -0.6003    0.7548    -0.2646
			    -0.7042    -0.3419    0.6223
			    -0.3792    -0.5599    -0.7367
			    0.6003    -0.7548    0.2646
			    0.7042    0.3419    -0.6223
		b:
			    503.7028
			    213.0040
			    351.7630
			    408.2657
			    -604.4232
			    95.6166
			    766.3565
			    16.4116
			    -228.9909
			    -758.3565
			    -8.4116
			    234.9909
	==================================================================================
	Q2:
		Shape: Polyhedra
		q_c:    434.5000    523.5000    417.0000
		ub :    441.2016    531.6417    423.9460
		lb :    427.7984    515.3583    410.0540
		A:
			    -0.5440    0.2301    -0.8069
			    0.6231    0.7815    -0.0312
			    0.8191    0.5548    0.1462
			    0.6546    0.5728    0.4934
			    0.6984    -0.5329    -0.4777
			    -0.2516    -0.7252    -0.6409
			    0.9823    0.0868    0.1658
			    0.0586    -0.9841    0.1679
			    0.1777    -0.1552    -0.9718
			    -0.9823    -0.0868    -0.1658
			    -0.0586    0.9841    -0.1679
			    -0.1777    0.1552    0.9718
		b:
			    -446.8053
			    673.2164
			    713.1342
			    795.7495
			    -169.0118
			    -750.3798
			    546.8891
			    -412.6914
			    -404.2536
			    -535.8891
			    426.6914
			    414.2536
	==================================================================================
	Q3:
		Shape: Polyhedra
		q_c:    443.5000    531.5000    428.5000
		ub :    448.5381    538.4153    433.8269
		lb :    438.4619    524.5847    423.1731
		A:
			    -0.1927    0.7973    0.5721
			    0.5621    0.7031    0.4355
			    -0.7118    0.1513    0.6859
			    0.6605    0.3827    0.6459
			    0.1166    0.5092    0.8527
			    0.0149    -0.7945    -0.6070
			    0.0082    0.4744    0.8803
			    -1.0000    0.0015    0.0085
			    0.0027    -0.8803    0.4744
			    -0.0082    -0.4744    -0.8803
			    1.0000    -0.0015    -0.0085
			    -0.0027    0.8803    -0.4744
		b:
			    587.1210
			    813.8737
			    62.7849
			    776.9258
			    690.3165
			    -672.2683
			    635.4751
			    -434.0677
			    -256.8605
			    -630.4751
			    444.0677
			    269.8605
	==================================================================================
	Q4:
		Shape: Hybrid
		q_c:    443.5000    528.0000    429.0000
		ub :    450.9168    538.4103    435.8705
		lb :    436.0832    517.5897    422.1295
		P^-1: 
			    0.1336    0.0693    -0.0586
			    0.0693    0.0600    -0.0697
			    -0.0586    -0.0697    0.1470
		A:
			    0.6236    0.5476    -0.5579
			    0.2825    0.2169    -0.9344
			    0.4713    0.1696    0.8655
			    0.9544    0.0075    -0.2985
			    -0.5227    -0.3989    0.7535
			    -0.6857    -0.1833    0.7045
		b:
			    327.6454
			    -159.0178
			    673.0785
			    303.1247
			    -118.0418
			    -96.0820
	==================================================================================
	Q5:
		Shape: Ellipse
		q_c:    422.5000    512.0000    415.5000
		ub :    427.5772    520.7579    426.0163
		lb :    417.4228    503.2421    404.9837
		P^-1: 
			    0.0493    -0.0006    -0.0010
			    -0.0006    0.0409    -0.0159
			    -0.0010    -0.0159    0.0196
	==================================================================================
	Q6:
		Shape: Hybrid
		q_c:    419.5000    528.5000    428.0000
		ub :    424.5500    532.5197    433.8954
		lb :    414.4500    524.4803    422.1046
		P^-1: 
			    0.0994    0.0189    -0.0451
			    0.0189    0.7592    -0.4128
			    -0.0451    -0.4128    0.2856
		A:
			    0.1281    -0.9558    0.2647
			    0.0784    -0.8527    0.5165
			    -0.5407    0.4580    0.7056
			    0.3088    0.9268    -0.2137
			    -0.8629    0.5001    -0.0728
			    -0.1403    0.8115    -0.5672
		b:
			    -337.1194
			    -196.0980
			    320.6143
			    529.6709
			    -126.4645
			    128.0927


===========================================================================================
===========================================================================================
S12:
	q_c:    451.0000    516.5000    483.5000
	ub :    477.0000    537.0000    501.0000
	lb :    425.0000    496.0000    466.0000

	==================================================================================
	Q1:
		Shape: Hybrid
		q_c:    455.5000    502.0000    489.0000
		ub :    463.1200    508.9516    493.8554
		lb :    447.8800    495.0484    484.1446
		P^-1: 
			    0.0663    -0.0201    0.1340
			    -0.0201    0.0319    -0.0548
			    0.1340    -0.0548    0.3877
		A:
			    0.5136    -0.2644    0.8163
			    0.5688    -0.7854    0.2441
			    0.2672    -0.2837    0.9209
			    -0.1126    -0.1226    -0.9860
			    -0.3759    -0.0894    -0.9224
			    0.7604    0.3335    0.5574
		b:
			    501.8819
			    -10.7756
			    430.7359
			    -593.0089
			    -665.7455
			    790.5579
	==================================================================================
	Q2:
		Shape: Hybrid
		q_c:    464.0000    511.5000    489.5000
		ub :    470.9130    519.2602    497.9795
		lb :    457.0870    503.7398    481.0205
		P^-1: 
			    0.0550    0.0067    0.0127
			    0.0067    0.0294    0.0031
			    0.0127    0.0031    0.0337
		A:
			    -0.8439    -0.3645    -0.3936
			    -0.2897    0.1286    -0.9484
			    -0.6005    0.6749    -0.4289
			    -0.8561    -0.3191    0.4066
			    0.9583    -0.2624    0.1135
			    -0.3268    -0.5558    -0.7644
		b:
			    -768.6324
			    -529.5420
			    -139.9419
			    -358.2225
			    368.6563
			    -807.0414
	==================================================================================
	Q3:
		Shape: Ellipse
		q_c:    453.0000    500.5000    472.5000
		ub :    463.8037    511.0235    482.6227
		lb :    442.1963    489.9765    462.3773
		P^-1: 
			    0.0289    -0.0062    -0.0087
			    -0.0062    0.0219    -0.0021
			    -0.0087    -0.0021    0.0325
	==================================================================================
	Q4:
		Shape: Polyhedra
		q_c:    442.5000    520.0000    496.5000
		ub :    453.7388    531.0862    504.9029
		lb :    431.2612    508.9138    488.0971
		A:
			    -0.6609    0.4579    -0.5946
			    0.2500    -0.3637    -0.8974
			    -0.3460    0.5274    0.7760
			    0.9483    -0.2308    -0.2179
			    -0.7681    -0.2825    -0.5747
			    0.4058    -0.7242    0.5576
			    0.6302    0.7498    0.2016
			    0.6167    -0.6412    0.4567
			    0.4717    -0.1635    -0.8665
			    -0.6302    -0.7498    -0.2016
			    -0.6167    0.6412    -0.4567
			    -0.4717    0.1635    0.8665
		b:
			    -342.0995
			    -519.6064
			    511.1433
			    197.6032
			    -764.7041
			    87.2554
			    776.3409
			    173.7433
			    -302.5376
			    -761.3409
			    -158.7433
			    310.5376
	==================================================================================
	Q5:
		Shape: Ellipse
		q_c:    442.5000    518.0000    466.5000
		ub :    450.7668    528.0167    477.0680
		lb :    434.2332    507.9833    455.9320
		P^-1: 
			    0.0503    -0.0024    -0.0198
			    -0.0024    0.0180    0.0015
			    -0.0198    0.0015    0.0298
	==================================================================================
	Q6:
		Shape: Hybrid
		q_c:    460.0000    505.0000    470.5000
		ub :    468.4360    509.5894    479.3453
		lb :    451.5640    500.4106    461.6547
		P^-1: 
			    0.2545    -0.3863    -0.1401
			    -0.3863    0.7085    0.2095
			    -0.1401    0.2095    0.1020
		A:
			    -0.5870    0.7504    0.3039
			    -0.5207    0.7620    0.3850
			    0.1775    -0.7923    0.5837
			    -0.6778    0.6851    0.2671
			    -0.5137    0.8330    0.2053
			    0.2992    -0.9542    -0.0021
		b:
			    252.6247
			    327.1684
			    -39.8501
			    161.1462
			    281.6047
			    -343.8781


===========================================================================================
===========================================================================================
S13:
	q_c:    103.5000    189.0000    370.0000
	ub :    125.0000    206.0000    383.0000
	lb :    82.0000    172.0000    357.0000

	==================================================================================
	Q1:
		Shape: Ellipse
		q_c:    109.0000    184.5000    374.0000
		ub :    120.4943    195.6196    385.1741
		lb :    97.5057    173.3804    362.8259
		P^-1: 
			    0.0236    -0.0035    0.0030
			    -0.0035    0.0247    0.0035
			    0.0030    0.0035    0.0170
	==================================================================================
	Q2:
		Shape: Hybrid
		q_c:    116.0000    190.5000    384.0000
		ub :    122.3310    195.3968    387.7840
		lb :    109.6690    185.6032    380.2160
		P^-1: 
			    0.0757    0.0182    0.1225
			    0.0182    0.0743    0.0652
			    0.1225    0.0652    0.3900
		A:
			    -0.4302    -0.1090    -0.8961
			    0.0759    0.2064    0.9755
			    -0.3962    0.1789    -0.9006
			    0.4608    0.6970    0.5494
			    -0.1101    0.2403    -0.9644
			    0.2756    -0.6452    -0.7126
		b:
			    -413.8960
			    423.9434
			    -356.4250
			    399.4822
			    -335.6227
			    -361.8823
	==================================================================================
	Q3:
		Shape: Polyhedra
		q_c:    109.0000    199.0000    355.5000
		ub :    121.5069    212.5291    369.2262
		lb :    96.4931    185.4709    341.7738
		A:
			    0.4376    -0.2613    -0.8604
			    -0.9507    0.2645    0.1621
			    -0.8861    -0.4610    -0.0480
			    -0.8502    -0.5018    0.1592
			    -0.0935    0.6304    -0.7706
			    -0.7065    -0.5276    0.4716
			    0.3437    0.7305    0.5901
			    -0.6016    0.6538    -0.4589
			    -0.7211    -0.1973    0.6641
			    -0.3437    -0.7305    -0.5901
			    0.6016    -0.6538    0.4589
			    0.7211    0.1973    -0.6641
		b:
			    -302.2444
			    13.3941
			    -196.8286
			    -127.9290
			    -151.8546
			    -7.2175
			    403.1255
			    -91.6178
			    124.7455
			    -382.1255
			    105.6178
			    -111.7455
	==================================================================================
	Q4:
		Shape: Hybrid
		q_c:    95.5000    185.0000    380.5000
		ub :    101.9887    191.4572    388.8416
		lb :    89.0113    178.5428    372.1584
		P^-1: 
			    0.0642    0.0202    -0.0047
			    0.0202    0.0569    -0.0035
			    -0.0047    -0.0035    0.0162
		A:
			    -0.9048    0.2995    -0.3026
			    0.0700    -0.6428    -0.7629
			    -0.0967    -0.8813    0.4625
			    0.6624    -0.2542    -0.7047
			    0.4460    0.8780    -0.1740
			    0.0631    -0.9758    -0.2091
		b:
			    -142.6850
			    -397.3122
			    7.0308
			    -247.3458
			    140.9032
			    -250.9797
	==================================================================================
	Q5:
		Shape: Hybrid
		q_c:    91.5000    183.0000    367.0000
		ub :    99.7527    193.6616    376.9145
		lb :    83.2473    172.3384    357.0855
		P^-1: 
			    0.0388    0.0071    -0.0149
			    0.0071    0.0266    -0.0162
			    -0.0149    -0.0162    0.0406
		A:
			    -0.8549    -0.1968    0.4800
			    -0.9580    -0.1712    0.2299
			    -0.6987    -0.3707    0.6119
			    0.0959    -0.9276    0.3610
			    -0.3327    -0.1593    0.9295
			    0.1305    -0.3274    0.9358
		b:
			    64.3467
			    -31.6990
			    94.8552
			    -24.5127
			    284.3797
			    298.8104
	==================================================================================
	Q6:
		Shape: Polyhedra
		q_c:    112.0000    196.5000    357.0000
		ub :    117.0154    207.8933    368.1569
		lb :    106.9846    185.1067    345.8431
		A:
			    -0.8719    0.1487    0.4665
			    -0.9642    -0.2286    0.1346
			    -0.9464    0.1019    -0.3065
			    0.8369    0.1800    0.5170
			    0.7823    0.3716    -0.4999
			    0.4674    -0.8833    0.0364
			    0.0982    0.8204    0.5633
			    -0.3049    0.5636    -0.7677
			    -0.9473    -0.0964    0.3054
			    -0.0982    -0.8204    -0.5633
			    0.3049    -0.5636    0.7677
			    0.9473    0.0964    -0.3054
		b:
			    101.2765
			    -102.1715
			    -190.5180
			    319.8587
			    -14.4879
			    -100.6783
			    381.8052
			    -189.9650
			    -14.0020
			    -364.8052
			    204.9650
			    18.0020


===========================================================================================
===========================================================================================
S14:
	q_c:    205.0000    174.5000    107.0000
	ub :    223.0000    205.0000    139.0000
	lb :    187.0000    144.0000    75.0000

	==================================================================================
	Q1:
		Shape: Ellipse
		q_c:    203.0000    181.0000    99.5000
		ub :    214.1984    194.8056    113.1380
		lb :    191.8016    167.1944    85.8620
		P^-1: 
			    0.0198    -0.0044    -0.0043
			    -0.0044    0.0154    -0.0020
			    -0.0043    -0.0020    0.0163
	==================================================================================
	Q2:
		Shape: Hybrid
		q_c:    194.0000    161.0000    98.0000
		ub :    204.9941    173.4198    108.8528
		lb :    183.0059    148.5802    87.1472
		P^-1: 
			    0.0182    0.0019    0.0015
			    0.0019    0.0194    -0.0025
			    0.0015    -0.0025    0.0222
		A:
			    0.9392    -0.2204    0.2634
			    0.5327    0.3893    -0.7515
			    0.0350    -0.9787    -0.2022
			    -0.6630    -0.0050    -0.7486
			    0.0916    -0.9909    0.0987
			    0.8619    -0.4661    0.1997
		b:
			    176.6800
			    95.9942
			    -166.3782
			    -199.2405
			    -128.0804
			    116.0462
	==================================================================================
	Q3:
		Shape: Ellipse
		q_c:    200.0000    169.5000    93.5000
		ub :    203.4765    174.7924    100.2821
		lb :    196.5235    164.2076    86.7179
		P^-1: 
			    0.1108    0.0026    0.0040
			    0.0026    0.0401    -0.0004
			    0.0040    -0.0004    0.0239
	==================================================================================
	Q4:
		Shape: Polyhedra
		q_c:    215.0000    171.5000    125.5000
		ub :    221.0404    179.3757    133.7796
		lb :    208.9596    163.6243    117.2204
		A:
			    0.5156    -0.7280    -0.4518
			    -0.7881    0.5895    0.1774
			    0.8984    -0.3634    -0.2466
			    -0.5685    0.2967    0.7673
			    0.0674    -0.5033    -0.8615
			    0.5341    -0.8352    -0.1310
			    0.6885    0.4029    0.6030
			    -0.2230    -0.6736    0.7047
			    0.6901    -0.6197    -0.3739
			    -0.6885    -0.4029    -0.6030
			    0.2230    0.6736    -0.7047
			    -0.6901    0.6197    0.3739
		b:
			    -68.0878
			    -43.4238
			    102.7186
			    28.9588
			    -176.1869
			    -41.4537
			    296.8062
			    -68.0255
			    -2.3158
			    -288.8062
			    82.0255
			    7.3158
	==================================================================================
	Q5:
		Shape: Hybrid
		q_c:    188.0000    191.5000    96.5000
		ub :    197.5257    203.4047    108.6034
		lb :    178.4743    179.5953    84.3966
		P^-1: 
			    0.0342    0.0065    -0.0013
			    0.0065    0.0234    0.0130
			    -0.0013    0.0130    0.0255
		A:
			    0.9895    -0.1212    0.0787
			    -0.9723    0.2033    -0.1149
			    0.9472    0.0750    0.3119
			    -0.3562    0.7640    0.5380
			    -0.8486    -0.5145    0.1230
			    -0.9126    -0.3832    -0.1427
		b:
			    174.0843
			    -150.9000
			    226.0598
			    134.6840
			    -243.0569
			    -256.0708
	==================================================================================
	Q6:
		Shape: Hybrid
		q_c:    204.5000    183.5000    91.0000
		ub :    213.9783    192.7156    99.0386
		lb :    195.0217    174.2844    82.9614
		P^-1: 
			    0.0357    0.0041    0.0096
			    0.0041    0.0299    0.0049
			    0.0096    0.0049    0.0394
		A:
			    0.0351    -0.6372    0.7699
			    0.5292    0.8485    -0.0057
			    0.4232    0.8080    0.4099
			    -0.9150    -0.2805    -0.2901
			    -0.0366    -0.6518    0.7575
			    -0.8038    0.5742    0.1557
		b:
			    -36.1548
			    266.6937
			    274.9353
			    -262.2840
			    -54.5461
			    -41.1333


===========================================================================================
===========================================================================================
S15:
	q_c:    95.0000    519.5000    223.5000
	ub :    115.0000    527.0000    241.0000
	lb :    75.0000    512.0000    206.0000

	==================================================================================
	Q1:
		Shape: Polyhedra
		q_c:    103.0000    528.0000    220.5000
		ub :    106.3906    531.8350    224.1817
		lb :    99.6094    524.1650    216.8183
		A:
			    0.5210    0.4783    0.7070
			    -0.9457    0.2359    -0.2238
			    -0.1404    -0.8841    -0.4457
			    -0.7818    -0.3336    0.5268
			    0.9486    -0.2203    -0.2273
			    0.7518    -0.5746    -0.3236
			    0.7815    0.5821    0.2244
			    0.6165    -0.7757    -0.1350
			    0.0954    0.2439    -0.9651
			    -0.7815    -0.5821    -0.2244
			    -0.6165    0.7757    0.1350
			    -0.0954    -0.2439    0.9651
		b:
			    464.4098
			    -19.8938
			    -577.2692
			    -137.9826
			    -66.3343
			    -294.7634
			    439.3264
			    -373.3339
			    -71.2142
			    -435.3264
			    378.3339
			    77.2142
	==================================================================================
	Q2:
		Shape: Hybrid
		q_c:    94.5000    523.0000    223.0000
		ub :    99.4212    528.8920    227.6721
		lb :    89.5788    517.1080    218.3279
		P^-1: 
			    0.0789    0.0088    -0.0016
			    0.0088    0.0531    0.0053
			    -0.0016    0.0053    0.0807
		A:
			    -0.2811    -0.3674    -0.8866
			    -0.9407    -0.1573    0.3006
			    -0.4033    0.6788    -0.6136
			    -0.1295    0.4442    0.8865
			    0.6344    -0.2395    -0.7350
			    0.3810    0.2509    -0.8899
		b:
			    -414.6711
			    -102.3413
			    182.6000
			    419.6082
			    -227.3907
			    -29.3850
	==================================================================================
	Q3:
		Shape: Polyhedra
		q_c:    97.0000    523.5000    231.5000
		ub :    101.3155    526.3351    235.7831
		lb :    92.6845    520.6649    227.2169
		A:
			    -0.4236    0.8936    0.1482
			    -0.0057    -0.6669    -0.7451
			    -0.8499    -0.2839    -0.4439
			    0.2288    -0.7495    0.6211
			    -0.7089    0.5491    0.4427
			    0.2176    -0.6764    -0.7037
			    0.8802    0.0972    0.4645
			    -0.4404    -0.1975    0.8758
			    0.1769    -0.9755    -0.1311
			    -0.8802    -0.0972    -0.4645
			    0.4404    0.1975    -0.8758
			    -0.1769    0.9755    0.1311
		b:
			    463.1317
			    -519.6875
			    -330.8509
			    -223.8228
			    323.7054
			    -493.4745
			    246.7856
			    59.6255
			    -521.8470
			    -240.7856
			    -53.6255
			    525.8470
	==================================================================================
	Q4:
		Shape: Polyhedra
		q_c:    89.0000    526.5000    224.5000
		ub :    94.2783    531.9435    228.6586
		lb :    83.7217    521.0565    220.3414
		A:
			    0.2128    -0.3754    -0.9021
			    -0.0297    -0.9984    0.0481
			    0.0377    0.8324    -0.5529
			    0.6387    -0.0352    -0.7687
			    -0.6918    0.5634    -0.4517
			    -0.1788    -0.8954    -0.4078
			    0.8450    0.5279    0.0853
			    0.1093    -0.3266    0.9388
			    0.5235    -0.7840    -0.3337
			    -0.8450    -0.5279    -0.0853
			    -0.1093    0.3266    -0.9388
			    -0.5235    0.7840    0.3337
		b:
			    -378.2142
			    -514.1594
			    320.6706
			    -130.9928
			    136.7598
			    -575.4196
			    376.3115
			    51.5383
			    -438.0801
			    -368.3115
			    -45.5383
			    444.0801
	==================================================================================
	Q5:
		Shape: Ellipse
		q_c:    87.5000    528.5000    220.0000
		ub :    91.9730    533.2067    224.5275
		lb :    83.0270    523.7933    215.4725
		P^-1: 
			    0.1324    0.0257    -0.0018
			    0.0257    0.1347    0.0117
			    -0.0018    0.0117    0.0857
	==================================================================================
	Q6:
		Shape: Ellipse
		q_c:    90.5000    519.5000    224.5000
		ub :    96.1192    525.4182    228.4856
		lb :    84.8808    513.5818    220.5144
		P^-1: 
			    0.0918    -0.0286    -0.0015
			    -0.0286    0.0688    -0.0022
			    -0.0015    -0.0022    0.1110


===========================================================================================
===========================================================================================
