3D_35_25_6_b                l = 3

===========================================================================================
===========================================================================================
S1:
	q_c:	525.5	309.0	200.5
	ub :	547.9323	334.1546	219.7182
	lb :	503.5164	281.8449	185.4888

	==================================================================================
	Q1:
		Shape: Ellipse
		q_c:	516.0	312.0	208.0
		ub :	528.4072	325.223	219.7182
		lb :	503.5928	298.777	196.2818
		P^-1:
			0.0187	-0.0036	-0.0032
			-0.0036	0.0166	0.0018
			-0.0032	0.0018	0.0178
	==================================================================================
	Q2:
		Shape: Hybrid
		q_c:	524.0	321.0	200.5
		ub :	530.3652	329.8672	208.6193
		lb :	517.6348	312.1328	192.3807
		P^-1:
			0.0287	-0.0054	0.0067
			-0.0054	0.0507	-0.0468
			0.0067	-0.0468	0.0734
		A:
			-0.0822	0.5204	-0.8499
			-0.3675	-0.7889	0.4926
			0.4847	-0.6497	0.5856
			-0.331	-0.3031	0.8936
			-0.413	-0.5718	0.7089
			-0.0749	-0.6661	0.7421
		b:
			-44.7745
			-343.9691
			165.1254
			-88.6062
			-255.3395
			-102.6247
	==================================================================================
	Q3:
		Shape: Ellipse
		q_c:	535.0	300.0	196.5
		ub :	546.6959	312.1337	202.0823
		lb :	523.3041	287.8663	190.9177
		P^-1:
			0.0158	-0.0025	-0.0141
			-0.0025	0.0169	0.02
			-0.0141	0.02	0.1046
	==================================================================================
	Q4:
		Shape: Ellipse
		q_c:	535.0	294.5	206.5
		ub :	547.9323	307.1551	216.3952
		lb :	522.0677	281.8449	196.6048
		P^-1:
			0.0109	0.0027	-0.0015
			0.0027	0.0237	-0.0164
			-0.0015	-0.0164	0.0387
	==================================================================================
	Q5:
		Shape: Polyhedra
		q_c:	526.5	324.0	196.5
		ub :	534.4927	334.1546	205.2049
		lb :	518.5073	313.8454	187.7951
		A:
			0.251	0.677	0.6919
			-0.3598	0.8463	0.3929
			0.6269	-0.7788	-0.0226
			0.9549	0.2966	-0.0114
			-0.3603	-0.1285	-0.9239
			0.0125	-0.4523	-0.8918
			0.366	0.5044	0.7821
			-0.8944	0.4228	0.1459
			-0.2571	-0.7529	0.6059
			-0.366	-0.5044	-0.7821
			0.8944	-0.4228	-0.1459
			0.2571	0.7529	-0.6059
		b:
			491.6129
			166.9961
			78.9049
			602.2602
			-408.1258
			-310.8584
			513.8139
			-300.2271
			-252.2243
			-505.8139
			310.2271
			268.2243
	==================================================================================
	Q6:
		Shape: Hybrid
		q_c:	513.5	310.0	198.0
		ub :	523.4836	322.1476	210.5112
		lb :	503.5164	297.8524	185.4888
		P^-1:
			0.0224	0.0044	-0.0019
			0.0044	0.0243	0.0151
			-0.0019	0.0151	0.0253
		A:
			0.2118	-0.2537	-0.9438
			0.3253	-0.8337	-0.4462
			-0.3353	0.5948	0.7306
			0.8581	-0.4908	-0.151
			-0.839	0.0848	-0.5375
			0.6787	0.4886	0.5483
		b:
			-152.832
			-175.8535
			159.6994
			263.8205
			-504.8377
			611.9722


===========================================================================================
===========================================================================================
S2:
	q_c:	75.5	93.0	196.5
	ub :	89.4315	109.0235	212.0496
	lb :	57.5339	80.6774	184.4236

	==================================================================================
	Q1:
		Shape: Hybrid
		q_c:	64.5	99.5	203.0
		ub :	70.3145	105.3591	207.6306
		lb :	58.6855	93.6409	198.3694
		P^-1:
			0.0951	-0.0249	-0.0334
			-0.0249	0.0824	0.0203
			-0.0334	0.0203	0.1267
		A:
			0.4084	0.8727	0.2676
			-0.1686	0.6122	-0.7725
			-0.4016	-0.1441	-0.9044
			0.6545	0.2108	0.7261
			-0.3894	0.0791	0.9177
			-0.9177	0.2938	-0.2674
		b:
			170.1277
			-104.5541
			-221.6987
			213.02
			170.4369
			-82.0192
	==================================================================================
	Q2:
		Shape: Ellipse
		q_c:	84.0	101.0	190.5
		ub :	89.4315	106.3095	196.5764
		lb :	78.5685	95.6905	184.4236
		P^-1:
			0.1323	-0.0636	-0.0749
			-0.0636	0.111	0.0531
			-0.0749	0.0531	0.1186
	==================================================================================
	Q3:
		Shape: Hybrid
		q_c:	79.5	106.0	200.0
		ub :	83.2872	109.0235	204.3907
		lb :	75.7128	102.9765	195.6093
		P^-1:
			0.334	-0.0564	0.1373
			-0.0564	0.2853	-0.0631
			0.1373	-0.0631	0.1376
		A:
			-0.4672	-0.8824	-0.0556
			0.1572	0.8304	-0.5346
			-0.2454	0.2888	0.9254
			-0.7505	-0.6265	0.2103
			0.7137	-0.6957	-0.0814
			0.2796	0.9249	-0.2576
		b:
			-140.5367
			-4.7503
			199.3542
			-82.3302
			-31.6935
			70.1024
	==================================================================================
	Q4:
		Shape: Hybrid
		q_c:	65.5	98.5	204.5
		ub :	73.4661	103.5064	212.0496
		lb :	57.5339	93.4936	196.9504
		P^-1:
			0.0443	0.02	-0.0094
			0.02	0.1049	0.0065
			-0.0094	0.0065	0.039
		A:
			-0.1079	0.7486	0.6542
			0.1749	0.35	0.9203
			0.0666	0.8986	-0.4337
			0.3121	-0.9492	0.0408
			0.0202	-0.8483	0.5291
			-0.1105	-0.3909	-0.9138
		b:
			202.8361
			237.6686
			6.6091
			-62.2051
			28.7898
			-229.2076
	==================================================================================
	Q5:
		Shape: Hybrid
		q_c:	66.0	97.0	202.5
		ub :	73.067	104.0602	208.6031
		lb :	58.933	89.9398	196.3969
		P^-1:
			0.0714	-0.0131	-0.0295
			-0.0131	0.057	0.0195
			-0.0295	0.0195	0.0722
		A:
			0.8118	-0.0202	0.5836
			-0.3743	0.8374	-0.3982
			0.2552	0.8108	0.5267
			0.4902	0.3243	-0.809
			0.6986	-0.6462	-0.3071
			0.1611	0.2959	0.9415
		b:
			173.1351
			-20.8405
			204.8282
			-97.5715
			-76.7961
			232.6724
	==================================================================================
	Q6:
		Shape: Hybrid
		q_c:	67.5	87.5	201.5
		ub :	73.3197	94.3226	209.066
		lb :	61.6803	80.6774	193.934
		P^-1:
			0.1629	-0.0688	0.0859
			-0.0688	0.0851	-0.0246
			0.0859	-0.0246	0.0881
		A:
			0.8631	-0.4842	0.1435
			0.0339	0.3887	0.9207
			0.5874	-0.7043	0.3987
			0.9758	-0.1799	-0.1247
			-0.7463	0.6461	-0.1599
			0.8661	-0.2625	0.4254
		b:
			46.4289
			225.2396
			59.9292
			28.2964
			-24.6026
			122.4123


===========================================================================================
===========================================================================================
S3:
	q_c:	166.0	425.5	184.5
	ub :	178.4225	435.8222	194.2944
	lb :	157.0362	416.2941	177.3882

	==================================================================================
	Q1:
		Shape: Polyhedra
		q_c:	166.0	419.0	182.0
		ub :	167.8494	421.7059	185.4963
		lb :	164.1506	416.2941	178.5037
		A:
			0.7877	-0.4949	0.3668
			0.7491	0.1645	-0.6417
			0.2367	0.9659	0.1045
			-0.5893	-0.2835	-0.7565
			-0.349	-0.9138	0.2078
			0.7997	-0.4462	0.4017
			0.1182	0.4266	0.8967
			-0.0036	0.9032	-0.4293
			-0.993	0.0475	0.1083
			-0.1182	-0.4266	-0.8967
			0.0036	-0.9032	0.4293
			0.993	-0.0475	-0.1083
		b:
			-8.2647
			78.3204
			465.0844
			-351.5914
			-401.3763
			20.554
			364.573
			301.2069
			-123.727
			-358.573
			-298.2069
			126.727
	==================================================================================
	Q2:
		Shape: Polyhedra
		q_c:	173.5	425.5	183.0
		ub :	178.4225	430.0245	187.2922
		lb :	168.5775	420.9755	178.7078
		A:
			0.7445	-0.4301	-0.5106
			0.6751	0.5205	-0.5228
			0.317	-0.5799	0.7505
			0.0675	0.8909	-0.4492
			-0.9639	-0.2317	-0.1315
			-0.8243	0.1145	0.5544
			0.6059	0.7433	0.2835
			0.3312	0.0884	-0.9394
			-0.7234	0.6631	-0.1926
			-0.6059	-0.7433	-0.2835
			-0.3312	-0.0884	0.9394
			0.7234	-0.6631	0.1926
		b:
			-144.5123
			246.1489
			-51.6998
			311.5586
			-286.6837
			10.0465
			476.7909
			-73.8424
			123.8773
			-469.7909
			79.8424
			-118.8773
	==================================================================================
	Q3:
		Shape: Hybrid
		q_c:	167.5	422.0	189.5
		ub :	171.8447	426.9656	194.2944
		lb :	163.1553	417.0344	184.7056
		P^-1:
			0.1843	-0.0815	-0.0105
			-0.0815	0.1463	0.0084
			-0.0105	0.0084	0.0827
		A:
			0.812	-0.502	-0.2978
			0.2449	0.9009	-0.3583
			0.8757	0.4623	-0.1395
			-0.0823	0.5515	0.8301
			0.3893	-0.9029	-0.1825
			0.9285	-0.3712	-0.008
		b:
			-131.1584
			355.674
			317.6286
			378.4848
			-348.959
			-1.4587
	==================================================================================
	Q4:
		Shape: Polyhedra
		q_c:	165.5	430.0	185.5
		ub :	169.4166	433.9269	188.9994
		lb :	161.5834	426.0731	182.0006
		A:
			-0.1268	-0.5984	-0.7911
			-0.6382	-0.7279	-0.2507
			-0.7584	-0.6147	-0.2166
			0.1277	0.3947	0.9099
			-0.1679	-0.3633	0.9164
			-0.5515	-0.7481	0.369
			0.5485	0.5852	0.5973
			-0.5017	0.8017	-0.3248
			-0.6689	-0.1215	0.7333
			-0.5485	-0.5852	-0.5973
			0.5017	-0.8017	0.3248
			0.6689	0.1215	-0.7333
		b:
			-423.3702
			-463.457
			-428.4322
			361.2905
			-11.5779
			-342.2484
			454.6979
			204.9617
			-24.9328
			-451.6979
			-197.9617
			28.9328
	==================================================================================
	Q5:
		Shape: Ellipse
		q_c:	161.0	423.5	185.0
		ub :	164.9638	426.9766	189.3657
		lb :	157.0362	420.0234	180.6343
		P^-1:
			0.134	-0.0072	0.0236
			-0.0072	0.229	0.0438
			0.0236	0.0438	0.1581
	==================================================================================
	Q6:
		Shape: Hybrid
		q_c:	170.0	430.0	183.5
		ub :	174.4721	435.8222	189.6118
		lb :	165.5279	424.1778	177.3882
		P^-1:
			0.1103	0.0047	-0.0054
			0.0047	0.0848	0.0302
			-0.0054	0.0302	0.0765
		A:
			-0.0046	-0.6413	-0.7673
			0.932	-0.0581	0.3579
			-0.8599	-0.5071	-0.058
			-0.4819	0.7552	0.4443
			0.8413	0.4184	0.3424
			-0.7242	0.3398	-0.6
		b:
			-415.7785
			200.9204
			-373.3398
			325.9301
			387.2566
			-84.6842


===========================================================================================
===========================================================================================
S4:
	q_c:	84.0	247.5	112.5
	ub :	99.929	259.3078	130.5294
	lb :	61.0955	222.786	90.0778

	==================================================================================
	Q1:
		Shape: Polyhedra
		q_c:	74.5	236.5	107.0
		ub :	86.7702	248.7657	115.9947
		lb :	62.2298	224.2343	98.0053
		A:
			0.9443	0.3263	-0.0428
			-0.3051	-0.8141	-0.4941
			-0.1254	0.7488	-0.6508
			0.8711	0.4154	0.2618
			0.8597	0.3701	0.3522
			0.4883	0.7106	-0.5065
			0.5446	0.5696	0.6156
			-0.7775	0.6181	0.1158
			-0.3146	-0.5417	0.7795
			-0.5446	-0.5696	-0.6156
			0.7775	-0.6181	-0.1158
			0.3146	0.5417	-0.7795
		b:
			149.937
			-262.7446
			105.5954
			197.0134
			195.0628
			156.5154
			245.6597
			110.6539
			-61.6342
			-236.6597
			-90.6539
			74.6342
	==================================================================================
	Q2:
		Shape: Hybrid
		q_c:	75.0	239.5	100.0
		ub :	86.461	250.191	109.9222
		lb :	63.539	228.809	90.0778
		P^-1:
			0.023	0.0123	0.0043
			0.0123	0.0308	-0.0009
			0.0043	-0.0009	0.0222
		A:
			-0.1257	0.6443	0.7543
			-0.0253	0.9581	0.2854
			-0.8027	-0.3791	-0.4603
			0.3025	0.9529	0.0215
			0.3351	0.819	0.4657
			0.9224	0.2339	0.3074
		b:
			225.4301
			260.4805
			-193.8262
			256.0389
			271.1195
			159.7845
	==================================================================================
	Q3:
		Shape: Ellipse
		q_c:	72.0	244.5	107.5
		ub :	82.9045	252.9355	117.5628
		lb :	61.0955	236.0645	97.4372
		P^-1:
			0.0242	-0.0077	0.0009
			-0.0077	0.036	-0.0019
			0.0009	-0.0019	0.0206
	==================================================================================
	Q4:
		Shape: Hybrid
		q_c:	90.0	236.0	101.0
		ub :	98.3783	245.4191	108.4276
		lb :	81.6217	226.5809	93.5724
		P^-1:
			0.2061	0.0386	-0.2058
			0.0386	0.0337	-0.0242
			-0.2058	-0.0242	0.2585
		A:
			-0.5569	-0.7192	0.4153
			-0.5302	-0.1599	0.8326
			-0.7023	-0.1524	0.6953
			0.5223	0.1451	-0.8403
			-0.5652	0.2345	0.7909
			-0.6087	0.6632	0.4356
		b:
			-174.5894
			-0.1038
			-28.1563
			-2.3745
			86.0509
			150.6702
	==================================================================================
	Q5:
		Shape: Hybrid
		q_c:	91.5	234.0	116.5
		ub :	99.929	245.214	127.142
		lb :	83.071	222.786	105.858
		P^-1:
			0.0234	0.0009	0.001
			0.0009	0.0204	-0.0039
			0.001	-0.0039	0.0192
		A:
			0.2684	0.9501	-0.1587
			0.3635	-0.1418	0.9208
			0.0735	0.4193	-0.9049
			0.4011	0.2192	-0.8894
			-0.6111	-0.7914	-0.0175
			0.2026	0.4483	-0.8706
		b:
			231.9749
			111.0702
			2.9663
			-11.8155
			-239.5986
			25.522
	==================================================================================
	Q6:
		Shape: Polyhedra
		q_c:	90.5	255.5	123.0
		ub :	99.0499	259.3078	130.5294
		lb :	81.9501	251.6922	115.4706
		A:
			-0.18	0.2333	0.9556
			-0.9057	-0.118	-0.4071
			-0.2917	0.7855	-0.5458
			-0.0228	0.9607	-0.2766
			-0.515	0.5779	-0.6331
			0.4553	0.8259	0.3325
			0.3774	0.4832	0.79
			-0.3119	0.8696	-0.3829
			-0.872	-0.1019	0.4789
			-0.3774	-0.4832	-0.79
			0.3119	-0.8696	0.3829
			0.872	0.1019	-0.4789
		b:
			166.5674
			-156.5915
			108.5336
			211.5163
			25.342
			297.6086
			259.2765
			147.8639
			-38.5376
			-250.2765
			-145.8639
			53.5376


===========================================================================================
===========================================================================================
S5:
	q_c:	121.0	112.5	116.0
	ub :	135.4046	133.6941	132.0034
	lb :	96.9723	100.5377	92.6859

	==================================================================================
	Q1:
		Shape: Polyhedra
		q_c:	129.0	127.5	104.0
		ub :	135.4046	131.8901	110.6449
		lb :	122.5954	123.1099	97.3551
		A:
			-0.7304	0.5313	0.4291
			-0.0168	-0.5504	-0.8347
			0.2358	-0.791	-0.5645
			-0.905	-0.2982	-0.3033
			0.4441	-0.662	-0.6037
			-0.1211	-0.978	0.1697
			0.5497	0.097	0.8297
			-0.5192	0.8177	0.2484
			-0.6544	-0.5674	0.4999
			-0.5497	-0.097	-0.8297
			0.5192	-0.8177	-0.2484
			0.6544	0.5674	-0.4999
		b:
			20.5627
			-155.1403
			-126.3777
			-181.7149
			-87.3128
			-119.4829
			174.5745
			65.1141
			-100.7585
			-164.5745
			-61.1141
			108.7585
	==================================================================================
	Q2:
		Shape: Ellipse
		q_c:	106.0	122.0	106.5
		ub :	115.0277	129.5674	115.0778
		lb :	96.9723	114.4326	97.9222
		P^-1:
			0.0357	0.0	0.0034
			0.0	0.0331	0.0
			0.0034	0.0	0.0374
	==================================================================================
	Q3:
		Shape: Ellipse
		q_c:	113.5	125.5	107.0
		ub :	121.5828	133.6941	114.8109
		lb :	105.4172	117.3059	99.1891
		P^-1:
			0.0378	-0.006	0.0017
			-0.006	0.0466	-0.0123
			0.0017	-0.0123	0.0512
	==================================================================================
	Q4:
		Shape: Ellipse
		q_c:	109.5	116.5	124.0
		ub :	115.4326	125.4688	132.0034
		lb :	103.5674	107.5312	115.9966
		P^-1:
			0.089	-0.0172	0.0284
			-0.0172	0.0252	-0.016
			0.0284	-0.016	0.0547
	==================================================================================
	Q5:
		Shape: Hybrid
		q_c:	110.0	122.5	123.0
		ub :	119.7235	132.3756	128.6801
		lb :	100.2765	112.6244	117.3199
		P^-1:
			0.0535	-0.0068	-0.0804
			-0.0068	0.0218	0.0164
			-0.0804	0.0164	0.2155
		A:
			0.6166	-0.2313	-0.7526
			0.5871	0.1718	-0.7911
			0.6584	-0.3278	-0.6776
			-0.406	0.1446	0.9024
			-0.3872	0.8887	-0.2457
			0.3364	-0.5282	-0.7796
		b:
			-51.1179
			-9.6223
			-48.5369
			85.0994
			42.0559
			-120.9142
	==================================================================================
	Q6:
		Shape: Ellipse
		q_c:	106.5	107.5	101.5
		ub :	113.7669	114.4623	110.3141
		lb :	99.2331	100.5377	92.6859
		P^-1:
			0.2324	-0.2073	-0.0271
			-0.2073	0.2354	0.0246
			-0.0271	0.0246	0.0281


===========================================================================================
===========================================================================================
S6:
	q_c:	490.0	205.0	159.5
	ub :	510.3235	209.3224	180.843
	lb :	475.7354	187.5365	143.3897

	==================================================================================
	Q1:
		Shape: Hybrid
		q_c:	503.0	194.5	150.0
		ub :	510.3235	201.4635	156.6103
		lb :	495.6765	187.5365	143.3897
		P^-1:
			0.0349	0.0036	0.0006
			0.0036	0.0934	-0.0606
			0.0006	-0.0606	0.1048
		A:
			-0.3432	0.8074	-0.4799
			0.6208	0.609	-0.4936
			-0.2053	-0.5765	0.7909
			0.1875	-0.9761	0.1101
			-0.7644	0.2399	-0.5984
			-0.0257	0.9555	-0.2939
		b:
			-85.4843
			359.2658
			-95.3197
			-76.248
			-424.3952
			130.9935
	==================================================================================
	Q2:
		Shape: Hybrid
		q_c:	489.0	204.5	154.5
		ub :	496.1852	209.3224	162.1939
		lb :	481.8148	199.6776	146.8061
		P^-1:
			0.0766	-0.0063	0.0423
			-0.0063	0.11	0.0077
			0.0423	0.0077	0.0593
		A:
			0.6259	0.7622	-0.1653
			0.2906	-0.9391	0.1835
			-0.2676	-0.9635	0.0125
			-0.1312	-0.9636	0.2329
			-0.3865	-0.916	0.108
			-0.6953	0.7147	-0.0766
		b:
			439.5042
			-20.0483
			-324.0211
			-223.0534
			-357.2304
			-203.7261
	==================================================================================
	Q3:
		Shape: Hybrid
		q_c:	489.0	196.5	156.5
		ub :	495.557	201.0026	162.6038
		lb :	482.443	191.9974	150.3962
		P^-1:
			0.0612	-0.0142	0.0067
			-0.0142	0.107	0.0002
			0.0067	0.0002	0.0548
		A:
			0.0183	0.4048	0.9142
			-0.8046	0.2948	0.5154
			-0.9134	-0.0961	-0.3955
			0.6565	-0.1427	0.7407
			-0.3302	0.8088	-0.4866
			-0.2427	0.6222	-0.7443
		b:
			234.1605
			-252.2042
			-524.929
			411.3319
			-76.8682
			-110.6757
	==================================================================================
	Q4:
		Shape: Ellipse
		q_c:	500.0	202.0	151.0
		ub :	505.3631	207.4143	155.9233
		lb :	494.6369	196.5857	146.0767
		P^-1:
			0.0962	0.0247	-0.081
			0.0247	0.0724	-0.0364
			-0.081	-0.0364	0.1933
	==================================================================================
	Q5:
		Shape: Ellipse
		q_c:	481.0	195.5	162.5
		ub :	486.2646	201.1574	168.7919
		lb :	475.7354	189.8426	156.2081
		P^-1:
			0.0617	-0.001	0.003
			-0.001	0.0614	0.0035
			0.003	0.0035	0.0513
	==================================================================================
	Q6:
		Shape: Ellipse
		q_c:	488.5	200.5	172.0
		ub :	497.6362	205.7789	180.843
		lb :	479.3638	195.2211	163.157
		P^-1:
			0.036	-0.0101	0.0166
			-0.0101	0.0788	-0.0012
			0.0166	-0.0012	0.0339


===========================================================================================
===========================================================================================
S7:
	q_c:	523.0	43.0	481.0
	ub :	549.4703	63.8719	503.3474
	lb :	505.3118	28.0466	451.9839

	==================================================================================
	Q1:
		Shape: Polyhedra
		q_c:	526.5	48.0	463.0
		ub :	537.1641	55.272	474.0161
		lb :	515.8359	40.728	451.9839
		A:
			0.8549	0.188	0.4835
			-0.2303	0.2809	0.9317
			0.7115	0.2039	-0.6725
			-0.5082	-0.8157	0.2762
			-0.0603	0.3183	0.9461
			0.3381	-0.8916	-0.3014
			0.6028	0.0352	0.7971
			-0.6606	0.5823	0.4738
			-0.4475	-0.8122	0.3743
			-0.6028	-0.0352	-0.7971
			0.6606	-0.5823	-0.4738
			0.4475	0.8122	-0.3743
		b:
			690.9993
			330.135
			78.0898
			-173.7568
			428.6156
			0.6863
			696.6209
			-95.5023
			-96.3124
			-679.6209
			105.5023
			106.3124
	==================================================================================
	Q2:
		Shape: Hybrid
		q_c:	528.5	34.5	469.5
		ub :	535.1873	40.9534	479.1478
		lb :	521.8127	28.0466	459.8522
		P^-1:
			0.0327	-0.0002	-0.0025
			-0.0002	0.0329	-0.0018
			-0.0025	-0.0018	0.0144
		A:
			-0.7588	0.1055	0.6427
			-0.6675	0.7352	-0.118
			0.4153	0.9066	-0.0746
			0.175	-0.8872	-0.427
			-0.7784	0.6275	0.0205
			0.4993	0.647	-0.5762
		b:
			-91.8461
			-379.9894
			218.4982
			-135.0194
			-377.3564
			19.1125
	==================================================================================
	Q3:
		Shape: Hybrid
		q_c:	510.5	42.5	481.0
		ub :	515.6882	47.3551	486.5181
		lb :	505.3118	37.6449	475.4819
		P^-1:
			0.0815	-0.0014	0.0003
			-0.0014	0.0632	0.0033
			0.0003	0.0033	0.081
		A:
			0.3569	0.9338	0.0266
			0.0598	0.746	0.6633
			0.3405	-0.0738	-0.9374
			-0.7168	-0.1222	-0.6865
			-0.7339	0.2193	0.6429
			0.9803	-0.1975	0.0013
		b:
			236.8663
			383.2052
			-278.4451
			-699.5692
			-54.3821
			494.4316
	==================================================================================
	Q4:
		Shape: Ellipse
		q_c:	538.5	56.0	472.5
		ub :	549.4703	63.8719	477.1238
		lb :	527.5297	48.1281	467.8762
		P^-1:
			0.0203	0.0251	0.0013
			0.0251	0.0713	-0.0005
			0.0013	-0.0005	0.0816
	==================================================================================
	Q5:
		Shape: Ellipse
		q_c:	519.5	52.5	495.5
		ub :	527.418	55.3654	503.3474
		lb :	511.582	49.6346	487.6526
		P^-1:
			0.0466	0.0732	0.0044
			0.0732	0.4295	0.024
			0.0044	0.024	0.0345
	==================================================================================
	Q6:
		Shape: Ellipse
		q_c:	515.0	45.5	484.5
		ub :	524.0097	54.0121	492.6915
		lb :	505.9903	36.9879	476.3085
		P^-1:
			0.0301	-0.0095	-0.0098
			-0.0095	0.0447	-0.0048
			-0.0098	-0.0048	0.0444


===========================================================================================
===========================================================================================
S8:
	q_c:	23.0	474.0	64.0
	ub :	36.8455	500.7673	93.9576
	lb :	-8.7892	440.4527	42.0403

	==================================================================================
	Q1:
		Shape: Ellipse
		q_c:	17.0	466.0	47.0
		ub :	21.6869	472.1786	51.9597
		lb :	12.3131	459.8214	42.0403
		P^-1:
			0.0621	-0.0031	0.0006
			-0.0031	0.0413	0.0042
			0.0006	0.0042	0.0617
	==================================================================================
	Q2:
		Shape: Polyhedra
		q_c:	4.5	455.0	69.0
		ub :	17.7892	469.5473	84.6765
		lb :	-8.7892	440.4527	53.3235
		A:
			0.9154	0.3988	0.0552
			-0.5678	-0.6952	-0.4408
			-0.6299	-0.7255	0.2773
			0.4521	0.8917	0.02
			-0.4663	-0.7446	-0.4777
			0.7553	0.6337	-0.1673
			0.7103	0.6858	0.1588
			0.3067	-0.5046	0.8071
			0.6336	-0.5246	-0.5687
			-0.7103	-0.6858	-0.1588
			-0.3067	0.5046	-0.8071
			-0.6336	0.5246	0.5687
		b:
			195.5118
			-343.188
			-306.7402
			415.6373
			-367.5415
			286.425
			331.6722
			-160.5029
			-266.065
			-320.6722
			184.5029
			284.065
	==================================================================================
	Q3:
		Shape: Ellipse
		q_c:	22.0	485.0	86.5
		ub :	28.9282	491.0035	93.9576
		lb :	15.0718	478.9965	79.0424
		P^-1:
			0.1214	-0.1033	0.0108
			-0.1033	0.1656	-0.0082
			0.0108	-0.0082	0.036
	==================================================================================
	Q4:
		Shape: Hybrid
		q_c:	31.0	473.0	72.5
		ub :	36.8455	486.6883	86.6624
		lb :	25.1545	459.3117	58.3376
		P^-1:
			0.1056	0.0049	0.0225
			0.0049	0.0101	0.0008
			0.0225	0.0008	0.0145
		A:
			0.9811	-0.1734	0.0861
			-0.6202	0.5568	-0.5526
			0.9949	0.0949	0.0352
			-0.9071	-0.4102	-0.0942
			0.9498	-0.1255	0.2867
			-0.696	-0.6684	-0.2625
		b:
			-42.8904
			210.0053
			80.334
			-225.7635
			-7.1675
			-351.3575
	==================================================================================
	Q5:
		Shape: Polyhedra
		q_c:	22.5	465.5	61.5
		ub :	32.2197	475.6513	69.4964
		lb :	12.7803	455.3487	53.5036
		A:
			0.3539	-0.5314	-0.7697
			0.8754	0.2747	-0.3977
			0.5813	0.5102	-0.6338
			0.3324	-0.4782	-0.8129
			-0.1017	-0.8017	-0.589
			-0.2155	0.8469	0.4862
			0.7843	0.6043	0.1402
			0.5026	-0.7514	0.4275
			0.3637	-0.2648	-0.8931
			-0.7843	-0.6043	-0.1402
			-0.5026	0.7514	-0.4275
			-0.3637	0.2648	0.8931
		b:
			-281.9587
			128.2853
			217.019
			-260.4741
			-406.4489
			424.953
			313.0863
			-304.6967
			-165.5078
			-302.0863
			319.6967
			174.5078
	==================================================================================
	Q6:
		Shape: Polyhedra
		q_c:	7.5	491.0	56.5
		ub :	16.1628	500.7673	61.3002
		lb :	-1.1628	481.2327	51.6998
		A:
			0.175	-0.3605	0.9162
			0.5694	0.1406	-0.8099
			0.1887	0.3786	-0.9061
			-0.5067	0.861	0.0437
			-0.9231	0.3773	-0.0741
			0.4108	-0.7605	0.5029
			0.4912	0.8356	0.246
			0.8637	-0.4306	-0.2619
			-0.1129	0.3411	-0.9332
			-0.4912	-0.8356	-0.246
			-0.8637	0.4306	0.2619
			0.1129	-0.3411	0.9332
		b:
			-122.4099
			31.3563
			138.5724
			427.2394
			179.0543
			-337.9187
			436.3652
			-214.7428
			115.4032
			-419.3652
			224.7428
			-112.4032


===========================================================================================
===========================================================================================
S9:
	q_c:	506.0	458.0	32.5
	ub :	528.2785	481.8267	62.2179
	lb :	485.2941	432.5442	10.7383

	==================================================================================
	Q1:
		Shape: Ellipse
		q_c:	509.0	446.0	34.5
		ub :	516.4825	453.8348	40.0373
		lb :	501.5175	438.1652	28.9627
		P^-1:
			0.0404	0.0007	0.0027
			0.0007	0.0414	0.0055
			0.0027	0.0055	0.0607
	==================================================================================
	Q2:
		Shape: Hybrid
		q_c:	518.5	462.0	40.0
		ub :	528.2785	470.1485	49.7138
		lb :	508.7215	453.8515	30.2862
		P^-1:
			0.0293	-0.0037	0.0057
			-0.0037	0.0373	-0.0012
			0.0057	-0.0012	0.0301
		A:
			0.7779	-0.2411	0.5803
			0.3307	0.9427	0.0435
			-0.1164	-0.3533	-0.9282
			0.7131	0.5424	0.4442
			0.5758	0.609	0.5455
			-0.4119	-0.8728	0.2618
		b:
			317.9246
			611.7452
			-257.5001
			641.2086
			604.7639
			-603.1159
	==================================================================================
	Q3:
		Shape: Polyhedra
		q_c:	498.5	469.5	49.5
		ub :	509.7778	478.8132	62.2179
		lb :	487.2222	460.1868	36.7821
		A:
			0.6142	-0.789	-0.0169
			0.2981	-0.8482	-0.4378
			0.7889	-0.5954	0.1522
			-0.4746	0.7979	-0.3716
			-0.8235	0.562	0.0778
			-0.5913	0.6969	-0.4058
			0.5011	0.6	0.6236
			0.6263	0.2459	-0.7398
			-0.5973	0.7612	-0.2526
			-0.5011	-0.6	-0.6236
			-0.6263	-0.2459	0.7398
			0.5973	-0.7612	0.2526
		b:
			-61.9903
			-264.6182
			124.2879
			122.1214
			-138.6743
			14.8708
			571.8589
			399.5387
			49.1589
			-552.8589
			-382.5387
			-45.1589
	==================================================================================
	Q4:
		Shape: Hybrid
		q_c:	501.5	449.0	27.0
		ub :	517.7059	465.4558	39.2729
		lb :	485.2941	432.5442	14.7271
		P^-1:
			0.0116	0.0036	-0.005
			0.0036	0.0121	-0.0052
			-0.005	-0.0052	0.0173
		A:
			-0.4429	-0.7473	0.4953
			-0.9502	0.2976	-0.0923
			-0.9792	-0.1917	0.0667
			-0.9473	-0.1822	0.2636
			-0.451	0.3729	0.8109
			0.8964	0.422	0.1356
		b:
			-540.3777
			-337.9111
			-569.0426
			-544.0881
			-30.8581
			649.1526
	==================================================================================
	Q5:
		Shape: Ellipse
		q_c:	499.0	471.0	36.5
		ub :	509.689	481.8267	48.836
		lb :	488.311	460.1733	24.164
		P^-1:
			0.0537	0.0352	0.0337
			0.0352	0.0423	0.0287
			0.0337	0.0287	0.0398
	==================================================================================
	Q6:
		Shape: Hybrid
		q_c:	511.0	458.5	17.0
		ub :	519.46	466.7556	23.2617
		lb :	502.54	450.2444	10.7383
		P^-1:
			0.0346	0.0188	-0.0105
			0.0188	0.0561	-0.0169
			-0.0105	-0.0169	0.0546
		A:
			-0.1885	0.9266	-0.3253
			0.2266	0.9308	-0.287
			-0.8761	-0.2192	0.4294
			-0.3866	-0.9215	0.037
			-0.2419	-0.9317	-0.2709
			-0.8032	0.1159	0.5844
		b:
			326.193
			539.8633
			-537.6749
			-617.1104
			-552.4948
			-343.6277


===========================================================================================
===========================================================================================
S10:
	q_c:	326.0	83.5	391.0
	ub :	346.0735	99.1194	412.7487
	lb :	303.8997	60.2466	370.0886

	==================================================================================
	Q1:
		Shape: Polyhedra
		q_c:	312.0	91.0	398.0
		ub :	320.1003	95.1663	404.3451
		lb :	303.8997	86.8337	391.6549
		A:
			0.168	-0.0487	-0.9846
			-0.2558	0.7543	-0.6046
			-0.229	0.9319	-0.2812
			0.7363	-0.0695	0.6731
			-0.6372	0.6687	0.3831
			-0.1637	0.7818	-0.6016
			0.2168	0.4571	0.8626
			-0.9214	-0.196	0.3355
			0.3225	-0.8675	0.3787
			-0.2168	-0.4571	-0.8626
			0.9214	0.196	-0.3355
			-0.3225	0.8675	-0.3787
		b:
			-338.9888
			-250.2228
			-97.3552
			495.6602
			19.3726
			-217.3894
			456.5478
			-164.3047
			173.3736
			-448.5478
			179.3047
			-171.3736
	==================================================================================
	Q2:
		Shape: Polyhedra
		q_c:	328.5	87.5	380.5
		ub :	338.3382	97.2347	390.9114
		lb :	318.6618	77.7653	370.0886
		A:
			-0.5157	-0.8338	-0.197
			-0.0836	0.7453	-0.6615
			0.2658	0.7324	0.6269
			0.2162	-0.7426	-0.6339
			0.7198	0.654	-0.2328
			-0.6624	-0.4503	0.5987
			0.6728	0.6915	0.263
			0.715	-0.6991	0.0089
			0.1901	0.1821	-0.9647
			-0.6728	-0.6915	-0.263
			-0.715	0.6991	-0.0089
			-0.1901	-0.1821	0.9647
		b:
			-312.6506
			-205.5522
			395.8774
			-227.9307
			211.1357
			-21.1832
			386.1044
			184.1119
			-279.2182
			-377.1044
			-170.1119
			298.2182
	==================================================================================
	Q3:
		Shape: Ellipse
		q_c:	329.5	71.5	386.5
		ub :	339.9423	80.4607	396.1163
		lb :	319.0577	62.5393	376.8837
		P^-1:
			0.0146	0.0003	0.0027
			0.0003	0.0158	0.001
			0.0027	0.001	0.0227
	==================================================================================
	Q4:
		Shape: Polyhedra
		q_c:	327.0	90.5	379.0
		ub :	332.9887	96.295	382.7462
		lb :	321.0113	84.705	375.2538
		A:
			-0.2089	-0.3235	0.9229
			0.3343	0.2481	-0.9092
			-0.4436	-0.2573	0.8585
			0.146	0.1258	-0.9813
			-0.4103	-0.7958	0.4455
			0.5781	0.3211	-0.7501
			0.6241	0.7304	0.2777
			0.7103	-0.6784	0.1878
			0.3255	0.0801	-0.9421
			-0.6241	-0.7304	-0.2777
			-0.7103	0.6784	-0.1878
			-0.3255	-0.0801	0.9421
		b:
			254.4116
			-210.7226
			159.1713
			-310.6611
			-33.9429
			-63.7942
			379.4149
			246.0598
			-241.374
			-371.4149
			-238.0598
			245.374
	==================================================================================
	Q5:
		Shape: Polyhedra
		q_c:	332.0	90.0	402.0
		ub :	340.172	99.1194	411.8151
		lb :	323.828	80.8806	392.1849
		A:
			-0.8554	-0.027	-0.5173
			0.7337	0.3368	-0.5901
			0.9438	-0.3024	-0.1337
			-0.8101	-0.0728	0.5818
			-0.4972	-0.3953	0.7723
			0.2599	0.2837	-0.923
			0.3531	0.634	0.688
			0.4682	-0.7564	0.4568
			0.81	0.1608	-0.564
			-0.3531	-0.634	-0.688
			-0.4682	0.7564	-0.4568
			-0.81	-0.1608	0.564
		b:
			-488.0903
			40.7017
			236.5728
			-37.5686
			113.9766
			-254.3911
			458.8616
			275.4994
			60.6668
			-442.8616
			-266.4994
			-52.6668
	==================================================================================
	Q6:
		Shape: Hybrid
		q_c:	337.0	69.0	403.5
		ub :	346.0735	77.7534	412.7487
		lb :	327.9265	60.2466	394.2513
		P^-1:
			0.0401	-0.0094	-0.0058
			-0.0094	0.0392	-0.0018
			-0.0058	-0.0018	0.0236
		A:
			0.1645	-0.9748	0.1505
			-0.5479	0.5485	0.6316
			-0.8037	-0.0695	-0.5909
			0.2288	-0.9428	-0.2423
			-0.8695	0.4915	0.0495
			0.8648	-0.4112	-0.2881
		b:
			51.6168
			111.0927
			-509.892
			-82.8567
			-236.7632
			149.1588


===========================================================================================
===========================================================================================
S11:
	q_c:	452.5	456.0	460.5
	ub :	477.8197	485.5123	489.6664
	lb :	426.0932	432.3919	437.8456

	==================================================================================
	Q1:
		Shape: Polyhedra
		q_c:	442.5	449.0	447.5
		ub :	458.9068	465.6081	457.1544
		lb :	426.0932	432.3919	437.8456
		A:
			0.5569	-0.1404	-0.8187
			0.2543	-0.494	0.8315
			0.7358	0.1552	0.6592
			-0.3248	-0.2347	0.9162
			-0.9741	0.0702	-0.2149
			0.2072	-0.9717	0.1132
			0.1672	0.2037	0.9647
			-0.7724	0.6351	-0.0003
			-0.6127	-0.745	0.2635
			-0.1672	-0.2037	-0.9647
			0.7724	-0.6351	0.0003
			0.6127	0.745	-0.2635
		b:
			-173.8709
			271.8198
			698.9622
			169.6901
			-485.0794
			-282.9529
			604.1226
			-45.7306
			-476.7394
			-590.1226
			67.7306
			498.7394
	==================================================================================
	Q2:
		Shape: Polyhedra
		q_c:	461.0	471.5	473.0
		ub :	477.8197	485.5123	489.6664
		lb :	444.1803	457.4877	456.3336
		A:
			0.1176	-0.9798	0.1617
			0.7808	0.5867	-0.2149
			0.6839	0.536	-0.495
			0.3481	0.7634	-0.5441
			-0.9258	0.0546	-0.374
			0.9137	-0.2905	-0.2841
			0.621	0.7317	0.281
			0.5755	-0.669	0.4704
			0.5321	-0.1304	-0.8366
			-0.621	-0.7317	-0.281
			-0.5755	0.669	-0.4704
			-0.5321	0.1304	0.8366
		b:
			-321.7694
			543.6712
			343.6656
			272.8426
			-568.5398
			160.7607
			771.6857
			182.8296
			-200.3608
			-756.6857
			-161.8296
			223.3608
	==================================================================================
	Q3:
		Shape: Ellipse
		q_c:	447.0	466.0	463.0
		ub :	455.7697	474.3581	471.9585
		lb :	438.2303	457.6419	454.0415
		P^-1:
			0.0301	-0.0021	-0.0078
			-0.0021	0.0183	0.0028
			-0.0078	0.0028	0.033
	==================================================================================
	Q4:
		Shape: Ellipse
		q_c:	464.0	474.5	473.0
		ub :	471.8827	484.3006	480.0731
		lb :	456.1173	464.6994	465.9269
		P^-1:
			0.0324	0.0029	-0.0037
			0.0029	0.0222	0.0094
			-0.0037	0.0094	0.0457
	==================================================================================
	Q5:
		Shape: Ellipse
		q_c:	451.0	450.0	476.0
		ub :	461.716	460.0139	486.5726
		lb :	440.284	439.9861	465.4274
		P^-1:
			0.0271	0.0053	0.0012
			0.0053	0.0264	0.0032
			0.0012	0.0032	0.0237
	==================================================================================
	Q6:
		Shape: Hybrid
		q_c:	463.0	474.0	460.5
		ub :	473.1944	482.4443	471.0159
		lb :	452.8056	465.5557	449.9841
		P^-1:
			0.0231	0.001	0.0045
			0.001	0.0301	0.0025
			0.0045	0.0025	0.0281
		A:
			0.4271	-0.8385	0.3384
			-0.9637	0.1035	-0.246
			0.1838	0.0315	-0.9825
			0.2919	-0.9024	-0.317
			-0.9711	0.2286	0.0691
			0.8394	-0.2259	0.4943
		b:
			-40.6079
			-506.7861
			-348.8351
			-435.3908
			-305.4136
			512.5927


===========================================================================================
===========================================================================================
S12:
	q_c:	333.0	491.0	439.0
	ub :	352.8017	509.5262	456.1276
	lb :	314.7776	470.8776	418.8503

	==================================================================================
	Q1:
		Shape: Polyhedra
		q_c:	325.5	484.5	445.5
		ub :	336.2224	494.4633	456.1276
		lb :	314.7776	474.5367	434.8724
		A:
			0.2352	-0.5406	-0.8077
			0.7189	-0.5636	-0.4068
			0.0979	0.8921	-0.4411
			-0.1657	0.9055	-0.3906
			-0.3097	-0.6904	-0.6538
			0.189	-0.7836	0.5919
			0.8436	0.465	0.2686
			0.1928	0.2045	-0.9597
			-0.5012	0.8614	0.0829
			-0.8436	-0.465	-0.2686
			-0.1928	-0.2045	0.9597
			0.5012	-0.8614	-0.0829
		b:
			-537.8975
			-214.0452
			274.6849
			217.3568
			-719.2977
			-47.3205
			627.0291
			-257.1828
			296.6308
			-612.0291
			274.1828
			-285.6308
	==================================================================================
	Q2:
		Shape: Polyhedra
		q_c:	341.0	500.5	438.0
		ub :	349.7658	509.4801	445.9848
		lb :	332.2342	491.5199	430.0152
		A:
			-0.5564	0.1578	0.8158
			-0.67	-0.1838	0.7193
			-0.5471	0.4872	0.6807
			0.1268	0.4998	-0.8568
			0.5808	0.5366	-0.6122
			0.7102	-0.2262	-0.6666
			0.6919	0.5575	0.4587
			-0.6455	0.1932	0.7389
			0.3233	-0.8074	0.4936
			-0.6919	-0.5575	-0.4587
			0.6455	-0.1932	-0.7389
			-0.3233	0.8074	-0.4936
		b:
			249.1698
			-2.0899
			358.5377
			-77.6764
			203.1349
			-160.422
			723.8981
			202.7203
			-72.6335
			-707.8981
			-197.7203
			82.6335
	==================================================================================
	Q3:
		Shape: Ellipse
		q_c:	331.0	504.0	435.0
		ub :	336.2978	509.5262	439.639
		lb :	325.7022	498.4738	430.361
		P^-1:
			0.0919	0.0227	0.0071
			0.0227	0.08	0.0055
			0.0071	0.0055	0.0642
	==================================================================================
	Q4:
		Shape: Hybrid
		q_c:	341.0	490.0	442.0
		ub :	351.728	499.9288	449.38
		lb :	330.272	480.0712	434.62
		P^-1:
			0.0217	-0.0001	-0.0048
			-0.0001	0.0204	0.0006
			-0.0048	0.0006	0.0387
		A:
			0.141	0.0899	-0.9859
			-0.8156	-0.0854	0.5722
			-0.0193	-0.7196	-0.6941
			0.4541	0.2734	-0.848
			0.4143	0.6286	-0.6582
			-0.8401	-0.0813	0.5363
		b:
			-341.0589
			-63.5876
			-662.3433
			-83.1846
			161.8611
			-85.7045
	==================================================================================
	Q5:
		Shape: Ellipse
		q_c:	324.5	500.5	430.5
		ub :	330.1312	507.8585	436.7922
		lb :	318.8688	493.1415	424.2078
		P^-1:
			0.1225	-0.037	0.0255
			-0.037	0.0472	-0.0347
			0.0255	-0.0347	0.0956
	==================================================================================
	Q6:
		Shape: Polyhedra
		q_c:	344.5	478.0	427.0
		ub :	352.8017	485.1224	435.1497
		lb :	336.1983	470.8776	418.8503
		A:
			0.5552	0.7632	-0.3306
			-0.3418	-0.9385	-0.048
			-0.7204	0.3326	0.6086
			0.256	0.0544	0.9651
			0.8852	-0.2766	0.3742
			0.4378	-0.8981	-0.0424
			0.4711	0.678	0.5642
			0.7213	0.0721	-0.6889
			-0.5077	0.7315	-0.4551
			-0.4711	-0.678	-0.5642
			-0.7213	-0.0721	0.6889
			0.5077	-0.7315	0.4551
		b:
			419.6265
			-582.5211
			175.705
			530.9685
			337.9675
			-291.0131
			730.8129
			-6.2205
			-13.5768
			-723.8129
			16.2205
			25.5768


===========================================================================================
===========================================================================================
S13:
	q_c:	111.0	307.5	103.0
	ub :	128.207	329.8783	123.7314
	lb :	96.2593	292.3444	83.3742

	==================================================================================
	Q1:
		Shape: Ellipse
		q_c:	110.0	300.5	105.0
		ub :	118.2335	306.6134	113.4479
		lb :	101.7665	294.3866	96.5521
		P^-1:
			0.0872	-0.084	0.0573
			-0.084	0.151	-0.064
			0.0573	-0.064	0.0722
	==================================================================================
	Q2:
		Shape: Ellipse
		q_c:	106.5	301.0	115.5
		ub :	115.2561	309.6556	123.7314
		lb :	97.7439	292.3444	107.2686
		P^-1:
			0.0414	0.0108	-0.005
			0.0108	0.0348	0.0068
			-0.005	0.0068	0.0463
	==================================================================================
	Q3:
		Shape: Polyhedra
		q_c:	117.0	298.0	98.0
		ub :	124.0918	303.4268	105.9782
		lb :	109.9082	292.5732	90.0218
		A:
			0.5134	0.7739	-0.3708
			-0.5227	0.8491	0.0762
			-0.0053	-0.9497	0.3132
			-0.5931	-0.5137	-0.62
			0.5187	0.7397	-0.4288
			-0.7162	-0.5428	-0.4386
			0.2471	0.9223	0.2973
			0.885	-0.0898	-0.4569
			-0.3947	0.376	-0.8383
			-0.2471	-0.9223	-0.2973
			-0.885	0.0898	0.4569
			0.3947	-0.376	0.8383
		b:
			258.4365
			203.6455
			-248.533
			-278.9889
			243.3309
			-284.5273
			335.8767
			36.5145
			-10.284
			-329.8767
			-27.5145
			22.284
	==================================================================================
	Q4:
		Shape: Ellipse
		q_c:	120.5	303.0	110.5
		ub :	128.207	312.7617	120.2132
		lb :	112.793	293.2383	100.7868
		P^-1:
			0.0504	0.0243	0.0157
			0.0243	0.0448	0.0164
			0.0157	0.0164	0.0279
	==================================================================================
	Q5:
		Shape: Hybrid
		q_c:	118.0	321.5	92.0
		ub :	126.2502	329.8783	100.6258
		lb :	109.7498	313.1217	83.3742
		P^-1:
			0.038	-0.0016	0.0042
			-0.0016	0.0387	0.0035
			0.0042	0.0035	0.0311
		A:
			-0.0467	-0.5191	0.8534
			0.5415	0.6574	0.5241
			0.0274	-0.8248	-0.5647
			-0.4953	0.812	-0.3088
			-0.1512	0.977	-0.1506
			-0.1451	0.9721	-0.1843
		b:
			-90.5318
			325.9536
			-311.3483
			176.8077
			285.0611
			281.1416
	==================================================================================
	Q6:
		Shape: Ellipse
		q_c:	99.5	304.5	106.0
		ub :	102.7407	306.7289	110.3627
		lb :	96.2593	302.2711	101.6373
		P^-1:
			0.4461	-0.1408	0.2011
			-0.1408	0.8652	-0.218
			0.2011	-0.218	0.1956


===========================================================================================
===========================================================================================
S14:
	q_c:	109.0	257.5	375.5
	ub :	117.6104	266.3951	381.917
	lb :	100.6094	247.2549	366.3879

	==================================================================================
	Q1:
		Shape: Ellipse
		q_c:	108.5	253.0	374.0
		ub :	114.6768	258.7451	378.376
		lb :	102.3232	247.2549	369.624
		P^-1:
			0.0686	-0.0053	-0.0314
			-0.0053	0.0808	-0.0262
			-0.0314	-0.0262	0.1417
	==================================================================================
	Q2:
		Shape: Polyhedra
		q_c:	114.5	256.5	370.5
		ub :	117.6104	259.9276	374.6121
		lb :	111.3896	253.0724	366.3879
		A:
			-0.6062	-0.6212	-0.4967
			-0.6932	-0.4946	-0.5242
			-0.6057	-0.6675	-0.433
			0.6887	0.5363	0.4879
			-0.7842	-0.5943	-0.1785
			-0.4056	0.5573	0.7245
			0.7578	0.5806	0.2978
			0.5302	-0.2819	-0.7996
			-0.3802	0.7639	-0.5215
			-0.7578	-0.5806	-0.2978
			-0.5302	0.2819	0.7996
			0.3802	-0.7639	0.5215
		b:
			-411.8643
			-399.5774
			-400.1878
			397.9873
			-307.7453
			367.8642
			346.5274
			-304.8505
			-37.8149
			-345.5274
			310.8505
			43.8149
	==================================================================================
	Q3:
		Shape: Ellipse
		q_c:	111.0	262.5	376.0
		ub :	114.0881	265.3008	378.6632
		lb :	107.9119	259.6992	373.3368
		P^-1:
			0.3263	-0.0439	0.0842
			-0.0439	0.2752	-0.0484
			0.0842	-0.0484	0.3429
	==================================================================================
	Q4:
		Shape: Ellipse
		q_c:	105.5	260.5	374.5
		ub :	110.3906	264.3927	377.9701
		lb :	100.6094	256.6073	371.0299
		P^-1:
			0.0676	-0.007	0.0184
			-0.007	0.1103	0.0068
			0.0184	0.0068	0.1557
	==================================================================================
	Q5:
		Shape: Ellipse
		q_c:	112.0	254.5	373.5
		ub :	117.4213	260.2709	378.4927
		lb :	106.5787	248.7291	368.5073
		P^-1:
			0.1003	-0.0133	-0.0152
			-0.0133	0.0947	-0.0187
			-0.0152	-0.0187	0.0897
	==================================================================================
	Q6:
		Shape: Hybrid
		q_c:	108.5	264.5	379.5
		ub :	111.7799	266.3951	381.917
		lb :	105.2201	262.6049	377.083
		P^-1:
			0.332	0.0026	0.3794
			0.0026	0.4464	-0.0651
			0.3794	-0.0651	0.7772
		A:
			-0.6965	0.18	-0.6946
			-0.1827	0.7492	-0.6366
			0.4298	-0.7682	0.4745
			-0.0191	0.8981	-0.4394
			-0.4009	0.5339	-0.7445
			0.3062	0.8823	-0.3576
		b:
			-290.8025
			-62.4598
			24.4283
			69.6385
			-184.1876
			132.1032


===========================================================================================
===========================================================================================
S15:
	q_c:	49.0	47.0	322.0
	ub :	61.5614	66.449	339.4198
	lb :	35.528	36.2559	305.7731

	==================================================================================
	Q1:
		Shape: Hybrid
		q_c:	49.5	49.5	331.5
		ub :	57.0679	56.2221	339.4198
		lb :	41.9321	42.7779	323.5802
		P^-1:
			0.0556	-0.0154	-0.0168
			-0.0154	0.0613	0.0063
			-0.0168	0.0063	0.0472
		A:
			-0.8882	0.1724	0.4259
			-0.1912	-0.2732	-0.9428
			-0.7753	0.5924	-0.219
			0.2135	-0.6396	-0.7384
			0.285	0.6251	0.7267
			0.156	-0.8341	-0.5291
		b:
			107.8562
			-332.1737
			-79.1001
			-263.5127
			289.1976
			-206.6728
	==================================================================================
	Q2:
		Shape: Ellipse
		q_c:	53.5	45.0	333.0
		ub :	61.5614	50.812	338.4788
		lb :	45.4386	39.188	327.5212
		P^-1:
			0.0469	0.0616	-0.0099
			0.0616	0.1897	-0.0717
			-0.0099	-0.0717	0.1154
	==================================================================================
	Q3:
		Shape: Ellipse
		q_c:	51.5	54.0	314.5
		ub :	60.2068	60.2222	323.2269
		lb :	42.7932	47.7778	305.7731
		P^-1:
			0.0351	0.012	0.0073
			0.012	0.0717	0.0156
			0.0073	0.0156	0.0356
	==================================================================================
	Q4:
		Shape: Polyhedra
		q_c:	43.5	44.5	328.0
		ub :	48.133	49.5999	332.1929
		lb :	38.867	39.4001	323.8071
		A:
			-0.8841	0.3703	-0.2851
			-0.1733	-0.7042	-0.6885
			0.1999	0.054	0.9783
			-0.6481	0.445	-0.618
			-0.4732	-0.8777	0.0755
			0.4792	-0.4666	-0.7434
			0.1534	0.2628	0.9526
			-0.068	0.9645	-0.2551
			-0.9858	-0.0257	0.1659
			-0.1534	-0.2628	-0.9526
			0.068	-0.9645	0.2551
			0.9858	0.0257	-0.1659
		b:
			-111.4656
			-261.587
			334.615
			-207.2751
			-30.5954
			-240.4745
			333.3136
			-39.2167
			14.3791
			-328.3136
			48.2167
			-6.3791
	==================================================================================
	Q5:
		Shape: Hybrid
		q_c:	47.0	45.0	324.5
		ub :	53.4367	53.7441	332.5974
		lb :	40.5633	36.2559	316.4026
		P^-1:
			0.0483	-0.0038	-0.0005
			-0.0038	0.0346	-0.0062
			-0.0005	-0.0062	0.0342
		A:
			-0.3743	0.2129	-0.9025
			0.6071	-0.2191	-0.7638
			-0.7761	0.0065	0.6305
			-0.7989	-0.5981	0.0633
			-0.1866	0.1689	-0.9678
			-0.1665	0.8078	-0.5655
		b:
			-297.9448
			-226.2134
			171.0548
			-41.0745
			-312.1589
			-152.2962
	==================================================================================
	Q6:
		Shape: Ellipse
		q_c:	40.5	60.5	318.5
		ub :	45.472	66.449	324.8937
		lb :	35.528	54.551	312.1063
		P^-1:
			0.0813	0.001	-0.0036
			0.001	0.0779	0.0129
			-0.0036	0.0129	0.0371


===========================================================================================
===========================================================================================
S16:
	q_c:	384.0	15.5	171.0
	ub :	397.8431	36.6952	190.1955
	lb :	367.3598	1.0579	163.3597

	==================================================================================
	Q1:
		Shape: Hybrid
		q_c:	382.5	7.0	178.0
		ub :	386.6195	12.9421	184.711
		lb :	378.3805	1.0579	171.289
		P^-1:
			0.1491	0.011	0.02
			0.011	0.0983	0.0379
			0.02	0.0379	0.0567
		A:
			-0.1902	-0.8922	-0.4096
			-0.7438	0.6106	-0.272
			-0.4106	-0.7311	-0.5448
			-0.7021	-0.0553	0.7099
			0.3129	-0.9389	-0.1438
			0.326	-0.9431	0.0656
		b:
			-150.2767
			-326.3329
			-257.6842
			-139.4254
			89.5469
			132.2446
	==================================================================================
	Q2:
		Shape: Hybrid
		q_c:	376.0	14.5	181.5
		ub :	384.6402	20.5735	190.1955
		lb :	367.3598	8.4265	172.8045
		P^-1:
			0.0332	0.0064	0.0041
			0.0064	0.059	0.0071
			0.0041	0.0071	0.0311
		A:
			-0.3213	-0.898	-0.3006
			-0.0968	-0.5834	-0.8064
			-0.0092	0.0585	-0.9982
			-0.0752	-0.8802	-0.4685
			-0.6233	-0.7269	-0.2883
			0.4438	-0.8198	-0.3618
		b:
			-186.3905
			-188.3561
			-179.9871
			-123.8857
			-294.8838
			92.1619
	==================================================================================
	Q3:
		Shape: Polyhedra
		q_c:	381.0	28.5	173.0
		ub :	389.2232	36.6952	181.8442
		lb :	372.7768	20.3048	164.1558
		A:
			-0.1525	0.7118	0.6856
			0.7991	0.4505	-0.398
			0.3706	-0.0176	-0.9286
			0.3175	-0.6096	0.7263
			-0.0683	0.9663	-0.2483
			-0.4054	-0.8402	0.3602
			0.853	0.0397	0.5204
			-0.3973	-0.5971	0.6968
			0.3384	-0.8012	-0.4936
			-0.853	-0.0397	-0.5204
			0.3973	0.5971	-0.6968
			-0.3384	0.8012	0.4936
		b:
			87.654
			252.7537
			-14.6732
			233.8749
			-35.8724
			-111.568
			421.1537
			-43.8455
			27.7158
			-411.1537
			51.8455
			-13.7158
	==================================================================================
	Q4:
		Shape: Polyhedra
		q_c:	391.0	18.0	175.5
		ub :	397.8431	25.3497	182.1935
		lb :	384.1569	10.6503	168.8065
		A:
			0.6878	-0.5242	-0.5021
			-0.8483	0.3741	-0.3747
			0.87	-0.4538	-0.1929
			-0.659	-0.5984	0.4557
			-0.239	0.154	0.9587
			0.3223	0.2457	0.9142
			0.8539	0.4569	0.2493
			-0.4816	0.5119	0.7113
			0.1974	-0.7274	0.6572
			-0.8539	-0.4569	-0.2493
			0.4816	-0.5119	-0.7113
			-0.1974	0.7274	-0.6572
		b:
			175.0019
			-386.0982
			302.1819
			-183.8035
			81.3436
			295.2307
			390.8413
			-50.7687
			183.9063
			-380.8413
			57.7687
			-174.9063
	==================================================================================
	Q5:
		Shape: Polyhedra
		q_c:	385.0	23.5	171.5
		ub :	393.4676	30.365	178.7279
		lb :	376.5324	16.635	164.2721
		A:
			0.0108	0.8902	-0.4554
			-0.1463	0.9129	-0.381
			0.686	-0.7185	-0.1145
			0.0064	0.0142	0.9999
			-0.5775	0.4294	0.6943
			-0.4526	0.7357	0.5039
			0.4108	0.9004	0.1434
			0.1663	0.0807	-0.9828
			-0.8964	0.4276	-0.1165
			-0.4108	-0.9004	-0.1434
			-0.1663	-0.0807	0.9828
			0.8964	-0.4276	0.1165
		b:
			-47.9291
			-94.9033
			233.7665
			180.2507
			-87.0961
			-64.8012
			207.9149
			-96.6424
			-348.5673
			-199.9149
			108.6424
			361.5673
	==================================================================================
	Q6:
		Shape: Polyhedra
		q_c:	382.5	9.5	169.0
		ub :	388.5122	16.2871	174.6403
		lb :	376.4878	2.7129	163.3597
		A:
			-0.4208	-0.8296	-0.367
			-0.6494	0.7603	0.0183
			-0.4429	-0.6779	-0.5868
			-0.3381	0.7959	0.5022
			0.4111	0.2664	0.8718
			-0.6936	-0.3376	-0.6364
			0.5066	0.4851	0.7128
			0.2157	0.7291	-0.6495
			-0.8348	0.4828	0.2647
			-0.5066	-0.4851	-0.7128
			-0.2157	-0.7291	0.6495
			0.8348	-0.4828	-0.2647
		b:
			-228.1065
			-233.0804
			-273.129
			-32.6979
			309.1399
			-374.1317
			320.3338
			-15.3345
			-264.9797
			-317.3338
			25.3345
			274.9797


===========================================================================================
===========================================================================================
S17:
	q_c:	164.0	496.0	361.5
	ub :	183.661	513.8694	378.6054
	lb :	141.277	477.4553	343.9646

	==================================================================================
	Q1:
		Shape: Hybrid
		q_c:	173.0	498.0	354.5
		ub :	183.661	504.6782	365.0354
		lb :	162.339	491.3218	343.9646
		P^-1:
			0.0251	-0.0126	0.004
			-0.0126	0.0545	-0.0107
			0.004	-0.0107	0.0238
		A:
			-0.3366	0.402	-0.8515
			0.0391	0.0862	0.9955
			-0.4535	-0.8513	0.2639
			-0.4016	-0.8556	0.3266
			0.585	-0.5442	0.6014
			0.0016	0.2634	-0.9647
		b:
			-156.2466
			407.4675
			-405.0733
			-376.1616
			46.3892
			-206.18
	==================================================================================
	Q2:
		Shape: Ellipse
		q_c:	150.5	496.0	367.0
		ub :	159.723	507.415	378.6054
		lb :	141.277	484.585	355.3946
		P^-1:
			0.0294	0.0029	-0.005
			0.0029	0.0202	-0.0029
			-0.005	-0.0029	0.0216
	==================================================================================
	Q3:
		Shape: Polyhedra
		q_c:	158.0	485.5	367.0
		ub :	165.5569	493.5447	372.4924
		lb :	150.4431	477.4553	361.5076
		A:
			0.0638	-0.7291	-0.6814
			0.8561	-0.5028	-0.1193
			-0.8627	0.3553	-0.3598
			0.3446	-0.8936	-0.2875
			0.6764	-0.4066	-0.6142
			-0.5374	0.5613	0.6294
			0.7031	0.706	0.0846
			0.7103	-0.6918	-0.1298
			-0.0331	0.1514	-0.9879
			-0.7031	-0.706	-0.0846
			-0.7103	0.6918	0.1298
			0.0331	-0.1514	0.9879
		b:
			-588.9798
			-148.8267
			-91.4599
			-480.6095
			-312.0451
			422.4061
			491.9174
			-267.8084
			-289.796
			-477.9174
			274.8084
			298.796
	==================================================================================
	Q4:
		Shape: Ellipse
		q_c:	163.0	489.5	364.5
		ub :	170.1524	496.6118	371.4332
		lb :	155.8476	482.3882	357.5668
		P^-1:
			0.0636	-0.0204	-0.0032
			-0.0204	0.0576	0.0028
			-0.0032	0.0028	0.0404
	==================================================================================
	Q5:
		Shape: Ellipse
		q_c:	155.5	505.5	352.5
		ub :	160.9534	510.4139	356.5337
		lb :	150.0466	500.5861	348.4663
		P^-1:
			0.0832	0.0	-0.0065
			0.0	0.0816	-0.0002
			-0.0065	-0.0002	0.1096
	==================================================================================
	Q6:
		Shape: Ellipse
		q_c:	159.0	503.5	355.0
		ub :	169.6575	513.8694	362.5845
		lb :	148.3425	493.1306	347.4155
		P^-1:
			0.0226	-0.0009	-0.0031
			-0.0009	0.0229	-0.0025
			-0.0031	-0.0025	0.0317


===========================================================================================
===========================================================================================
S18:
	q_c:	378.5	110.0	12.0
	ub :	395.5057	126.1968	26.5419
	lb :	364.0032	97.1464	-3.3862

	==================================================================================
	Q1:
		Shape: Ellipse
		q_c:	374.5	117.5	18.0
		ub :	384.9968	126.1968	25.7259
		lb :	364.0032	108.8032	10.2741
		P^-1:
			0.0177	0.0044	-0.0008
			0.0044	0.0259	0.0006
			-0.0008	0.0006	0.0236
	==================================================================================
	Q2:
		Shape: Hybrid
		q_c:	383.5	108.0	13.0
		ub :	388.056	111.9585	17.1968
		lb :	378.944	104.0415	8.8032
		P^-1:
			0.1647	-0.0542	0.0405
			-0.0542	0.1659	-0.0409
			0.0405	-0.0409	0.1416
		A:
			-0.0486	0.6214	0.782
			-0.6391	0.2149	-0.7385
			0.0837	0.4502	-0.889
			-0.513	0.7793	0.3599
			-0.8617	0.1689	-0.4784
			0.1907	0.9743	-0.1197
		b:
			60.6244
			-230.2021
			70.811
			-106.273
			-317.1633
			178.532
	==================================================================================
	Q3:
		Shape: Ellipse
		q_c:	375.5	122.0	3.5
		ub :	382.1516	125.8395	10.3862
		lb :	368.8484	118.1605	-3.3862
		P^-1:
			0.0974	-0.0148	0.0603
			-0.0148	0.1214	-0.0134
			0.0603	-0.0134	0.0801
	==================================================================================
	Q4:
		Shape: Ellipse
		q_c:	372.5	116.5	20.5
		ub :	376.9003	121.7611	26.5419
		lb :	368.0997	111.2389	14.4581
		P^-1:
			0.0631	-0.0063	-0.005
			-0.0063	0.1275	0.0548
			-0.005	0.0548	0.0649
	==================================================================================
	Q5:
		Shape: Ellipse
		q_c:	390.0	101.0	3.5
		ub :	395.5057	104.8536	8.19
		lb :	384.4943	97.1464	-1.19
		P^-1:
			0.1051	-0.0666	-0.0308
			-0.0666	0.2113	-0.0426
			-0.0308	-0.0426	0.1429
	==================================================================================
	Q6:
		Shape: Polyhedra
		q_c:	370.0	118.0	12.0
		ub :	375.5831	122.7111	17.2459
		lb :	364.4169	113.2889	6.7541
		A:
			0.9814	-0.0885	0.1701
			0.5415	-0.4733	0.6948
			0.3539	-0.27	0.8955
			-0.6148	0.7879	-0.0342
			-0.1427	0.9338	-0.3282
			-0.0485	0.9564	-0.2881
			0.4166	0.5648	0.7124
			0.7492	0.2305	-0.6209
			-0.5149	0.7924	-0.3271
			-0.4166	-0.5648	-0.7124
			-0.7492	-0.2305	0.6209
			0.5149	-0.7924	0.3271
		b:
			358.0431
			155.77
			112.773
			-131.8412
			56.5414
			94.5411
			231.8339
			300.9629
			-97.9308
			-226.8339
			-292.9629
			103.9308


===========================================================================================
===========================================================================================
S19:
	q_c:	139.0	260.0	337.0
	ub :	149.1571	274.4957	348.8375
	lb :	128.0965	250.137	325.7439

	==================================================================================
	Q1:
		Shape: Ellipse
		q_c:	141.5	259.0	339.0
		ub :	147.667	265.7897	346.2171
		lb :	135.333	252.2103	331.7829
		P^-1:
			0.0573	-0.0041	-0.0049
			-0.0041	0.0593	-0.0039
			-0.0049	-0.0039	0.0578
	==================================================================================
	Q2:
		Shape: Ellipse
		q_c:	133.5	257.0	345.0
		ub :	138.9035	262.5188	348.8375
		lb :	128.0965	251.4812	341.1625
		P^-1:
			0.1351	-0.0829	-0.0459
			-0.0829	0.13	0.0389
			-0.0459	0.0389	0.1454
	==================================================================================
	Q3:
		Shape: Ellipse
		q_c:	142.0	255.0	341.5
		ub :	145.8538	259.863	346.5878
		lb :	138.1462	250.137	336.4122
		P^-1:
			0.3186	-0.0701	0.1653
			-0.0701	0.0817	-0.0452
			0.1653	-0.0452	0.1692
	==================================================================================
	Q4:
		Shape: Ellipse
		q_c:	144.5	270.0	336.0
		ub :	149.1571	274.4957	340.2873
		lb :	139.8429	265.5043	331.7127
		P^-1:
			0.1986	0.1079	0.114
			0.1079	0.1619	0.1275
			0.114	0.1275	0.2575
	==================================================================================
	Q5:
		Shape: Ellipse
		q_c:	137.5	265.0	333.5
		ub :	143.1118	268.4287	338.7609
		lb :	131.8882	261.5713	328.2391
		P^-1:
			0.0929	0.0647	-0.0737
			0.0647	0.3309	-0.1451
			-0.0737	-0.1451	0.1812
	==================================================================================
	Q6:
		Shape: Ellipse
		q_c:	144.0	258.0	329.5
		ub :	146.0248	260.6761	333.2561
		lb :	141.9752	255.3239	325.7439
		P^-1:
			0.8	0.324	0.0724
			0.324	0.4389	0.061
			0.0724	0.061	0.0927


===========================================================================================
===========================================================================================
S20:
	q_c:	27.0	26.0	201.5
	ub :	34.0471	34.0335	206.5565
	lb :	18.741	18.1038	195.4567

	==================================================================================
	Q1:
		Shape: Hybrid
		q_c:	30.0	23.0	200.5
		ub :	34.0471	26.7035	204.2886
		lb :	25.9529	19.2965	196.7114
		P^-1:
			0.194	0.0567	0.0377
			0.0567	0.1925	-0.0382
			0.0377	-0.0382	0.2245
		A:
			0.9704	0.2412	-0.0111
			-0.5158	-0.7042	-0.4878
			0.8384	-0.3509	0.4171
			0.6463	-0.6577	0.387
			-0.1291	0.9284	0.3483
			-0.3341	-0.916	-0.2221
		b:
			33.6915
			-128.3485
			102.0839
			83.3464
			89.0455
			-74.3644
	==================================================================================
	Q2:
		Shape: Hybrid
		q_c:	24.5	23.0	199.0
		ub :	27.1662	25.5587	201.2507
		lb :	21.8338	20.4413	196.7493
		P^-1:
			0.6996	0.8538	1.0244
			0.8538	1.5447	1.5756
			1.0244	1.5756	2.1657
		A:
			-0.2525	-0.7922	-0.5556
			0.3156	0.6101	0.7268
			-0.4922	-0.6019	-0.6289
			0.5674	0.207	0.797
			0.0122	0.6852	0.7283
			0.2157	0.8151	0.5377
		b:
			-134.4419
			166.6667
			-150.7016
			178.0712
			161.7635
			131.6209
	==================================================================================
	Q3:
		Shape: Polyhedra
		q_c:	23.0	22.5	198.5
		ub :	27.259	26.8962	201.5433
		lb :	18.741	18.1038	195.4567
		A:
			0.9805	-0.1339	-0.1438
			0.0973	0.518	-0.8498
			0.2761	-0.1253	-0.9529
			-0.978	-0.1269	-0.1653
			-0.4029	-0.5906	0.6992
			0.9429	0.3319	0.0284
			0.5	0.7444	0.4426
			0.1257	0.4433	-0.8875
			-0.8569	0.4993	0.1281
			-0.5	-0.7444	-0.4426
			-0.1257	-0.4433	0.8875
			0.8569	-0.4993	-0.1281
		b:
			-6.0538
			-153.2782
			-183.5217
			-55.1677
			117.9998
			37.7175
			119.099
			-161.8133
			19.9501
			-113.099
			164.8133
			-13.9501
	==================================================================================
	Q4:
		Shape: Polyhedra
		q_c:	27.5	27.5	203.0
		ub :	31.3154	30.9276	206.5565
		lb :	23.6846	24.0724	199.4435
		A:
			0.2684	0.9627	-0.0334
			0.052	-0.7588	-0.6492
			0.6544	0.7423	-0.1439
			-0.1732	0.9552	-0.2399
			0.6054	0.7007	-0.3775
			0.6409	0.6163	-0.4576
			0.6146	0.3368	0.7133
			0.7249	-0.5978	-0.3423
			0.3111	0.7275	-0.6115
			-0.6146	-0.3368	-0.7133
			-0.7249	0.5978	0.3423
			-0.3111	-0.7275	0.6115
		b:
			28.9912
			-148.7409
			11.0656
			-25.2625
			-39.0479
			-56.633
			173.4695
			-63.4987
			-94.0777
			-168.4695
			68.4987
			97.0777
	==================================================================================
	Q5:
		Shape: Polyhedra
		q_c:	25.0	26.5	203.5
		ub :	27.4585	27.7027	206.3517
		lb :	22.5415	25.2973	200.6483
		A:
			0.3083	-0.9512	0.0103
			-0.0093	-0.952	0.3059
			0.9438	-0.2997	0.1395
			0.6331	-0.7064	0.3166
			-0.0784	0.8246	-0.5603
			0.8883	-0.4357	0.1452
			0.0523	0.9976	0.0445
			0.1761	0.0346	-0.9838
			-0.983	0.0593	-0.1739
			-0.0523	-0.9976	-0.0445
			-0.1761	-0.0346	0.9838
			0.983	-0.0593	0.1739
		b:
			-14.2313
			38.0522
			45.9973
			63.2208
			-92.4516
			42.0929
			37.7959
			-192.3743
			-56.3915
			-35.7959
			197.3743
			60.3915
	==================================================================================
	Q6:
		Shape: Hybrid
		q_c:	30.0	31.5	203.0
		ub :	33.358	34.0335	205.2096
		lb :	26.642	28.9665	200.7904
		P^-1:
			0.2163	-0.0033	-0.2438
			-0.0033	1.6966	-1.7582
			-0.2438	-1.7582	2.6426
		A:
			-0.2523	0.2723	-0.9285
			-0.2543	-0.3831	0.888
			-0.2651	-0.4689	0.8425
			-0.2912	0.3062	-0.9063
			0.0895	0.3717	-0.924
			0.0841	0.6887	-0.7201
		b:
			-186.3341
			160.9955
			148.7407
			-181.9042
			-172.7483
			-121.6404


===========================================================================================
===========================================================================================
S21:
	q_c:	36.0	382.0	361.5
	ub :	45.2373	390.8178	372.8095
	lb :	26.2536	376.361	351.4549

	==================================================================================
	Q1:
		Shape: Polyhedra
		q_c:	41.5	385.0	367.0
		ub :	44.5147	387.1502	369.9206
		lb :	38.4853	382.8498	364.0794
		A:
			0.009	-0.7833	-0.6216
			-0.5839	-0.6484	-0.4885
			-0.8526	-0.4351	-0.2894
			-0.4831	-0.7324	-0.4798
			0.3288	0.8912	0.3125
			-0.0346	0.7642	0.6441
			0.1406	0.8136	0.5642
			0.8608	0.181	-0.4756
			-0.4891	0.5525	-0.6749
			-0.1406	-0.8136	-0.5642
			-0.8608	-0.181	0.4756
			0.4891	-0.5525	0.6749
		b:
			-528.7266
			-452.0359
			-307.4247
			-477.2236
			472.2685
			529.7818
			526.6209
			-67.1251
			-52.7696
			-525.6209
			71.1251
			57.7696
	==================================================================================
	Q2:
		Shape: Hybrid
		q_c:	34.0	381.5	368.5
		ub :	37.6896	385.9075	372.8095
		lb :	30.3104	377.0925	364.1905
		P^-1:
			0.1111	0.0002	-0.0003
			0.0002	0.1333	-0.0243
			-0.0003	-0.0243	0.1378
		A:
			0.3246	-0.2914	-0.8999
			0.9865	-0.1525	0.0605
			0.3315	-0.2297	0.9151
			0.3071	0.3448	0.887
			-0.5685	0.0668	-0.8199
			0.267	0.9609	0.0733
		b:
			-430.0844
			-0.5683
			262.2529
			470.5266
			-294.4342
			404.2549
	==================================================================================
	Q3:
		Shape: Hybrid
		q_c:	40.0	384.5	357.0
		ub :	45.2373	389.9346	362.5451
		lb :	34.7627	379.0654	351.4549
		P^-1:
			0.0924	0.0053	0.0132
			0.0053	0.0842	0.0065
			0.0132	0.0065	0.0977
		A:
			0.888	-0.4017	0.2238
			0.064	0.1386	0.9883
			0.4849	-0.4835	-0.7287
			0.9828	-0.1785	0.048
			-0.0648	-0.1032	0.9925
			0.0073	-0.9106	-0.4132
		b:
			-37.1924
			410.3322
			-424.7473
			-10.3692
			313.8415
			-495.5016
	==================================================================================
	Q4:
		Shape: Hybrid
		q_c:	31.0	380.0	359.5
		ub :	35.7464	383.639	363.9883
		lb :	26.2536	376.361	355.0117
		P^-1:
			0.0664	-0.002	0.0157
			-0.002	0.2103	-0.0634
			0.0157	-0.0634	0.147
		A:
			0.3192	-0.1968	-0.927
			0.4275	0.8849	-0.1847
			-0.1935	0.4416	-0.8761
			-0.0058	0.0117	0.9999
			0.6298	0.7758	0.0384
			0.4796	0.8677	-0.1307
		b:
			-395.8763
			284.6816
			-151.8446
			365.5822
			330.1636
			299.3092
	==================================================================================
	Q5:
		Shape: Hybrid
		q_c:	31.0	387.5	360.5
		ub :	33.8572	390.8178	364.0177
		lb :	28.1428	384.1822	356.9823
		P^-1:
			0.2491	-0.0079	0.0041
			-0.0079	0.1795	0.0363
			0.0041	0.0363	0.2313
		A:
			0.1043	0.7125	0.6939
			-0.0272	0.8477	-0.5297
			-0.4206	-0.6152	-0.6668
			-0.6617	-0.3793	0.6467
			-0.5453	-0.3091	0.7792
			0.0459	-0.5576	-0.8288
		b:
			530.527
			138.1643
			-490.7689
			66.9191
			145.449
			-512.437
	==================================================================================
	Q6:
		Shape: Ellipse
		q_c:	33.0	382.0	362.0
		ub :	37.8087	386.8688	364.8811
		lb :	28.1913	377.1312	359.1189
		P^-1:
			0.1079	0.0195	-0.0282
			0.0195	0.0962	-0.0258
			-0.0282	-0.0258	0.2386


===========================================================================================
===========================================================================================
S22:
	q_c:	403.5	62.0	398.0
	ub :	415.4547	90.4934	430.8789
	lb :	372.2431	46.9857	374.4525

	==================================================================================
	Q1:
		Shape: Ellipse
		q_c:	400.5	82.0	410.0
		ub :	408.7183	90.4934	417.948
		lb :	392.2817	73.5066	402.052
		P^-1:
			0.0391	0.0041	-0.0007
			0.0041	0.0218	0.003
			-0.0007	0.003	0.0395
	==================================================================================
	Q2:
		Shape: Hybrid
		q_c:	392.0	62.5	394.0
		ub :	402.248	73.2399	403.8012
		lb :	381.752	51.7601	384.1988
		P^-1:
			0.0278	0.0027	0.0043
			0.0027	0.0252	0.0037
			0.0043	0.0037	0.0241
		A:
			0.1891	0.7101	0.6782
			0.6512	-0.7344	-0.1914
			-0.1461	0.9242	-0.3529
			0.8309	-0.5256	0.1829
			-0.9186	0.364	0.1542
			-0.1412	-0.6449	-0.7511
		b:
			388.8128
			137.6973
			-134.59
			368.5207
			-272.9045
			-388.468
	==================================================================================
	Q3:
		Shape: Ellipse
		q_c:	386.5	76.0	386.5
		ub :	400.7569	87.0197	398.5475
		lb :	372.2431	64.9803	374.4525
		P^-1:
			0.0138	-0.0137	0.0053
			-0.0137	0.0465	-0.0199
			0.0053	-0.0199	0.0244
	==================================================================================
	Q4:
		Shape: Ellipse
		q_c:	400.0	68.5	403.0
		ub :	412.2319	77.2096	416.038
		lb :	387.7681	59.7904	389.962
		P^-1:
			0.0238	0.0149	0.0044
			0.0149	0.0398	0.0034
			0.0044	0.0034	0.0105
	==================================================================================
	Q5:
		Shape: Polyhedra
		q_c:	401.5	51.5	416.5
		ub :	415.4547	56.0143	430.8789
		lb :	387.5453	46.9857	402.1211
		A:
			0.8156	-0.573	-0.0803
			-0.0547	0.9922	0.1121
			-0.0656	-0.9451	-0.3202
			0.1251	0.9677	0.2188
			-0.241	-0.9524	0.1866
			-0.2934	-0.9551	0.0426
			0.1684	0.9839	0.06
			0.7708	-0.0935	-0.6302
			-0.6145	0.1523	-0.7741
			-0.1684	-0.9839	-0.06
			-0.7708	0.0935	0.6302
			0.6145	-0.1523	0.7741
		b:
			273.2565
			78.6665
			-205.1168
			193.7524
			-64.9749
			-146.8352
			145.2452
			50.6514
			-549.7761
			-141.2452
			-33.6514
			572.7761
	==================================================================================
	Q6:
		Shape: Hybrid
		q_c:	394.0	59.5	386.0
		ub :	404.1168	68.829	393.1837
		lb :	383.8832	50.171	378.8163
		P^-1:
			0.0293	0.0042	-0.0147
			0.0042	0.0292	0.0081
			-0.0147	0.0081	0.0548
		A:
			-0.7435	0.6681	-0.0276
			0.3955	0.5513	-0.7346
			0.7339	0.3347	0.5911
			0.114	-0.9006	-0.4194
			0.9942	0.0157	0.1063
			0.2147	0.9414	-0.2602
		b:
			-258.7689
			-91.875
			541.3708
			-167.0994
			438.3294
			44.1711


===========================================================================================
===========================================================================================
S23:
	q_c:	319.0	397.0	172.5
	ub :	335.4193	403.5113	190.3235
	lb :	319.5725	381.7298	165.8878

	==================================================================================
	Q1:
		Shape: Ellipse
		q_c:	325.5	388.0	171.0
		ub :	331.4275	392.9766	176.1122
		lb :	319.5725	383.0234	165.8878
		P^-1:
			0.0678	-0.017	0.0444
			-0.017	0.136	-0.0793
			0.0444	-0.0793	0.1772
	==================================================================================
	Q2:
		Shape: Hybrid
		q_c:	326.0	395.5	184.5
		ub :	330.931	400.0874	190.3235
		lb :	321.069	390.9126	178.6765
		P^-1:
			0.0797	-0.0054	-0.0042
			-0.0054	0.1024	-0.0178
			-0.0042	-0.0178	0.0731
		A:
			-0.1857	-0.7848	-0.5913
			0.873	-0.0803	0.4811
			0.2412	-0.8479	-0.4721
			-0.8447	0.4403	0.3042
			0.5929	-0.6733	-0.4417
			-0.5031	0.2177	0.8364
		b:
			-477.6891
			343.7517
			-341.7407
			-43.1514
			-152.4815
			78.6068
	==================================================================================
	Q3:
		Shape: Hybrid
		q_c:	329.5	395.0	174.5
		ub :	335.4193	399.441	180.4719
		lb :	323.5807	390.559	168.5281
		P^-1:
			0.1271	-0.0654	-0.0696
			-0.0654	0.1231	0.0585
			-0.0696	0.0585	0.1117
		A:
			-0.6225	0.4152	0.6634
			0.4886	-0.8327	-0.2606
			-0.7212	0.6793	0.1357
			0.6699	-0.166	-0.7237
			0.6209	-0.3735	-0.6892
			0.5836	-0.652	-0.484
		b:
			75.7811
			-211.9241
			56.0176
			30.3661
			-62.0505
			-148.6804
	==================================================================================
	Q4:
		Shape: Ellipse
		q_c:	326.5	387.5	177.5
		ub :	332.2626	393.2702	183.1909
		lb :	320.7374	381.7298	171.8091
		P^-1:
			0.056	0.0077	0.0108
			0.0077	0.0904	-0.0176
			0.0108	-0.0176	0.0958
	==================================================================================
	Q5:
		Shape: Ellipse
		q_c:	325.5	398.5	181.5
		ub :	330.8326	403.5113	185.3393
		lb :	320.1674	393.4887	177.6607
		P^-1:
			0.1098	-0.0024	-0.0628
			-0.0024	0.0818	0.0054
			-0.0628	0.0054	0.2216
	==================================================================================
	Q6:
		Shape: Polyhedra
		q_c:	327.5	386.0	172.0
		ub :	330.6577	390.1299	176.0839
		lb :	324.3423	381.8701	167.9161
		A:
			0.3226	-0.2855	-0.9024
			0.4602	0.8436	0.2768
			0.9498	0.303	0.0782
			0.1393	-0.0007	-0.9903
			0.6223	-0.407	0.6686
			0.4328	0.5409	-0.7212
			0.5477	0.5861	0.5971
			-0.1886	0.7817	-0.5944
			-0.8152	0.2129	0.5387
			-0.5477	-0.5861	-0.5971
			0.1886	-0.7817	0.5944
			0.8152	-0.2129	-0.5387
		b:
			-157.8406
			526.5275
			443.5644
			-122.6627
			164.5092
			228.9955
			510.8045
			140.7501
			-90.6286
			-505.8045
			-134.7501
			93.6286


===========================================================================================
===========================================================================================
S24:
	q_c:	37.5	289.0	9.0
	ub :	47.4864	299.9338	18.9146
	lb :	28.1468	278.1615	1.3303

	==================================================================================
	Q1:
		Shape: Ellipse
		q_c:	36.5	293.0	14.5
		ub :	40.5366	297.4136	18.2489
		lb :	32.4634	288.5864	10.7511
		P^-1:
			0.113	-0.0034	-0.0088
			-0.0034	0.1172	0.0158
			-0.0088	0.0158	0.152
	==================================================================================
	Q2:
		Shape: Ellipse
		q_c:	37.5	287.0	5.5
		ub :	42.7219	292.0776	9.4956
		lb :	32.2781	281.9224	1.5044
		P^-1:
			0.0952	0.0146	-0.0013
			0.0146	0.0977	0.0012
			-0.0013	0.0012	0.111
	==================================================================================
	Q3:
		Shape: Ellipse
		q_c:	41.0	296.0	11.0
		ub :	45.035	299.9338	15.1534
		lb :	36.965	292.0662	6.8466
		P^-1:
			0.1981	-0.0503	-0.0198
			-0.0503	0.1552	0.0394
			-0.0198	0.0394	0.1678
	==================================================================================
	Q4:
		Shape: Ellipse
		q_c:	36.0	293.5	11.0
		ub :	38.5022	297.4371	14.0494
		lb :	33.4978	289.5629	7.9506
		P^-1:
			0.286	0.0225	0.0722
			0.0225	0.1041	0.0826
			0.0722	0.0826	0.386
	==================================================================================
	Q5:
		Shape: Hybrid
		q_c:	33.0	289.0	6.5
		ub :	37.8532	291.5218	11.6697
		lb :	28.1468	286.4782	1.3303
		P^-1:
			0.4176	0.988	-0.4284
			0.988	3.1738	-1.2498
			-0.4284	-1.2498	0.5691
		A:
			-0.2264	-0.9388	0.2598
			0.259	0.8754	-0.4082
			0.0745	0.9305	-0.3585
			0.1683	0.9384	-0.3018
			0.11	0.908	-0.4043
			-0.384	-0.7993	0.4622
		b:
			-276.673
			259.1939
			269.68
			275.1905
			264.0021
			-240.1954
	==================================================================================
	Q6:
		Shape: Ellipse
		q_c:	41.0	283.0	12.5
		ub :	47.4864	287.8385	18.9146
		lb :	34.5136	278.1615	6.0854
		P^-1:
			0.0683	0.0323	0.0092
			0.0323	0.1278	0.0384
			0.0092	0.0384	0.0758


===========================================================================================
===========================================================================================
S25:
	q_c:	67.5	193.0	484.5
	ub :	71.8554	211.3998	502.7562
	lb :	48.1901	183.0555	461.5985

	==================================================================================
	Q1:
		Shape: Hybrid
		q_c:	65.0	201.5	471.0
		ub :	71.8554	211.3998	480.4015
		lb :	58.1446	191.6002	461.5985
		P^-1:
			0.0716	-0.0197	-0.0068
			-0.0197	0.0311	0.0108
			-0.0068	0.0108	0.0298
		A:
			0.5084	-0.3638	-0.7805
			-0.5111	0.8218	-0.2518
			0.839	-0.1011	-0.5346
			-0.3072	0.3142	0.8983
			0.7947	-0.1164	0.5957
			0.7038	-0.7097	0.0327
		b:
			-404.9296
			17.7666
			-214.9148
			469.9053
			311.9974
			-79.1037
	==================================================================================
	Q2:
		Shape: Hybrid
		q_c:	66.0	197.5	489.5
		ub :	69.7036	201.9103	493.8356
		lb :	62.2964	193.0897	485.1644
		P^-1:
			0.3472	0.1495	0.0481
			0.1495	0.1717	0.0399
			0.0481	0.0399	0.1183
		A:
			-0.8815	-0.2032	-0.4263
			-0.7264	-0.2887	-0.6237
			0.9956	0.0933	0.0125
			-0.6597	-0.5149	-0.5474
			0.7948	0.3496	0.4961
			-0.6363	0.5367	0.5541
		b:
			-305.8451
			-409.0085
			91.5021
			-412.1204
			365.3518
			337.6002
	==================================================================================
	Q3:
		Shape: Polyhedra
		q_c:	58.5	202.0	496.0
		ub :	66.3221	209.074	502.7562
		lb :	50.6779	194.926	489.2438
		A:
			-0.1623	0.986	0.0375
			0.6793	0.7171	-0.1562
			-0.7009	-0.6882	0.1874
			0.6204	0.1857	0.762
			0.6595	0.0462	-0.7503
			-0.7238	0.2782	-0.6314
			0.7446	0.5973	0.298
			-0.3313	-0.057	0.9418
			0.5795	-0.8	0.1555
			-0.7446	-0.5973	-0.298
			0.3313	0.057	-0.9418
			-0.5795	0.8	-0.1555
		b:
			213.493
			111.3818
			-82.809
			456.2034
			-319.2794
			-294.3445
			316.0323
			441.255
			-45.0931
			-308.0323
			-431.255
			56.0931
	==================================================================================
	Q4:
		Shape: Hybrid
		q_c:	55.5	193.0	480.0
		ub :	62.8099	199.8043	485.6132
		lb :	48.1901	186.1957	474.3868
		P^-1:
			0.0519	-0.0098	0.0501
			-0.0098	0.0318	-0.0204
			0.0501	-0.0204	0.1319
		A:
			-0.446	0.3577	-0.8205
			0.488	0.269	0.8304
			0.0752	-0.0597	0.9954
			-0.4299	-0.8466	-0.3138
			0.8597	-0.4656	0.2101
			-0.3773	0.2103	-0.9019
		b:
			-348.0669
			479.7947
			472.4182
			-333.3654
			62.3639
			-411.9891
	==================================================================================
	Q5:
		Shape: Polyhedra
		q_c:	60.0	201.5	493.0
		ub :	66.7348	207.6763	500.4156
		lb :	53.2652	195.3237	485.5844
		A:
			-0.9775	-0.2045	-0.0524
			0.5922	0.4076	0.6951
			-0.1011	0.7997	0.5919
			0.1722	0.389	-0.905
			0.966	0.1184	-0.23
			-0.4654	-0.8463	-0.2592
			0.6665	0.5614	0.4905
			0.2838	-0.7995	0.5294
			0.6894	-0.2136	-0.6922
			-0.6665	-0.5614	-0.4905
			-0.2838	0.7995	-0.5294
			-0.6894	0.2136	0.6922
		b:
			-121.8276
			463.0892
			451.1117
			-352.4979
			-26.9
			-323.2865
			397.4426
			121.4119
			-337.4333
			-392.4426
			-112.4119
			348.4333
	==================================================================================
	Q6:
		Shape: Hybrid
		q_c:	58.0	189.0	493.0
		ub :	65.1562	194.9445	499.4016
		lb :	50.8438	183.0555	486.5984
		P^-1:
			0.039	-0.0023	0.0142
			-0.0023	0.0652	0.0088
			0.0142	0.0088	0.073
		A:
			0.876	-0.4619	0.1386
			-0.0514	-0.9699	0.2379
			-0.2687	-0.9331	-0.2388
			-0.395	-0.8916	-0.2214
			-0.4624	-0.8702	-0.17
			0.4753	0.6135	-0.6306
		b:
			34.8053
			-66.6198
			-307.4733
			-298.2186
			-272.5845
			-164.194


===========================================================================================
===========================================================================================
