3D_30_20_6_c                l = 3

===========================================================================================
===========================================================================================
S1:
	q_c:    468.0000    218.5000    167.0000
	ub :    477.0000    232.0000    189.0000
	lb :    459.0000    205.0000    145.0000

	==================================================================================
	Q1:
		Shape: Hybrid
		q_c:    463.0000    227.5000    160.5000
		ub :    471.7849    234.8323    168.5116
		lb :    454.2151    220.1677    152.4884
		P^-1: 
			    0.0308    0.0045    -0.0172
			    0.0045    0.1015    -0.0631
			    -0.0172    -0.0631    0.0881
		A:
			    -0.0800    -0.3486    0.9338
			    0.9537    -0.2359    0.1866
			    -0.4659    0.7995    -0.3790
			    -0.1488    -0.8785    0.4539
			    0.0684    0.7357    -0.6738
			    0.3276    -0.9114    0.2489
		b:
			    35.8362
			    422.6682
			    -92.0604
			    -194.2433
			    92.1448
			    -13.3367
	==================================================================================
	Q2:
		Shape: Ellipse
		q_c:    466.5000    226.5000    166.5000
		ub :    472.4308    234.1808    173.6167
		lb :    460.5692    218.8192    159.3833
		P^-1: 
			    0.1117    0.0476    0.0390
			    0.0476    0.0631    0.0209
			    0.0390    0.0209    0.0583
	==================================================================================
	Q3:
		Shape: Polyhedra
		q_c:    474.0000    218.5000    173.0000
		ub :    477.0526    222.4144    176.6904
		lb :    470.9474    214.5856    169.3096
		A:
			    -0.5691    0.6413    -0.5147
			    -0.5634    0.3806    -0.7333
			    0.9464    0.1633    0.2786
			    0.0042    0.6970    -0.7171
			    0.5620    -0.7857    0.2584
			    0.1434    0.9856    -0.0890
			    0.2520    0.6083    0.7526
			    -0.9464    0.3171    0.0606
			    -0.2018    -0.7276    0.6557
			    -0.2520    -0.6083    -0.7526
			    0.9464    -0.3171    -0.0606
			    0.2018    0.7276    -0.6557
		b:
			    -216.6499
			    -308.5008
			    534.8355
			    32.2170
			    141.4273
			    270.3146
			    385.5901
			    -366.8372
			    -139.1780
			    -379.5901
			    370.8372
			    143.1780
	==================================================================================
	Q4:
		Shape: Ellipse
		q_c:    464.0000    212.0000    169.0000
		ub :    469.1032    217.2905    174.9285
		lb :    458.8968    206.7095    163.0715
		P^-1: 
			    0.0632    -0.0021    0.0030
			    -0.0021    0.0684    -0.0086
			    0.0030    -0.0086    0.0750
	==================================================================================
	Q5:
		Shape: Ellipse
		q_c:    460.5000    219.0000    170.5000
		ub :    465.6192    221.5962    175.8105
		lb :    455.3808    216.4038    165.1895
		P^-1: 
			    0.1384    0.0736    -0.0801
			    0.0736    0.3931    -0.0814
			    -0.0801    -0.0814    0.1224
	==================================================================================
	Q6:
		Shape: Polyhedra
		q_c:    461.0000    216.0000    169.5000
		ub :    468.2538    223.0294    176.5734
		lb :    453.7462    208.9706    162.4266
		A:
			    0.3657    0.4759    0.7999
			    -0.2503    0.1653    -0.9540
			    0.8685    -0.2836    -0.4065
			    0.9662    -0.2153    -0.1416
			    -0.6469    -0.7464    -0.1563
			    0.1285    -0.1367    0.9822
			    0.7301    0.0220    0.6829
			    -0.6780    -0.1009    0.7281
			    0.0849    -0.9946    -0.0588
			    -0.7301    -0.0220    -0.6829
			    0.6780    0.1009    -0.7281
			    -0.0849    0.9946    0.0588
		b:
			    412.3010
			    -236.4774
			    275.0952
			    379.8317
			    -480.2342
			    201.0054
			    462.1038
			    -206.4429
			    -179.1515
			    -452.1038
			    215.4429
			    192.1515


===========================================================================================
===========================================================================================
S2:
	q_c:    165.5000    188.5000    251.5000
	ub :    184.0000    205.0000    274.0000
	lb :    147.0000    172.0000    229.0000

	==================================================================================
	Q1:
		Shape: Ellipse
		q_c:    171.0000    200.5000    235.0000
		ub :    179.5893    208.0149    242.5723
		lb :    162.4107    192.9851    227.4277
		P^-1: 
			    0.0193    -0.0075    0.0026
			    -0.0075    0.0554    -0.0134
			    0.0026    -0.0134    0.0293
	==================================================================================
	Q2:
		Shape: Ellipse
		q_c:    161.5000    199.0000    249.5000
		ub :    168.1508    204.0309    255.6946
		lb :    154.8492    193.9691    243.3054
		P^-1: 
			    0.0552    0.0010    0.0064
			    0.0010    0.0624    -0.0009
			    0.0064    -0.0009    0.0568
	==================================================================================
	Q3:
		Shape: Ellipse
		q_c:    159.5000    204.0000    243.5000
		ub :    169.0955    213.2764    251.0019
		lb :    149.9045    194.7236    235.9981
		P^-1: 
			    0.0347    -0.0070    -0.0235
			    -0.0070    0.0270    0.0062
			    -0.0235    0.0062    0.0681
	==================================================================================
	Q4:
		Shape: Ellipse
		q_c:    160.5000    191.0000    237.5000
		ub :    170.3643    201.2286    246.6096
		lb :    150.6357    180.7714    228.3904
		P^-1: 
			    0.0588    0.0169    0.0439
			    0.0169    0.0277    0.0039
			    0.0439    0.0039    0.0700
	==================================================================================
	Q5:
		Shape: Polyhedra
		q_c:    169.0000    193.5000    267.0000
		ub :    175.9662    199.4331    273.5305
		lb :    162.0338    187.5669    260.4695
		A:
			    0.9587    -0.1945    -0.2076
			    0.3255    0.2565    -0.9101
			    -0.0687    -0.5726    0.8170
			    -0.0804    -0.5830    0.8085
			    0.2556    0.5385    -0.8029
			    0.1334    0.8579    -0.4962
			    0.4507    0.5817    0.6772
			    -0.0208    -0.7515    0.6594
			    0.8924    -0.3113    -0.3266
			    -0.4507    -0.5817    -0.6772
			    0.0208    0.7515    -0.6594
			    -0.8924    0.3113    0.3266
		b:
			    73.5206
			    -135.1494
			    97.4391
			    91.0936
			    -65.0992
			    57.8201
			    376.0203
			    28.1196
			    7.8992
			    -363.0203
			    -26.1196
			    1.1008
	==================================================================================
	Q6:
		Shape: Ellipse
		q_c:    161.5000    181.0000    256.5000
		ub :    170.0340    190.8015    264.6234
		lb :    152.9660    171.1985    248.3766
		P^-1: 
			    0.0278    -0.0000    0.0001
			    -0.0000    0.0284    -0.0017
			    0.0001    -0.0017    0.0324


===========================================================================================
===========================================================================================
S3:
	q_c:    151.0000    153.5000    228.5000
	ub :    165.0000    181.0000    240.0000
	lb :    137.0000    126.0000    217.0000

	==================================================================================
	Q1:
		Shape: Ellipse
		q_c:    151.5000    149.5000    223.5000
		ub :    160.1203    158.5398    230.9581
		lb :    142.8797    140.4602    216.0419
		P^-1: 
			    0.0377    -0.0034    -0.0116
			    -0.0034    0.0348    0.0114
			    -0.0116    0.0114    0.0508
	==================================================================================
	Q2:
		Shape: Ellipse
		q_c:    143.5000    159.0000    234.0000
		ub :    152.2885    166.7926    241.7220
		lb :    134.7115    151.2074    226.2780
		P^-1: 
			    0.0307    0.0092    0.0069
			    0.0092    0.0449    -0.0034
			    0.0069    -0.0034    0.0468
	==================================================================================
	Q3:
		Shape: Hybrid
		q_c:    149.5000    161.0000    221.0000
		ub :    155.9822    167.5409    224.4144
		lb :    143.0178    154.4591    217.5856
		P^-1: 
			    0.0859    0.0671    0.0103
			    0.0671    0.0992    -0.0093
			    0.0103    -0.0093    0.1586
		A:
			    -0.8455    -0.5337    -0.0151
			    -0.2364    -0.3875    0.8910
			    0.8433    0.4920    0.2163
			    -0.9469    -0.3152    0.0636
			    -0.3539    -0.7529    0.5549
			    -0.2539    -0.6106    -0.7501
		b:
			    -213.9566
			    100.4420
			    254.8238
			    -175.6233
			    -50.0019
			    -300.2231
	==================================================================================
	Q4:
		Shape: Ellipse
		q_c:    162.0000    154.5000    223.5000
		ub :    168.8858    160.2844    230.7942
		lb :    155.1142    148.7156    216.2058
		P^-1: 
			    0.0531    -0.0050    -0.0099
			    -0.0050    0.0599    -0.0052
			    -0.0099    -0.0052    0.0520
	==================================================================================
	Q5:
		Shape: Ellipse
		q_c:    142.5000    152.0000    235.0000
		ub :    150.8466    155.0022    242.7333
		lb :    134.1534    148.9978    227.2667
		P^-1: 
			    0.0404    0.0780    -0.0026
			    0.0780    0.4293    0.0052
			    -0.0026    0.0052    0.0315
	==================================================================================
	Q6:
		Shape: Polyhedra
		q_c:    159.5000    143.5000    229.0000
		ub :    165.2140    149.3808    235.6719
		lb :    153.7860    137.6192    222.3281
		A:
			    -0.8831    -0.4091    -0.2296
			    -0.3392    -0.8103    0.4779
			    -0.0483    0.0680    0.9965
			    -0.6297    0.3658    -0.6853
			    -0.4037    0.7454    -0.5304
			    0.2322    0.6579    0.7164
			    0.2907    0.8275    0.4803
			    -0.9324    0.1323    0.3364
			    0.2149    -0.5457    0.8100
			    -0.2907    -0.8275    -0.4803
			    0.9324    -0.1323    -0.3364
			    -0.2149    0.5457    -0.8100
		b:
			    -248.3795
			    -56.7788
			    234.4194
			    -200.5093
			    -74.4978
			    299.0911
			    278.6129
			    -48.6841
			    145.9594
			    -271.6129
			    56.6841
			    -136.9594


===========================================================================================
===========================================================================================
S4:
	q_c:    95.0000    519.5000    223.5000
	ub :    115.0000    527.0000    241.0000
	lb :    75.0000    512.0000    206.0000

	==================================================================================
	Q1:
		Shape: Polyhedra
		q_c:    103.0000    528.0000    220.5000
		ub :    106.3906    531.8350    224.1817
		lb :    99.6094    524.1650    216.8183
		A:
			    0.5210    0.4783    0.7070
			    -0.9457    0.2359    -0.2238
			    -0.1404    -0.8841    -0.4457
			    -0.7818    -0.3336    0.5268
			    0.9486    -0.2203    -0.2273
			    0.7518    -0.5746    -0.3236
			    0.7815    0.5821    0.2244
			    0.6165    -0.7757    -0.1350
			    0.0954    0.2439    -0.9651
			    -0.7815    -0.5821    -0.2244
			    -0.6165    0.7757    0.1350
			    -0.0954    -0.2439    0.9651
		b:
			    464.4098
			    -19.8938
			    -577.2692
			    -137.9826
			    -66.3343
			    -294.7634
			    439.3264
			    -373.3339
			    -71.2142
			    -435.3264
			    378.3339
			    77.2142
	==================================================================================
	Q2:
		Shape: Hybrid
		q_c:    94.5000    523.0000    223.0000
		ub :    99.4212    528.8920    227.6721
		lb :    89.5788    517.1080    218.3279
		P^-1: 
			    0.0789    0.0088    -0.0016
			    0.0088    0.0531    0.0053
			    -0.0016    0.0053    0.0807
		A:
			    -0.2811    -0.3674    -0.8866
			    -0.9407    -0.1573    0.3006
			    -0.4033    0.6788    -0.6136
			    -0.1295    0.4442    0.8865
			    0.6344    -0.2395    -0.7350
			    0.3810    0.2509    -0.8899
		b:
			    -414.6711
			    -102.3413
			    182.6000
			    419.6082
			    -227.3907
			    -29.3850
	==================================================================================
	Q3:
		Shape: Polyhedra
		q_c:    97.0000    523.5000    231.5000
		ub :    101.3155    526.3351    235.7831
		lb :    92.6845    520.6649    227.2169
		A:
			    -0.4236    0.8936    0.1482
			    -0.0057    -0.6669    -0.7451
			    -0.8499    -0.2839    -0.4439
			    0.2288    -0.7495    0.6211
			    -0.7089    0.5491    0.4427
			    0.2176    -0.6764    -0.7037
			    0.8802    0.0972    0.4645
			    -0.4404    -0.1975    0.8758
			    0.1769    -0.9755    -0.1311
			    -0.8802    -0.0972    -0.4645
			    0.4404    0.1975    -0.8758
			    -0.1769    0.9755    0.1311
		b:
			    463.1317
			    -519.6875
			    -330.8509
			    -223.8228
			    323.7054
			    -493.4745
			    246.7856
			    59.6255
			    -521.8470
			    -240.7856
			    -53.6255
			    525.8470
	==================================================================================
	Q4:
		Shape: Polyhedra
		q_c:    89.0000    526.5000    224.5000
		ub :    94.2783    531.9435    228.6586
		lb :    83.7217    521.0565    220.3414
		A:
			    0.2128    -0.3754    -0.9021
			    -0.0297    -0.9984    0.0481
			    0.0377    0.8324    -0.5529
			    0.6387    -0.0352    -0.7687
			    -0.6918    0.5634    -0.4517
			    -0.1788    -0.8954    -0.4078
			    0.8450    0.5279    0.0853
			    0.1093    -0.3266    0.9388
			    0.5235    -0.7840    -0.3337
			    -0.8450    -0.5279    -0.0853
			    -0.1093    0.3266    -0.9388
			    -0.5235    0.7840    0.3337
		b:
			    -378.2142
			    -514.1594
			    320.6706
			    -130.9928
			    136.7598
			    -575.4196
			    376.3115
			    51.5383
			    -438.0801
			    -368.3115
			    -45.5383
			    444.0801
	==================================================================================
	Q5:
		Shape: Ellipse
		q_c:    87.5000    528.5000    220.0000
		ub :    91.9730    533.2067    224.5275
		lb :    83.0270    523.7933    215.4725
		P^-1: 
			    0.1324    0.0257    -0.0018
			    0.0257    0.1347    0.0117
			    -0.0018    0.0117    0.0857
	==================================================================================
	Q6:
		Shape: Ellipse
		q_c:    90.5000    519.5000    224.5000
		ub :    96.1192    525.4182    228.4856
		lb :    84.8808    513.5818    220.5144
		P^-1: 
			    0.0918    -0.0286    -0.0015
			    -0.0286    0.0688    -0.0022
			    -0.0015    -0.0022    0.1110


===========================================================================================
===========================================================================================
S5:
	q_c:    432.0000    291.5000    258.5000
	ub :    454.0000    311.0000    275.0000
	lb :    410.0000    272.0000    242.0000

	==================================================================================
	Q1:
		Shape: Ellipse
		q_c:    419.5000    299.5000    239.0000
		ub :    427.0230    307.1495    246.0372
		lb :    411.9770    291.8505    231.9628
		P^-1: 
			    0.0486    0.0010    -0.0024
			    0.0010    0.0481    0.0031
			    -0.0024    0.0031    0.0421
	==================================================================================
	Q2:
		Shape: Polyhedra
		q_c:    423.5000    301.5000    267.0000
		ub :    431.1322    309.3377    275.0175
		lb :    415.8678    293.6623    258.9825
		A:
			    0.4342    0.8514    0.2941
			    0.3586    -0.2094    0.9097
			    -0.9370    0.2087    0.2800
			    -0.0808    0.8516    0.5180
			    -0.1543    -0.7790    -0.6078
			    0.0779    0.8589    -0.5062
			    0.8668    0.4534    0.2075
			    -0.1628    -0.1361    0.9772
			    0.4713    -0.8809    -0.0442
			    -0.8668    -0.4534    -0.2075
			    0.1628    0.1361    -0.9772
			    -0.4713    0.8809    0.0442
		b:
			    523.9964
			    338.1443
			    -253.7597
			    366.4529
			    -456.9707
			    162.8259
			    563.7018
			    157.9581
			    -72.2719
			    -554.7018
			    -143.9581
			    83.2719
	==================================================================================
	Q3:
		Shape: Polyhedra
		q_c:    444.5000    303.5000    263.0000
		ub :    453.0331    311.3313    266.9431
		lb :    435.9669    295.6687    259.0569
		A:
			    -0.8087    0.5679    -0.1532
			    -0.5739    0.7788    -0.2533
			    0.3413    -0.0235    -0.9396
			    -0.3395    0.4517    -0.8251
			    -0.4854    0.8728    0.0513
			    -0.8481    0.1962    -0.4922
			    0.7808    0.6236    0.0391
			    0.6248    -0.7798    -0.0387
			    0.0063    0.0547    -0.9985
			    -0.7808    -0.6236    -0.0391
			    -0.6248    0.7798    0.0387
			    -0.0063    -0.0547    0.9985
		b:
			    -223.6230
			    -82.2807
			    -98.6966
			    -227.4202
			    65.9336
			    -441.4174
			    555.0948
			    33.8537
			    -239.6948
			    -538.0948
			    -27.8537
			    246.6948
	==================================================================================
	Q4:
		Shape: Hybrid
		q_c:    443.5000    288.0000    254.5000
		ub :    454.1357    298.6089    261.9074
		lb :    432.8643    277.3911    247.0926
		P^-1: 
			    0.0251    -0.0096    0.0109
			    -0.0096    0.0305    -0.0152
			    0.0109    -0.0152    0.0484
		A:
			    0.0093    0.1984    -0.9801
			    -0.0139    -0.2626    0.9648
			    0.9913    -0.1313    0.0064
			    0.8337    -0.2035    0.5134
			    -0.5001    -0.2057    -0.8412
			    0.1666    0.0219    0.9858
		b:
			    -185.4339
			    166.4055
			    408.1212
			    445.1756
			    -491.4777
			    334.0326
	==================================================================================
	Q5:
		Shape: Hybrid
		q_c:    441.5000    297.5000    245.0000
		ub :    452.3378    307.4409    252.7024
		lb :    430.6622    287.5591    237.2976
		P^-1: 
			    0.0406    0.0149    0.0561
			    0.0149    0.0220    0.0300
			    0.0561    0.0300    0.1236
		A:
			    -0.2674    -0.3825    -0.8844
			    -0.3852    0.7975    0.4643
			    -0.6288    -0.7290    -0.2703
			    0.6149    0.6402    0.4606
			    -0.3503    -0.4255    -0.8344
			    0.7094    0.7046    -0.0141
		b:
			    -446.6552
			    187.5860
			    -555.3695
			    578.9183
			    -483.8898
			    526.0394
	==================================================================================
	Q6:
		Shape: Hybrid
		q_c:    431.0000    292.5000    259.5000
		ub :    437.6798    303.1421    269.9092
		lb :    424.3202    281.8579    249.0908
		P^-1: 
			    0.0562    0.0120    0.0105
			    0.0120    0.0246    -0.0029
			    0.0105    -0.0029    0.0251
		A:
			    0.1236    -0.9770    -0.1738
			    -0.4846    -0.3975    0.7792
			    0.1451    -0.2859    -0.9472
			    0.7022    0.0527    0.7100
			    -0.6536    -0.4841    0.5818
			    0.8617    0.5049    0.0501
		b:
			    -272.2072
			    -118.8041
			    -261.4759
			    505.1433
			    -268.7617
			    534.3341


===========================================================================================
===========================================================================================
S6:
	q_c:    205.0000    174.5000    107.0000
	ub :    223.0000    205.0000    139.0000
	lb :    187.0000    144.0000    75.0000

	==================================================================================
	Q1:
		Shape: Ellipse
		q_c:    203.0000    181.0000    99.5000
		ub :    214.1984    194.8056    113.1380
		lb :    191.8016    167.1944    85.8620
		P^-1: 
			    0.0198    -0.0044    -0.0043
			    -0.0044    0.0154    -0.0020
			    -0.0043    -0.0020    0.0163
	==================================================================================
	Q2:
		Shape: Hybrid
		q_c:    194.0000    161.0000    98.0000
		ub :    204.9941    173.4198    108.8528
		lb :    183.0059    148.5802    87.1472
		P^-1: 
			    0.0182    0.0019    0.0015
			    0.0019    0.0194    -0.0025
			    0.0015    -0.0025    0.0222
		A:
			    0.9392    -0.2204    0.2634
			    0.5327    0.3893    -0.7515
			    0.0350    -0.9787    -0.2022
			    -0.6630    -0.0050    -0.7486
			    0.0916    -0.9909    0.0987
			    0.8619    -0.4661    0.1997
		b:
			    176.6800
			    95.9942
			    -166.3782
			    -199.2405
			    -128.0804
			    116.0462
	==================================================================================
	Q3:
		Shape: Ellipse
		q_c:    200.0000    169.5000    93.5000
		ub :    203.4765    174.7924    100.2821
		lb :    196.5235    164.2076    86.7179
		P^-1: 
			    0.1108    0.0026    0.0040
			    0.0026    0.0401    -0.0004
			    0.0040    -0.0004    0.0239
	==================================================================================
	Q4:
		Shape: Polyhedra
		q_c:    215.0000    171.5000    125.5000
		ub :    221.0404    179.3757    133.7796
		lb :    208.9596    163.6243    117.2204
		A:
			    0.5156    -0.7280    -0.4518
			    -0.7881    0.5895    0.1774
			    0.8984    -0.3634    -0.2466
			    -0.5685    0.2967    0.7673
			    0.0674    -0.5033    -0.8615
			    0.5341    -0.8352    -0.1310
			    0.6885    0.4029    0.6030
			    -0.2230    -0.6736    0.7047
			    0.6901    -0.6197    -0.3739
			    -0.6885    -0.4029    -0.6030
			    0.2230    0.6736    -0.7047
			    -0.6901    0.6197    0.3739
		b:
			    -68.0878
			    -43.4238
			    102.7186
			    28.9588
			    -176.1869
			    -41.4537
			    296.8062
			    -68.0255
			    -2.3158
			    -288.8062
			    82.0255
			    7.3158
	==================================================================================
	Q5:
		Shape: Hybrid
		q_c:    188.0000    191.5000    96.5000
		ub :    197.5257    203.4047    108.6034
		lb :    178.4743    179.5953    84.3966
		P^-1: 
			    0.0342    0.0065    -0.0013
			    0.0065    0.0234    0.0130
			    -0.0013    0.0130    0.0255
		A:
			    0.9895    -0.1212    0.0787
			    -0.9723    0.2033    -0.1149
			    0.9472    0.0750    0.3119
			    -0.3562    0.7640    0.5380
			    -0.8486    -0.5145    0.1230
			    -0.9126    -0.3832    -0.1427
		b:
			    174.0843
			    -150.9000
			    226.0598
			    134.6840
			    -243.0569
			    -256.0708
	==================================================================================
	Q6:
		Shape: Hybrid
		q_c:    204.5000    183.5000    91.0000
		ub :    213.9783    192.7156    99.0386
		lb :    195.0217    174.2844    82.9614
		P^-1: 
			    0.0357    0.0041    0.0096
			    0.0041    0.0299    0.0049
			    0.0096    0.0049    0.0394
		A:
			    0.0351    -0.6372    0.7699
			    0.5292    0.8485    -0.0057
			    0.4232    0.8080    0.4099
			    -0.9150    -0.2805    -0.2901
			    -0.0366    -0.6518    0.7575
			    -0.8038    0.5742    0.1557
		b:
			    -36.1548
			    266.6937
			    274.9353
			    -262.2840
			    -54.5461
			    -41.1333


===========================================================================================
===========================================================================================
S7:
	q_c:    468.5000    73.5000    469.0000
	ub :    483.0000    106.0000    476.0000
	lb :    454.0000    41.0000    462.0000

	==================================================================================
	Q1:
		Shape: Ellipse
		q_c:    466.0000    72.0000    465.0000
		ub :    470.7077    76.3479    468.7663
		lb :    461.2923    67.6521    461.2337
		P^-1: 
			    0.1256    0.0379    0.0039
			    0.0379    0.1151    0.0080
			    0.0039    0.0080    0.1121
	==================================================================================
	Q2:
		Shape: Polyhedra
		q_c:    467.0000    79.5000    471.5000
		ub :    471.6523    84.5151    476.1837
		lb :    462.3477    74.4849    466.8163
		A:
			    0.4797    -0.5145    -0.7107
			    -0.5445    0.4712    -0.6939
			    -0.5171    0.7923    0.3238
			    -0.1391    -0.3651    0.9205
			    -0.7908    0.5520    -0.2646
			    -0.0766    -0.6883    -0.7214
			    0.3574    0.0269    0.9335
			    -0.9233    0.1603    0.3489
			    -0.1403    -0.9867    0.0821
			    -0.3574    -0.0269    -0.9335
			    0.9233    -0.1603    -0.3489
			    0.1403    0.9867    -0.0821
		b:
			    -148.5985
			    -540.3274
			    -22.0453
			    343.6900
			    -446.6544
			    -426.7331
			    612.7308
			    -250.9384
			    -100.7362
			    -605.7308
			    256.9384
			    109.7362
	==================================================================================
	Q3:
		Shape: Polyhedra
		q_c:    464.0000    68.0000    472.5000
		ub :    471.5083    74.5543    479.1204
		lb :    456.4917    61.4457    465.8796
		A:
			    -0.0371    -0.7906    0.6112
			    -0.2470    0.9451    0.2140
			    -0.0157    -0.8480    0.5297
			    -0.0661    -0.9964    -0.0535
			    0.1373    -0.6572    -0.7411
			    0.4031    0.8964    -0.1843
			    0.5250    0.8062    0.2729
			    0.3839    0.0619    -0.9213
			    -0.7596    0.5885    -0.2770
			    -0.5250    -0.8062    -0.2729
			    -0.3839    -0.0619    0.9213
			    0.7596    -0.5885    0.2770
		b:
			    222.2920
			    55.2783
			    189.8330
			    -119.2277
			    -326.6196
			    165.4077
			    431.8746
			    -248.4763
			    -438.8172
			    -422.8746
			    257.4763
			    447.8172
	==================================================================================
	Q4:
		Shape: Polyhedra
		q_c:    472.5000    69.5000    477.5000
		ub :    476.6803    73.6754    481.9506
		lb :    468.3197    65.3246    473.0494
		A:
			    -0.0705    -0.2984    0.9518
			    -0.6945    0.1105    -0.7109
			    -0.1859    0.8727    0.4516
			    -0.6020    0.5986    -0.5285
			    0.5051    -0.8425    0.1871
			    -0.3729    -0.1379    -0.9176
			    0.2657    0.8428    0.4680
			    0.9363    -0.1100    -0.3336
			    -0.2297    0.5268    -0.8184
			    -0.2657    -0.8428    -0.4680
			    -0.9363    0.1100    0.3336
			    0.2297    -0.5268    0.8184
		b:
			    403.0280
			    -657.2681
			    191.4322
			    -492.5950
			    272.2064
			    -621.1927
			    410.5891
			    278.4484
			    -460.2008
			    -404.5891
			    -272.4484
			    465.2008
	==================================================================================
	Q5:
		Shape: Polyhedra
		q_c:    470.0000    68.0000    468.0000
		ub :    474.2181    72.6314    472.8635
		lb :    465.7819    63.3686    463.1365
		A:
			    -0.2101    0.0414    -0.9768
			    0.9077    0.4090    0.0933
			    0.7086    -0.3428    0.6168
			    0.2420    0.5913    0.7693
			    0.9412    -0.3122    0.1294
			    -0.1967    -0.5930    -0.7808
			    0.7474    0.1111    0.6550
			    -0.6644    0.1159    0.7384
			    0.0061    -0.9870    0.1604
			    -0.7474    -0.1111    -0.6550
			    0.6644    -0.1159    -0.7384
			    -0.0061    0.9870    -0.1604
		b:
			    -550.1374
			    501.1168
			    601.2337
			    517.0792
			    484.7301
			    -495.0523
			    667.8832
			    44.6856
			    14.8139
			    -662.8832
			    -37.6856
			    -6.8139
	==================================================================================
	Q6:
		Shape: Ellipse
		q_c:    470.5000    77.0000    463.5000
		ub :    475.2817    82.1367    469.1179
		lb :    465.7183    71.8633    457.8821
		P^-1: 
			    0.1398    -0.0093    -0.0319
			    -0.0093    0.1102    0.0276
			    -0.0319    0.0276    0.0705


===========================================================================================
===========================================================================================
S8:
	q_c:    310.0000    370.0000    344.5000
	ub :    314.0000    390.0000    361.0000
	lb :    306.0000    350.0000    328.0000

	==================================================================================
	Q1:
		Shape: Polyhedra
		q_c:    308.0000    370.5000    344.0000
		ub :    312.1497    374.6745    346.8135
		lb :    303.8503    366.3255    341.1865
		A:
			    -0.6776    0.2332    -0.6975
			    0.4168    -0.2652    -0.8694
			    0.3335    -0.0936    0.9381
			    0.4138    -0.3846    0.8251
			    -0.4139    -0.4393    0.7973
			    -0.7684    -0.5832    -0.2635
			    0.7266    0.6774    0.1148
			    0.6435    -0.6125    -0.4591
			    -0.2407    0.4075    -0.8809
			    -0.7266    -0.6774    -0.1148
			    -0.6435    0.6125    0.4591
			    0.2407    -0.4075    0.8809
		b:
			    -360.3232
			    -266.7024
			    392.4400
			    270.3471
			    -13.8602
			    -540.4255
			    517.2510
			    -184.1613
			    -224.7161
			    -511.2510
			    189.1613
			    227.7161
	==================================================================================
	Q2:
		Shape: Ellipse
		q_c:    313.5000    367.0000    346.5000
		ub :    315.9491    369.5408    348.5748
		lb :    311.0509    364.4592    344.4252
		P^-1: 
			    0.6130    0.0995    -0.2824
			    0.0995    0.2956    -0.0013
			    -0.2824    -0.0013    0.7859
	==================================================================================
	Q3:
		Shape: Hybrid
		q_c:    309.0000    369.5000    340.5000
		ub :    312.1642    372.1411    343.6564
		lb :    305.8358    366.8589    337.3436
		P^-1: 
			    0.2507    -0.0953    0.1122
			    -0.0953    0.7363    -0.3612
			    0.1122    -0.3612    0.4231
		A:
			    0.1814    -0.3201    0.9299
			    -0.0120    0.9045    -0.4262
			    0.9911    -0.0217    -0.1310
			    -0.8244    0.3889    -0.4113
			    0.1434    -0.6541    0.7427
			    0.5199    0.7190    -0.4612
		b:
			    255.5090
			    185.9617
			    255.3280
			    -249.9194
			    56.1362
			    270.4288
	==================================================================================
	Q4:
		Shape: Hybrid
		q_c:    307.5000    368.5000    346.5000
		ub :    310.6556    372.6523    350.6297
		lb :    304.3444    364.3477    342.3703
		P^-1: 
			    0.6716    -0.2101    -0.3856
			    -0.2101    0.2010    0.0976
			    -0.3856    0.0976    0.3691
		A:
			    -0.1252    0.8436    -0.5222
			    0.7402    0.5990    0.3055
			    0.8198    0.0677    -0.5687
			    0.1331    -0.7903    -0.5981
			    -0.3008    0.9166    0.2633
			    -0.9192    0.3110    0.2414
		b:
			    93.3912
			    557.0440
			    80.8003
			    -455.3755
			    338.3713
			    -83.5699
	==================================================================================
	Q5:
		Shape: Hybrid
		q_c:    307.0000    366.5000    341.0000
		ub :    310.3154    369.7964    344.0670
		lb :    303.6846    363.2036    337.9330
		P^-1: 
			    0.3171    0.0445    -0.1082
			    0.0445    0.1878    0.0111
			    -0.1082    0.0111    0.3495
		A:
			    -0.7528    -0.4661    0.4648
			    -0.2317    0.0475    0.9716
			    -0.2164    -0.9598    0.1785
			    -0.0259    0.3517    -0.9358
			    -0.1016    0.9492    0.2979
			    -0.7784    -0.1832    -0.6004
		b:
			    -242.5525
			    278.4763
			    -355.8146
			    -196.9173
			    419.8142
			    -509.5299
	==================================================================================
	Q6:
		Shape: Polyhedra
		q_c:    315.5000    374.0000    347.5000
		ub :    318.5120    377.5207    350.1403
		lb :    312.4880    370.4793    344.8597
		A:
			    0.5179    -0.7798    0.3517
			    0.6483    -0.5493    0.5273
			    0.8432    -0.4919    0.2167
			    0.2210    0.9285    -0.2984
			    -0.5896    0.7969    0.1313
			    0.8853    0.1315    0.4460
			    0.3840    0.8782    0.2851
			    0.1091    0.2634    -0.9585
			    -0.9169    0.3992    0.0053
			    -0.3840    -0.8782    -0.2851
			    -0.1091    -0.2634    0.9585
			    0.9169    -0.3992    -0.0053
		b:
			    -3.9506
			    184.3522
			    159.3548
			    315.6302
			    159.7896
			    485.6677
			    551.1713
			    -198.1237
			    -136.1407
			    -546.1713
			    202.1237
			    140.1407


===========================================================================================
===========================================================================================
S9:
	q_c:    153.0000    283.0000    177.5000
	ub :    157.0000    314.0000    179.0000
	lb :    149.0000    252.0000    176.0000

	==================================================================================
	Q1:
		Shape: Hybrid
		q_c:    152.0000    284.0000    177.0000
		ub :    153.4577    285.4638    178.1457
		lb :    150.5423    282.5362    175.8543
		P^-1: 
			    1.0383    -0.1684    0.2917
			    -0.1684    1.7404    -1.2824
			    0.2917    -1.2824    3.2213
		A:
			    0.1471    0.5492    -0.8227
			    0.0077    0.0115    0.9999
			    -0.3648    -0.3285    0.8712
			    -0.6168    0.7723    0.1524
			    -0.4329    0.2172    0.8749
			    0.6941    0.4931    -0.5245
		b:
			    33.0169
			    181.8473
			    5.8882
			    153.2517
			    151.3461
			    153.2916
	==================================================================================
	Q2:
		Shape: Polyhedra
		q_c:    153.5000    282.0000    177.5000
		ub :    154.9811    283.3579    178.8103
		lb :    152.0189    280.6421    176.1897
		A:
			    -0.2908    0.8229    0.4882
			    -0.7675    -0.3871    -0.5109
			    0.2360    -0.5494    -0.8015
			    -0.0095    -0.1136    -0.9935
			    -0.3574    -0.2571    -0.8979
			    -0.2809    0.6318    0.7224
			    0.2326    0.6297    0.7412
			    -0.5972    0.6940    -0.4022
			    -0.7677    -0.3491    0.5374
			    -0.2326    -0.6297    -0.7412
			    0.5972    -0.6940    0.4022
			    0.7677    0.3491    -0.5374
		b:
			    274.7856
			    -316.9460
			    -260.3436
			    -209.1348
			    -286.1131
			    263.9372
			    345.3423
			    33.6349
			    -119.8771
			    -344.3423
			    -31.6349
			    121.8771
	==================================================================================
	Q3:
		Shape: Polyhedra
		q_c:    154.5000    284.5000    176.5000
		ub :    155.3853    285.7238    177.4420
		lb :    153.6147    283.2762    175.5580
		A:
			    0.7571    -0.6465    -0.0937
			    -0.9604    0.2744    0.0479
			    -0.8899    -0.2987    -0.3447
			    0.8817    -0.2784    -0.3810
			    0.6693    0.3359    0.6627
			    -0.6803    0.1190    -0.7233
			    0.0070    0.4414    0.8973
			    -0.9026    0.3891    -0.1844
			    -0.4305    -0.8085    0.4012
			    -0.0070    -0.4414    -0.8973
			    0.9026    -0.3891    0.1844
			    0.4305    0.8085    -0.4012
		b:
			    -82.9827
			    -61.3528
			    -282.6582
			    -9.6729
			    316.5049
			    -198.3977
			    285.5461
			    -60.7798
			    -224.7350
			    -284.5461
			    61.7798
			    226.7350
	==================================================================================
	Q4:
		Shape: Hybrid
		q_c:    152.5000    284.0000    178.5000
		ub :    154.2155    285.9622    180.4358
		lb :    150.7845    282.0378    176.5642
		P^-1: 
			    0.9075    -0.1225    -0.1668
			    -0.1225    0.8377    -0.2210
			    -0.1668    -0.2210    0.6992
		A:
			    0.6344    -0.0772    -0.7691
			    0.6995    -0.1336    -0.7020
			    0.2620    -0.3844    0.8852
			    -0.5787    0.6775    -0.4539
			    -0.9968    0.0618    0.0512
			    -0.1515    -0.9662    0.2087
		b:
			    -61.8869
			    -56.0197
			    89.4808
			    23.6666
			    -124.7481
			    -259.6257
	==================================================================================
	Q5:
		Shape: Hybrid
		q_c:    152.5000    282.0000    178.0000
		ub :    154.7354    284.3364    179.6570
		lb :    150.2646    279.6636    176.3430
		P^-1: 
			    0.4547    -0.0262    0.0701
			    -0.0262    0.5111    -0.1786
			    0.0701    -0.1786    0.9231
		A:
			    -0.7101    0.0666    0.7010
			    -0.1117    0.7459    -0.6566
			    0.0926    -0.8382    0.5374
			    0.9882    0.1315    -0.0786
			    -0.2635    -0.7584    0.5961
			    -0.6858    -0.2044    0.6985
		b:
			    36.1526
			    77.0465
			    -125.8840
			    174.7789
			    -147.2521
			    -37.0638
	==================================================================================
	Q6:
		Shape: Polyhedra
		q_c:    153.5000    282.5000    178.5000
		ub :    154.4788    284.3330    180.3022
		lb :    152.5212    280.6670    176.6978
		A:
			    0.7870    0.5191    0.3333
			    -0.9316    -0.3332    -0.1452
			    0.9364    0.2734    0.2198
			    -0.1265    -0.5261    -0.8410
			    -0.5951    -0.3027    -0.7445
			    0.1580    0.4559    0.8759
			    0.9431    0.0879    0.3205
			    -0.1360    -0.7779    0.6135
			    0.3033    -0.6222    -0.7217
			    -0.9431    -0.0879    -0.3205
			    0.1360    0.7779    -0.6135
			    -0.3033    0.6222    0.7217
		b:
			    327.6740
			    -262.3864
			    260.7957
			    -317.2149
			    -309.0421
			    310.3329
			    227.3265
			    -129.6259
			    -257.0435
			    -226.3265
			    132.6259
			    259.0435


===========================================================================================
===========================================================================================
S10:
	q_c:    310.5000    477.5000    338.5000
	ub :    328.0000    498.0000    351.0000
	lb :    293.0000    457.0000    326.0000

	==================================================================================
	Q1:
		Shape: Hybrid
		q_c:    319.0000    477.0000    338.0000
		ub :    324.8920    482.1335    342.7726
		lb :    313.1080    471.8665    333.2274
		P^-1: 
			    0.0814    0.0709    -0.0478
			    0.0709    0.2477    -0.1779
			    -0.0478    -0.1779    0.2464
		A:
			    0.1138    0.8656    -0.4876
			    -0.1143    -0.1894    0.9752
			    0.0144    0.7148    0.6992
			    -0.1268    0.4952    -0.8595
			    -0.9756    0.0717    -0.2076
			    0.0949    -0.9414    -0.3238
		b:
			    285.4998
			    204.5644
			    585.0343
			    -93.4489
			    -343.8785
			    -525.1474
	==================================================================================
	Q2:
		Shape: Hybrid
		q_c:    311.0000    478.0000    330.5000
		ub :    318.9238    485.7597    335.7182
		lb :    303.0762    470.2403    325.2818
		P^-1: 
			    0.0300    -0.0110    -0.0017
			    -0.0110    0.0437    -0.0034
			    -0.0017    -0.0034    0.0619
		A:
			    0.8890    -0.3526    0.2921
			    -0.1076    -0.3660    0.9244
			    0.3397    0.6567    -0.6733
			    -0.7946    0.3999    -0.4569
			    -0.7268    0.2068    -0.6549
			    0.1094    -0.9619    -0.2505
		b:
			    207.7758
			    99.2208
			    199.9872
			    -203.9655
			    -340.5722
			    -505.6902
	==================================================================================
	Q3:
		Shape: Polyhedra
		q_c:    301.5000    477.5000    329.5000
		ub :    307.9389    483.3552    332.9879
		lb :    295.0611    471.6448    326.0121
		A:
			    -0.7696    0.5547    0.3163
			    -0.1294    0.3651    0.9219
			    0.1831    0.3103    0.9328
			    0.1323    -0.2029    0.9702
			    0.1602    0.2686    0.9498
			    0.1349    -0.5784    0.8045
			    0.1426    0.3755    0.9158
			    -0.5261    0.8125    -0.2513
			    -0.8384    -0.4460    0.3134
			    -0.1426    -0.3755    -0.9158
			    0.5261    -0.8125    0.2513
			    0.8384    0.4460    -0.3134
		b:
			    141.0790
			    440.6970
			    511.7911
			    265.2109
			    490.6255
			    33.1786
			    525.0592
			    150.5349
			    -357.4475
			    -523.0592
			    -142.5349
			    367.4475
	==================================================================================
	Q4:
		Shape: Polyhedra
		q_c:    306.5000    473.5000    332.5000
		ub :    313.5384    481.5570    339.8958
		lb :    299.4616    465.4430    325.1042
		A:
			    0.3087    0.8871    0.3431
			    0.9432    0.2284    0.2414
			    -0.5687    0.8209    0.0526
			    -0.5029    -0.8458    0.1782
			    -0.5101    -0.6720    -0.5369
			    -0.7529    0.1170    -0.6477
			    0.8468    0.3216    0.4236
			    0.4057    -0.9056    -0.1234
			    0.3440    0.2764    -0.8974
			    -0.8468    -0.3216    -0.4236
			    -0.4057    0.9056    0.1234
			    -0.3440    -0.2764    0.8974
		b:
			    633.5606
			    480.7240
			    237.8111
			    -490.3129
			    -649.1306
			    -386.7777
			    555.6909
			    -339.5128
			    -56.0840
			    -549.6909
			    351.5128
			    68.0840
	==================================================================================
	Q5:
		Shape: Polyhedra
		q_c:    317.0000    491.0000    347.0000
		ub :    320.3460    498.4221    355.2020
		lb :    313.6540    483.5779    338.7980
		A:
			    0.8743    -0.0822    -0.4785
			    0.1296    0.2519    -0.9590
			    0.9022    -0.2268    0.3668
			    -0.9985    -0.0126    0.0532
			    0.9515    0.2470    -0.1834
			    0.8316    -0.0565    -0.5524
			    0.1710    0.6157    0.7692
			    -0.1739    0.7873    -0.5915
			    -0.9698    -0.0326    0.2417
			    -0.1710    -0.6157    -0.7692
			    0.1739    -0.7873    0.5915
			    0.9698    0.0326    -0.2417
		b:
			    73.2549
			    -163.0630
			    305.0758
			    -302.4043
			    361.2681
			    47.0205
			    630.9310
			    129.7054
			    -238.0515
			    -615.9310
			    -122.7054
			    241.0515
	==================================================================================
	Q6:
		Shape: Hybrid
		q_c:    310.0000    475.5000    330.5000
		ub :    313.3317    480.4369    335.0771
		lb :    306.6683    470.5631    325.9229
		P^-1: 
			    0.2223    -0.0063    -0.0423
			    -0.0063    0.0828    0.0450
			    -0.0423    0.0450    0.1673
		A:
			    -0.5463    0.4808    -0.6859
			    0.1208    -0.8381    -0.5321
			    0.8827    -0.4431    -0.1568
			    -0.3855    0.6512    0.6537
			    -0.9772    0.1805    -0.1120
			    0.5262    0.6030    0.5996
		b:
			    -164.9852
			    -534.9780
			    12.5542
			    407.6697
			    -252.7366
			    649.6388


===========================================================================================
===========================================================================================
S11:
	q_c:    28.5000    292.0000    260.0000
	ub :    42.0000    318.0000    274.0000
	lb :    15.0000    266.0000    246.0000

	==================================================================================
	Q1:
		Shape: Hybrid
		q_c:    16.5000    280.5000    260.0000
		ub :    24.1201    288.4334    265.2709
		lb :    8.8799    272.5666    254.7291
		P^-1: 
			    0.0420    0.0190    0.0041
			    0.0190    0.0449    -0.0038
			    0.0041    -0.0038    0.0617
		A:
			    -0.5477    -0.3343    0.7670
			    0.7273    0.0412    0.6851
			    0.3721    0.3338    0.8661
			    0.5503    0.7367    0.3929
			    0.3687    0.5978    0.7118
			    0.8749    0.2427    -0.4191
		b:
			    98.8756
			    204.1661
			    326.9728
			    319.9683
			    361.0304
			    -23.5922
	==================================================================================
	Q2:
		Shape: Ellipse
		q_c:    33.0000    295.0000    259.5000
		ub :    40.7600    302.8088    268.4267
		lb :    25.2400    287.1912    250.5733
		P^-1: 
			    0.0332    -0.0008    0.0006
			    -0.0008    0.0375    -0.0032
			    0.0006    -0.0032    0.0354
	==================================================================================
	Q3:
		Shape: Polyhedra
		q_c:    30.5000    282.0000    252.0000
		ub :    39.7886    291.8264    259.5279
		lb :    21.2114    272.1736    244.4721
		A:
			    0.3400    -0.0207    0.9402
			    -0.5510    -0.2146    -0.8065
			    0.1346    -0.8509    0.5079
			    -0.9309    0.0408    -0.3630
			    0.6804    0.7239    -0.1145
			    0.6394    0.2035    0.7415
			    0.5992    0.0467    0.7993
			    -0.5157    -0.7412    0.4298
			    0.6124    -0.6697    -0.4200
			    -0.5992    -0.0467    -0.7993
			    0.5157    0.7412    -0.4298
			    -0.6124    0.6697    0.4200
		b:
			    244.2090
			    -278.1308
			    -102.2293
			    -103.7905
			    200.7632
			    265.9352
			    234.8459
			    -111.4159
			    -267.0225
			    -230.8459
			    121.4159
			    285.0225
	==================================================================================
	Q4:
		Shape: Hybrid
		q_c:    43.5000    301.0000    263.5000
		ub :    51.8592    309.1820    270.1373
		lb :    35.1408    292.8180    256.8627
		P^-1: 
			    0.0707    0.0414    -0.0038
			    0.0414    0.0568    0.0228
			    -0.0038    0.0228    0.0808
		A:
			    -0.3394    -0.1082    -0.9344
			    0.1794    -0.6265    -0.7585
			    0.4919    0.8700    -0.0340
			    -0.2657    -0.9583    0.1053
			    0.0531    -0.4210    -0.9055
			    0.9291    0.3043    -0.2101
		b:
			    -290.6857
			    -377.9637
			    276.9439
			    -268.3695
			    -361.1538
			    78.9088
	==================================================================================
	Q5:
		Shape: Polyhedra
		q_c:    31.0000    300.5000    267.0000
		ub :    41.4621    306.4823    274.0702
		lb :    20.5379    294.5177    259.9298
		A:
			    -0.3057    0.9140    0.2668
			    -0.7095    0.6649    -0.2337
			    0.1151    -0.3776    0.9188
			    -0.0209    -0.1320    -0.9910
			    0.2791    0.3465    0.8956
			    0.0093    -0.9729    -0.2310
			    0.0945    0.7094    0.6984
			    0.9465    0.1534    -0.2838
			    -0.3085    0.6879    -0.6570
			    -0.0945    -0.7094    -0.6984
			    -0.9465    -0.1534    0.2838
			    0.3085    -0.6879    0.6570
		b:
			    340.0702
			    121.2488
			    139.6209
			    -301.1550
			    354.8081
			    -350.6808
			    405.0887
			    9.1576
			    25.7372
			    -400.0887
			    9.8424
			    -17.7372
	==================================================================================
	Q6:
		Shape: Hybrid
		q_c:    30.0000    286.5000    270.0000
		ub :    35.9668    291.4498    276.1683
		lb :    24.0332    281.5502    263.8317
		P^-1: 
			    0.2135    0.1939    0.0440
			    0.1939    0.2594    0.0543
			    0.0440    0.0543    0.0609
		A:
			    -0.7578    -0.5999    -0.2566
			    0.7749    0.6265    -0.0838
			    -0.7566    -0.6529    -0.0358
			    -0.9390    -0.3268    -0.1071
			    0.2330    0.8585    0.4568
			    -0.3348    -0.9248    -0.1807
		b:
			    -262.8902
			    181.3580
			    -218.4388
			    -148.7321
			    378.1929
			    -322.2558


===========================================================================================
===========================================================================================
S12:
	q_c:    509.0000    58.0000    293.0000
	ub :    523.0000    80.0000    320.0000
	lb :    495.0000    36.0000    266.0000

	==================================================================================
	Q1:
		Shape: Hybrid
		q_c:    515.5000    64.5000    298.5000
		ub :    519.6834    67.9718    302.3888
		lb :    511.3166    61.0282    294.6112
		P^-1: 
			    0.1600    -0.0000    0.0000
			    -0.0000    0.1600    0.0000
			    0.0000    0.0000    0.1600
		A:
			    0.9572    -0.2107    -0.1983
			    -0.1590    0.2502    -0.9551
			    0.0243    -0.8464    0.5320
			    0.3387    -0.7839    0.5204
			    0.6727    0.7293    0.1250
			    0.7755    0.6297    0.0451
		b:
			    421.9306
			    -349.6684
			    117.9746
			    280.6213
			    432.3796
			    455.0976
	==================================================================================
	Q2:
		Shape: Ellipse
		q_c:    505.0000    72.5000    287.5000
		ub :    509.9408    78.0855    292.5919
		lb :    500.0592    66.9145    282.4081
		P^-1: 
			    0.1158    -0.0460    -0.0146
			    -0.0460    0.1070    0.0042
			    -0.0146    0.0042    0.0814
	==================================================================================
	Q3:
		Shape: Ellipse
		q_c:    502.5000    69.5000    300.5000
		ub :    511.6570    78.9203    310.6456
		lb :    493.3430    60.0797    290.3544
		P^-1: 
			    0.0301    0.0055    0.0144
			    0.0055    0.0202    0.0064
			    0.0144    0.0064    0.0347
	==================================================================================
	Q4:
		Shape: Ellipse
		q_c:    504.5000    59.5000    301.0000
		ub :    508.5664    63.7804    305.6308
		lb :    500.4336    55.2196    296.3692
		P^-1: 
			    0.1864    -0.0521    0.0063
			    -0.0521    0.1950    0.0465
			    0.0063    0.0465    0.1102
	==================================================================================
	Q5:
		Shape: Hybrid
		q_c:    514.5000    47.5000    293.0000
		ub :    523.2232    56.0164    300.5965
		lb :    505.7768    38.9836    285.4035
		P^-1: 
			    0.0299    0.0044    0.0007
			    0.0044    0.0268    0.0003
			    0.0007    0.0003    0.0205
		A:
			    -0.5242    0.2422    0.8164
			    0.2740    0.2237    0.9354
			    0.8802    0.2002    -0.4303
			    0.5839    -0.7422    -0.3289
			    -0.1245    -0.1802    -0.9757
			    -0.7536    -0.0222    -0.6570
		b:
			    -14.9002
			    429.6772
			    339.5473
			    172.6056
			    -354.3406
			    -577.7383
	==================================================================================
	Q6:
		Shape: Ellipse
		q_c:    514.5000    54.5000    294.0000
		ub :    520.3298    61.1074    299.4337
		lb :    508.6702    47.8926    288.5663
		P^-1: 
			    0.0591    -0.0057    -0.0008
			    -0.0057    0.0527    0.0005
			    -0.0008    0.0005    0.0494


===========================================================================================
===========================================================================================
S13:
	q_c:    325.0000    152.0000    295.5000
	ub :    343.0000    158.0000    316.0000
	lb :    307.0000    146.0000    275.0000

	==================================================================================
	Q1:
		Shape: Polyhedra
		q_c:    322.5000    154.0000    298.0000
		ub :    327.0978    157.8901    302.7565
		lb :    317.9022    150.1099    293.2435
		A:
			    -0.6886    0.6882    0.2285
			    0.4868    -0.8731    -0.0252
			    0.8017    -0.2264    -0.5532
			    -0.3805    0.6842    -0.6222
			    0.2388    -0.8467    0.4754
			    0.9340    -0.3564    0.0255
			    0.6714    0.7244    0.1566
			    0.3095    -0.0820    -0.9474
			    -0.6734    0.6845    -0.2792
			    -0.6714    -0.7244    -0.1566
			    -0.3095    0.0820    0.9474
			    0.6734    -0.6845    0.2792
		b:
			    -45.6362
			    17.0164
			    62.2153
			    -200.5452
			    90.5131
			    256.1379
			    378.2398
			    -191.1344
			    -193.4843
			    -371.2398
			    199.1344
			    196.4843
	==================================================================================
	Q2:
		Shape: Polyhedra
		q_c:    324.0000    145.5000    289.0000
		ub :    329.2232    150.5148    293.8428
		lb :    318.7768    140.4852    284.1572
		A:
			    0.1505    -0.4347    0.8879
			    0.0147    -0.8592    0.5115
			    -0.3513    0.6175    -0.7037
			    -0.4371    -0.0410    0.8985
			    -0.2514    -0.8624    0.4395
			    0.9118    -0.2953    -0.2855
			    0.9542    0.1865    0.2341
			    -0.0554    -0.6585    0.7506
			    0.2941    -0.7292    -0.6179
			    -0.9542    -0.1865    -0.2341
			    0.0554    0.6585    -0.7506
			    -0.2941    0.7292    0.6179
		b:
			    244.0903
			    29.5674
			    -225.2190
			    115.3049
			    -77.6960
			    174.1562
			    407.9267
			    104.6484
			    -184.8960
			    -399.9267
			    -101.6484
			    193.8960
	==================================================================================
	Q3:
		Shape: Hybrid
		q_c:    331.0000    155.5000    294.0000
		ub :    335.1224    157.6039    298.2589
		lb :    326.8776    153.3961    289.7411
		P^-1: 
			    0.1171    -0.0535    0.0088
			    -0.0535    0.4357    -0.0002
			    0.0088    -0.0002    0.0844
		A:
			    -0.1086    0.9039    0.4137
			    -0.2903    0.6927    0.6603
			    -0.1709    0.8758    -0.4513
			    0.2060    -0.8919    0.4025
			    -0.0127    0.9146    -0.4042
			    -0.0234    0.9469    -0.3207
		b:
			    227.4543
			    207.6085
			    -51.7828
			    49.0448
			    20.4235
			    46.3022
	==================================================================================
	Q4:
		Shape: Hybrid
		q_c:    327.5000    149.0000    296.0000
		ub :    332.6345    153.8621    300.7164
		lb :    322.3655    144.1379    291.2836
		P^-1: 
			    0.1219    -0.0332    -0.0074
			    -0.0332    0.1302    -0.0132
			    -0.0074    -0.0132    0.1006
		A:
			    0.0603    -0.9982    -0.0044
			    -0.9314    0.1868    0.3125
			    -0.8613    0.3397    0.3777
			    -0.9800    -0.0830    -0.1810
			    -0.9512    0.2716    0.1464
			    -0.4907    -0.1524    -0.8579
		b:
			    -128.6634
			    -183.1376
			    -118.1950
			    -385.0060
			    -226.2229
			    -435.2322
	==================================================================================
	Q5:
		Shape: Polyhedra
		q_c:    320.5000    147.0000    294.0000
		ub :    326.4248    151.1236    299.2368
		lb :    314.5752    142.8764    288.7632
		A:
			    -0.4044    -0.3714    0.8358
			    -0.1148    -0.9483    0.2959
			    -0.6394    0.6868    -0.3456
			    0.4383    -0.7619    0.4769
			    -0.1456    0.7554    -0.6389
			    0.8115    -0.5577    -0.1745
			    0.7992    0.4190    0.4309
			    0.4309    -0.8992    0.0752
			    0.4190    0.1255    -0.8993
			    -0.7992    -0.4190    -0.4309
			    -0.4309    0.8992    -0.0752
			    -0.4190    -0.1255    0.8993
		b:
			    64.9505
			    -86.4218
			    -203.0378
			    171.1190
			    -120.7979
			    129.5185
			    448.9259
			    30.0374
			    -108.1458
			    -439.9259
			    -26.0374
			    115.1458
	==================================================================================
	Q6:
		Shape: Ellipse
		q_c:    328.0000    159.5000    301.5000
		ub :    333.5848    166.0346    308.0917
		lb :    322.4152    152.9654    294.9083
		P^-1: 
			    0.0715    -0.0072    0.0063
			    -0.0072    0.0682    -0.0050
			    0.0063    -0.0050    0.0669


===========================================================================================
===========================================================================================
S14:
	q_c:    435.0000    517.5000    420.0000
	ub :    449.0000    540.0000    444.0000
	lb :    421.0000    495.0000    396.0000

	==================================================================================
	Q1:
		Shape: Polyhedra
		q_c:    445.0000    515.5000    414.0000
		ub :    451.0305    521.7842    419.8721
		lb :    438.9695    509.2158    408.1279
		A:
			    -0.2846    0.8304    0.4790
			    -0.4302    0.0544    0.9011
			    0.2348    -0.2761    0.9320
			    -0.1441    0.9850    -0.0949
			    -0.2440    -0.9698    0.0007
			    0.8468    -0.1398    -0.5132
			    0.3792    0.5599    0.7367
			    -0.6003    0.7548    -0.2646
			    -0.7042    -0.3419    0.6223
			    -0.3792    -0.5599    -0.7367
			    0.6003    -0.7548    0.2646
			    0.7042    0.3419    -0.6223
		b:
			    503.7028
			    213.0040
			    351.7630
			    408.2657
			    -604.4232
			    95.6166
			    766.3565
			    16.4116
			    -228.9909
			    -758.3565
			    -8.4116
			    234.9909
	==================================================================================
	Q2:
		Shape: Polyhedra
		q_c:    434.5000    523.5000    417.0000
		ub :    441.2016    531.6417    423.9460
		lb :    427.7984    515.3583    410.0540
		A:
			    -0.5440    0.2301    -0.8069
			    0.6231    0.7815    -0.0312
			    0.8191    0.5548    0.1462
			    0.6546    0.5728    0.4934
			    0.6984    -0.5329    -0.4777
			    -0.2516    -0.7252    -0.6409
			    0.9823    0.0868    0.1658
			    0.0586    -0.9841    0.1679
			    0.1777    -0.1552    -0.9718
			    -0.9823    -0.0868    -0.1658
			    -0.0586    0.9841    -0.1679
			    -0.1777    0.1552    0.9718
		b:
			    -446.8053
			    673.2164
			    713.1342
			    795.7495
			    -169.0118
			    -750.3798
			    546.8891
			    -412.6914
			    -404.2536
			    -535.8891
			    426.6914
			    414.2536
	==================================================================================
	Q3:
		Shape: Polyhedra
		q_c:    443.5000    531.5000    428.5000
		ub :    448.5381    538.4153    433.8269
		lb :    438.4619    524.5847    423.1731
		A:
			    -0.1927    0.7973    0.5721
			    0.5621    0.7031    0.4355
			    -0.7118    0.1513    0.6859
			    0.6605    0.3827    0.6459
			    0.1166    0.5092    0.8527
			    0.0149    -0.7945    -0.6070
			    0.0082    0.4744    0.8803
			    -1.0000    0.0015    0.0085
			    0.0027    -0.8803    0.4744
			    -0.0082    -0.4744    -0.8803
			    1.0000    -0.0015    -0.0085
			    -0.0027    0.8803    -0.4744
		b:
			    587.1210
			    813.8737
			    62.7849
			    776.9258
			    690.3165
			    -672.2683
			    635.4751
			    -434.0677
			    -256.8605
			    -630.4751
			    444.0677
			    269.8605
	==================================================================================
	Q4:
		Shape: Hybrid
		q_c:    443.5000    528.0000    429.0000
		ub :    450.9168    538.4103    435.8705
		lb :    436.0832    517.5897    422.1295
		P^-1: 
			    0.1336    0.0693    -0.0586
			    0.0693    0.0600    -0.0697
			    -0.0586    -0.0697    0.1470
		A:
			    0.6236    0.5476    -0.5579
			    0.2825    0.2169    -0.9344
			    0.4713    0.1696    0.8655
			    0.9544    0.0075    -0.2985
			    -0.5227    -0.3989    0.7535
			    -0.6857    -0.1833    0.7045
		b:
			    327.6454
			    -159.0178
			    673.0785
			    303.1247
			    -118.0418
			    -96.0820
	==================================================================================
	Q5:
		Shape: Ellipse
		q_c:    422.5000    512.0000    415.5000
		ub :    427.5772    520.7579    426.0163
		lb :    417.4228    503.2421    404.9837
		P^-1: 
			    0.0493    -0.0006    -0.0010
			    -0.0006    0.0409    -0.0159
			    -0.0010    -0.0159    0.0196
	==================================================================================
	Q6:
		Shape: Hybrid
		q_c:    419.5000    528.5000    428.0000
		ub :    424.5500    532.5197    433.8954
		lb :    414.4500    524.4803    422.1046
		P^-1: 
			    0.0994    0.0189    -0.0451
			    0.0189    0.7592    -0.4128
			    -0.0451    -0.4128    0.2856
		A:
			    0.1281    -0.9558    0.2647
			    0.0784    -0.8527    0.5165
			    -0.5407    0.4580    0.7056
			    0.3088    0.9268    -0.2137
			    -0.8629    0.5001    -0.0728
			    -0.1403    0.8115    -0.5672
		b:
			    -337.1194
			    -196.0980
			    320.6143
			    529.6709
			    -126.4645
			    128.0927


===========================================================================================
===========================================================================================
S15:
	q_c:    11.5000    139.0000    101.0000
	ub :    23.0000    158.0000    121.0000
	lb :    0.0000    120.0000    81.0000

	==================================================================================
	Q1:
		Shape: Ellipse
		q_c:    19.0000    133.5000    95.5000
		ub :    27.4306    139.6293    103.8640
		lb :    10.5694    127.3707    87.1360
		P^-1: 
			    0.0393    -0.0157    0.0040
			    -0.0157    0.0728    -0.0102
			    0.0040    -0.0102    0.0357
	==================================================================================
	Q2:
		Shape: Polyhedra
		q_c:    12.0000    134.5000    96.0000
		ub :    19.5044    140.9214    103.7406
		lb :    4.4956    128.0786    88.2594
		A:
			    0.1320    0.2168    0.9673
			    -0.4238    0.2823    -0.8607
			    -0.8826    0.4417    -0.1609
			    -0.1090    0.4149    0.9033
			    -0.3310    -0.9352    -0.1259
			    0.4034    0.6667    -0.6267
			    0.1836    0.7073    0.6827
			    -0.1970    0.7069    -0.6794
			    -0.9631    -0.0097    0.2691
			    -0.1836    -0.7073    -0.6827
			    0.1970    -0.7069    0.6794
			    0.9631    0.0097    -0.2691
		b:
			    127.8059
			    -44.5938
			    39.1910
			    145.2972
			    -137.4817
			    39.9963
			    166.3690
			    32.9875
			    18.9754
			    -159.3690
			    -21.9875
			    -6.9754
	==================================================================================
	Q3:
		Shape: Hybrid
		q_c:    1.5000    140.5000    91.5000
		ub :    6.5839    145.5952    97.2880
		lb :    -3.5839    135.4048    85.7120
		P^-1: 
			    0.2919    -0.0115    -0.1912
			    -0.0115    0.1025    0.0455
			    -0.1912    0.0455    0.1943
		A:
			    -0.9148    -0.2893    0.2818
			    0.2740    -0.9114    -0.3069
			    0.0894    0.7207    -0.6875
			    -0.8479    -0.2727    0.4546
			    0.8057    -0.5229    -0.2781
			    -0.7347    -0.2000    0.6482
		b:
			    -14.8389
			    -153.4788
			    42.2002
			    3.1039
			    -95.6284
			    31.2441
	==================================================================================
	Q4:
		Shape: Polyhedra
		q_c:    8.0000    130.5000    101.5000
		ub :    11.4588    135.6703    109.6280
		lb :    4.5412    125.3297    93.3720
		A:
			    0.0854    -0.8485    -0.5223
			    0.6471    -0.5269    -0.5511
			    -0.6943    -0.7194    -0.0199
			    0.4583    0.8715    0.1745
			    0.1967    -0.9050    -0.3772
			    -0.3750    0.8917    0.2534
			    0.4324    0.8723    0.2282
			    0.0165    -0.2607    0.9653
			    0.9015    -0.4136    -0.1272
			    -0.4324    -0.8723    -0.2282
			    -0.0165    0.2607    -0.9653
			    -0.9015    0.4136    0.1272
		b:
			    -159.8606
			    -115.8264
			    -98.7256
			    137.6340
			    -152.1619
			    141.5927
			    142.9591
			    71.5837
			    -57.1744
			    -137.9591
			    -56.5837
			    62.1744
	==================================================================================
	Q5:
		Shape: Ellipse
		q_c:    22.5000    138.0000    108.5000
		ub :    24.7319    142.6836    116.0359
		lb :    20.2681    133.3164    100.9641
		P^-1: 
			    0.4227    0.0803    -0.0182
			    0.0803    0.1278    -0.0233
			    -0.0182    -0.0233    0.0255
	==================================================================================
	Q6:
		Shape: Hybrid
		q_c:    1.5000    149.0000    105.5000
		ub :    7.6801    154.7868    110.0532
		lb :    -4.6801    143.2132    100.9468
		P^-1: 
			    0.0780    0.0022    -0.0356
			    0.0022    0.0628    -0.0050
			    -0.0356    -0.0050    0.1442
		A:
			    -0.4209    -0.8772    0.2309
			    0.0983    -0.4932    0.8643
			    0.1425    0.8246    -0.5476
			    0.7237    -0.6874    -0.0607
			    -0.4143    -0.4974    0.7622
			    -0.7523    0.1444    0.6428
		b:
			    -104.4557
			    19.7729
			    67.5819
			    -105.1078
			    7.2988
			    89.8641


===========================================================================================
===========================================================================================
S16:
	q_c:    103.5000    189.0000    370.0000
	ub :    125.0000    206.0000    383.0000
	lb :    82.0000    172.0000    357.0000

	==================================================================================
	Q1:
		Shape: Ellipse
		q_c:    109.0000    184.5000    374.0000
		ub :    120.4943    195.6196    385.1741
		lb :    97.5057    173.3804    362.8259
		P^-1: 
			    0.0236    -0.0035    0.0030
			    -0.0035    0.0247    0.0035
			    0.0030    0.0035    0.0170
	==================================================================================
	Q2:
		Shape: Hybrid
		q_c:    116.0000    190.5000    384.0000
		ub :    122.3310    195.3968    387.7840
		lb :    109.6690    185.6032    380.2160
		P^-1: 
			    0.0757    0.0182    0.1225
			    0.0182    0.0743    0.0652
			    0.1225    0.0652    0.3900
		A:
			    -0.4302    -0.1090    -0.8961
			    0.0759    0.2064    0.9755
			    -0.3962    0.1789    -0.9006
			    0.4608    0.6970    0.5494
			    -0.1101    0.2403    -0.9644
			    0.2756    -0.6452    -0.7126
		b:
			    -413.8960
			    423.9434
			    -356.4250
			    399.4822
			    -335.6227
			    -361.8823
	==================================================================================
	Q3:
		Shape: Polyhedra
		q_c:    109.0000    199.0000    355.5000
		ub :    121.5069    212.5291    369.2262
		lb :    96.4931    185.4709    341.7738
		A:
			    0.4376    -0.2613    -0.8604
			    -0.9507    0.2645    0.1621
			    -0.8861    -0.4610    -0.0480
			    -0.8502    -0.5018    0.1592
			    -0.0935    0.6304    -0.7706
			    -0.7065    -0.5276    0.4716
			    0.3437    0.7305    0.5901
			    -0.6016    0.6538    -0.4589
			    -0.7211    -0.1973    0.6641
			    -0.3437    -0.7305    -0.5901
			    0.6016    -0.6538    0.4589
			    0.7211    0.1973    -0.6641
		b:
			    -302.2444
			    13.3941
			    -196.8286
			    -127.9290
			    -151.8546
			    -7.2175
			    403.1255
			    -91.6178
			    124.7455
			    -382.1255
			    105.6178
			    -111.7455
	==================================================================================
	Q4:
		Shape: Hybrid
		q_c:    95.5000    185.0000    380.5000
		ub :    101.9887    191.4572    388.8416
		lb :    89.0113    178.5428    372.1584
		P^-1: 
			    0.0642    0.0202    -0.0047
			    0.0202    0.0569    -0.0035
			    -0.0047    -0.0035    0.0162
		A:
			    -0.9048    0.2995    -0.3026
			    0.0700    -0.6428    -0.7629
			    -0.0967    -0.8813    0.4625
			    0.6624    -0.2542    -0.7047
			    0.4460    0.8780    -0.1740
			    0.0631    -0.9758    -0.2091
		b:
			    -142.6850
			    -397.3122
			    7.0308
			    -247.3458
			    140.9032
			    -250.9797
	==================================================================================
	Q5:
		Shape: Hybrid
		q_c:    91.5000    183.0000    367.0000
		ub :    99.7527    193.6616    376.9145
		lb :    83.2473    172.3384    357.0855
		P^-1: 
			    0.0388    0.0071    -0.0149
			    0.0071    0.0266    -0.0162
			    -0.0149    -0.0162    0.0406
		A:
			    -0.8549    -0.1968    0.4800
			    -0.9580    -0.1712    0.2299
			    -0.6987    -0.3707    0.6119
			    0.0959    -0.9276    0.3610
			    -0.3327    -0.1593    0.9295
			    0.1305    -0.3274    0.9358
		b:
			    64.3467
			    -31.6990
			    94.8552
			    -24.5127
			    284.3797
			    298.8104
	==================================================================================
	Q6:
		Shape: Polyhedra
		q_c:    112.0000    196.5000    357.0000
		ub :    117.0154    207.8933    368.1569
		lb :    106.9846    185.1067    345.8431
		A:
			    -0.8719    0.1487    0.4665
			    -0.9642    -0.2286    0.1346
			    -0.9464    0.1019    -0.3065
			    0.8369    0.1800    0.5170
			    0.7823    0.3716    -0.4999
			    0.4674    -0.8833    0.0364
			    0.0982    0.8204    0.5633
			    -0.3049    0.5636    -0.7677
			    -0.9473    -0.0964    0.3054
			    -0.0982    -0.8204    -0.5633
			    0.3049    -0.5636    0.7677
			    0.9473    0.0964    -0.3054
		b:
			    101.2765
			    -102.1715
			    -190.5180
			    319.8587
			    -14.4879
			    -100.6783
			    381.8052
			    -189.9650
			    -14.0020
			    -364.8052
			    204.9650
			    18.0020


===========================================================================================
===========================================================================================
S17:
	q_c:    139.0000    124.0000    421.5000
	ub :    155.0000    128.0000    439.0000
	lb :    123.0000    120.0000    404.0000

	==================================================================================
	Q1:
		Shape: Ellipse
		q_c:    143.0000    121.0000    418.0000
		ub :    145.6992    124.0722    421.0960
		lb :    140.3008    117.9278    414.9040
		P^-1: 
			    0.6170    0.1451    -0.3902
			    0.1451    0.2664    -0.0790
			    -0.3902    -0.0790    0.5266
	==================================================================================
	Q2:
		Shape: Hybrid
		q_c:    140.5000    124.5000    425.5000
		ub :    142.8572    126.9900    428.1671
		lb :    138.1428    122.0100    422.8329
		P^-1: 
			    0.4362    0.0135    -0.0367
			    0.0135    0.4221    0.0605
			    -0.0367    0.0605    0.2805
		A:
			    -0.8327    0.1574    0.5309
			    -0.5918    -0.6790    0.4344
			    0.9184    -0.2977    0.2605
			    0.7056    -0.4975    -0.5046
			    0.1767    -0.9188    0.3531
			    -0.5451    0.7376    -0.3985
		b:
			    129.2859
			    18.0512
			    203.7379
			    -176.7414
			    61.6537
			    -153.2803
	==================================================================================
	Q3:
		Shape: Polyhedra
		q_c:    141.5000    121.0000    422.5000
		ub :    144.1177    123.5300    424.6902
		lb :    138.8823    118.4700    420.3098
		A:
			    0.6836    0.3227    -0.6546
			    0.3001    -0.9404    0.1600
			    -0.9579    -0.2193    0.1851
			    0.2741    -0.7704    -0.5756
			    -0.8505    0.1112    0.5140
			    -0.7639    -0.4542    0.4585
			    0.6121    0.7180    0.3314
			    0.5822    -0.6928    0.4255
			    0.5351    -0.0675    -0.8421
			    -0.6121    -0.7180    -0.3314
			    -0.5822    0.6928    -0.4255
			    -0.5351    0.0675    0.8421
		b:
			    -139.6720
			    -1.8264
			    -82.4901
			    -296.2093
			    111.4904
			    31.8907
			    315.0133
			    180.3416
			    -287.2242
			    -312.0133
			    -176.3416
			    289.2242
	==================================================================================
	Q4:
		Shape: Ellipse
		q_c:    140.0000    125.5000    421.5000
		ub :    142.7302    127.1515    424.1606
		lb :    137.2698    123.8485    418.8394
		P^-1: 
			    0.5335    -0.8373    0.5307
			    -0.8373    2.7230    -1.5675
			    0.5307    -1.5675    1.2435
	==================================================================================
	Q5:
		Shape: Ellipse
		q_c:    139.5000    122.5000    425.0000
		ub :    141.8571    125.6473    428.2762
		lb :    137.1429    119.3527    421.7238
		P^-1: 
			    0.4408    -0.0197    0.0253
			    -0.0197    0.3380    0.1362
			    0.0253    0.1362    0.2701
	==================================================================================
	Q6:
		Shape: Ellipse
		q_c:    139.5000    122.0000    419.5000
		ub :    142.0704    124.2219    422.3504
		lb :    136.9296    119.7781    416.6496
		P^-1: 
			    0.7252    0.1397    -0.3647
			    0.1397    0.2894    -0.0922
			    -0.3647    -0.0922    0.3954


===========================================================================================
===========================================================================================
S18:
	q_c:    44.5000    175.0000    19.0000
	ub :    61.0000    187.0000    38.0000
	lb :    28.0000    163.0000    0.0000

	==================================================================================
	Q1:
		Shape: Polyhedra
		q_c:    34.5000    175.5000    8.5000
		ub :    40.0960    182.5462    14.4526
		lb :    28.9040    168.4538    2.5474
		A:
			    -0.5123    -0.7681    0.3841
			    -0.1466    0.7800    0.6083
			    0.9639    0.2664    -0.0036
			    0.7419    -0.5792    0.3377
			    0.9952    0.0866    -0.0450
			    -0.9875    0.1322    0.0854
			    0.3411    0.3903    0.8551
			    -0.3782    0.8898    -0.2553
			    -0.8606    -0.2363    0.4512
			    -0.3411    -0.3903    -0.8551
			    0.3782    -0.8898    0.2553
			    0.8606    0.2363    -0.4512
		b:
			    -145.3696
			    141.5458
			    82.8720
			    -68.0990
			    52.2011
			    -6.6895
			    91.5411
			    146.4475
			    -64.8283
			    -83.5411
			    -135.4475
			    69.8283
	==================================================================================
	Q2:
		Shape: Ellipse
		q_c:    54.0000    185.5000    31.0000
		ub :    67.8676    198.6670    43.1607
		lb :    40.1324    172.3330    18.8393
		P^-1: 
			    0.0159    -0.0020    -0.0013
			    -0.0020    0.0120    -0.0003
			    -0.0013    -0.0003    0.0166
	==================================================================================
	Q3:
		Shape: Polyhedra
		q_c:    52.5000    169.0000    30.0000
		ub :    58.6697    174.9578    33.4689
		lb :    46.3303    163.0422    26.5311
		A:
			    0.1283    -0.6303    -0.7657
			    0.5400    0.4030    -0.7389
			    -0.2849    -0.3154    0.9052
			    0.6332    -0.2462    0.7338
			    -0.8839    -0.0603    -0.4638
			    -0.4387    0.7318    -0.5215
			    0.2375    0.0333    0.9708
			    -0.9535    0.1987    0.2265
			    -0.1854    -0.9795    0.0790
			    -0.2375    -0.0333    -0.9708
			    0.9535    -0.1987    -0.2265
			    0.1854    0.9795    -0.0790
		b:
			    -119.0587
			    78.5354
			    -37.7141
			    16.7634
			    -66.5356
			    89.2123
			    49.2258
			    -4.6779
			    -167.8968
			    -45.2258
			    14.6779
			    177.8968
	==================================================================================
	Q4:
		Shape: Ellipse
		q_c:    53.0000    170.0000    29.5000
		ub :    58.1150    174.9510    34.4581
		lb :    47.8850    165.0490    24.5419
		P^-1: 
			    0.1125    -0.0119    0.0475
			    -0.0119    0.0518    -0.0107
			    0.0475    -0.0107    0.1076
	==================================================================================
	Q5:
		Shape: Polyhedra
		q_c:    56.0000    182.5000    13.0000
		ub :    62.7519    189.5185    20.4915
		lb :    49.2481    175.4815    5.5085
		A:
			    -0.8986    -0.1286    -0.4194
			    -0.5435    0.7375    0.4009
			    0.5127    -0.4934    0.7026
			    0.6365    0.3442    -0.6902
			    0.5409    -0.6926    0.4772
			    -0.0493    -0.6424    0.7648
			    0.3057    0.7774    0.5497
			    -0.1500    0.6094    -0.7785
			    -0.9402    0.1555    0.3029
			    -0.3057    -0.7774    -0.5497
			    0.1500    -0.6094    0.7785
			    0.9402    -0.1555    -0.3029
		b:
			    -74.5042
			    114.1493
			    -47.6390
			    94.2820
			    -85.2953
			    -105.5420
			    170.6457
			    97.2007
			    -15.3326
			    -161.6457
			    -88.2007
			    25.3326
	==================================================================================
	Q6:
		Shape: Hybrid
		q_c:    36.0000    169.5000    19.0000
		ub :    42.8650    176.6985    24.0646
		lb :    29.1350    162.3015    13.9354
		P^-1: 
			    0.2044    0.1657    0.0902
			    0.1657    0.1775    0.1206
			    0.0902    0.1206    0.1914
		A:
			    -0.4253    -0.4687    -0.7742
			    -0.8470    -0.5010    -0.1778
			    0.9143    0.1267    -0.3848
			    0.3469    0.6714    0.6549
			    0.6890    0.7243    0.0248
			    0.3263    0.3230    0.8884
		b:
			    -108.4093
			    -117.4574
			    49.9223
			    140.0190
			    149.5596
			    84.9162


===========================================================================================
===========================================================================================
S19:
	q_c:    309.0000    534.0000    95.0000
	ub :    334.0000    549.0000    107.0000
	lb :    284.0000    519.0000    83.0000

	==================================================================================
	Q1:
		Shape: Hybrid
		q_c:    298.5000    531.5000    105.0000
		ub :    305.5288    538.0010    111.0860
		lb :    291.4712    524.9990    98.9140
		P^-1: 
			    0.0776    0.0445    0.0241
			    0.0445    0.0845    0.0423
			    0.0241    0.0423    0.0934
		A:
			    -0.4922    -0.8178    -0.2982
			    -0.3012    -0.6270    -0.7184
			    0.0445    -0.4388    0.8975
			    0.2714    0.6131    0.7419
			    -0.6177    0.2711    0.7382
			    0.0294    -0.7529    -0.6575
		b:
			    -611.2905
			    -497.2303
			    -122.3800
			    486.2256
			    40.0740
			    -458.3204
	==================================================================================
	Q2:
		Shape: Ellipse
		q_c:    305.0000    538.5000    102.0000
		ub :    311.2546    545.7068    109.5226
		lb :    298.7454    531.2932    94.4774
		P^-1: 
			    0.0720    -0.0054    -0.0111
			    -0.0054    0.0631    0.0162
			    -0.0111    0.0162    0.0369
	==================================================================================
	Q3:
		Shape: Hybrid
		q_c:    298.5000    545.5000    90.5000
		ub :    305.2440    550.2383    97.3356
		lb :    291.7560    540.7617    83.6644
		P^-1: 
			    0.0649    -0.0355    -0.0148
			    -0.0355    0.1304    0.0338
			    -0.0148    0.0338    0.0635
		A:
			    -0.9732    -0.2297    0.0086
			    -0.4098    -0.4758    0.7783
			    0.1185    0.9855    0.1212
			    0.2106    0.7619    -0.6125
			    0.9053    -0.1250    -0.4059
			    0.7662    -0.4860    -0.4204
		b:
			    -411.8300
			    -308.1986
			    585.9039
			    426.0920
			    168.0235
			    -72.4900
	==================================================================================
	Q4:
		Shape: Hybrid
		q_c:    300.5000    528.0000    102.5000
		ub :    307.8467    535.6393    108.5482
		lb :    293.1533    520.3607    96.4518
		P^-1: 
			    0.0646    0.0177    0.0250
			    0.0177    0.0634    -0.0290
			    0.0250    -0.0290    0.0884
		A:
			    -0.4524    -0.8780    0.1565
			    -0.0521    0.4080    -0.9115
			    0.6794    0.6400    -0.3588
			    -0.3636    -0.8873    -0.2836
			    -0.8325    0.1797    -0.5241
			    0.8939    -0.0153    0.4481
		b:
			    -581.3527
			    108.0107
			    507.3999
			    -603.9301
			    -206.8045
			    308.6511
	==================================================================================
	Q5:
		Shape: Polyhedra
		q_c:    298.0000    537.0000    92.0000
		ub :    305.5630    544.6225    99.7632
		lb :    290.4370    529.3775    84.2368
		A:
			    -0.1801    -0.2382    0.9544
			    0.5008    0.1176    0.8575
			    -0.8867    -0.0897    -0.4536
			    0.4751    0.3537    0.8057
			    0.4824    -0.8063    0.3423
			    -0.7089    0.6851    -0.1676
			    0.5537    0.6805    0.4800
			    -0.1832    0.6618    -0.7269
			    -0.8123    0.3146    0.4911
			    -0.5537    -0.6805    -0.4800
			    0.1832    -0.6618    0.7269
			    0.8123    -0.3146    -0.4911
		b:
			    -89.4273
			    295.9111
			    -349.3075
			    410.4722
			    -253.4576
			    145.7939
			    579.5753
			    237.9216
			    -22.9440
			    -569.5753
			    -229.9216
			    32.9440
	==================================================================================
	Q6:
		Shape: Ellipse
		q_c:    313.5000    532.5000    101.0000
		ub :    320.2761    539.8233    107.2115
		lb :    306.7239    525.1767    94.7885
		P^-1: 
			    0.0550    0.0232    0.0068
			    0.0232    0.0577    0.0061
			    0.0068    0.0061    0.0420


===========================================================================================
===========================================================================================
S20:
	q_c:    441.5000    385.0000    99.5000
	ub :    460.0000    410.0000    110.0000
	lb :    423.0000    360.0000    89.0000

	==================================================================================
	Q1:
		Shape: Hybrid
		q_c:    437.5000    383.0000    105.0000
		ub :    444.9129    391.4382    113.9608
		lb :    430.0871    374.5618    96.0392
		P^-1: 
			    0.0635    -0.0191    0.0168
			    -0.0191    0.0380    -0.0090
			    0.0168    -0.0090    0.0357
		A:
			    0.7310    -0.4980    0.4665
			    0.4184    0.9077    0.0321
			    -0.4545    -0.2411    -0.8575
			    -0.2099    -0.6997    0.6829
			    0.9018    0.1491    0.4056
			    -0.4717    0.8257    -0.3095
		b:
			    179.8550
			    538.3070
			    -377.7137
			    -284.1836
			    496.9252
			    79.9285
	==================================================================================
	Q2:
		Shape: Polyhedra
		q_c:    443.0000    389.0000    100.5000
		ub :    450.3005    396.8576    108.7216
		lb :    435.6995    381.1424    92.2784
		A:
			    -0.3937    -0.9102    0.1287
			    -0.0204    -0.2189    0.9755
			    -0.7372    0.5011    -0.4533
			    0.4032    0.8598    0.3133
			    -0.8880    0.4230    -0.1805
			    0.9051    0.4250    0.0071
			    0.7177    0.4369    0.5423
			    -0.6856    0.3066    0.6603
			    0.1222    -0.8456    0.5196
			    -0.7177    -0.4369    -0.5423
			    0.6856    -0.3066    -0.6603
			    -0.1222    0.8456    -0.5196
		b:
			    -510.3469
			    8.6155
			    -172.1679
			    549.8899
			    -242.1665
			    572.1901
			    547.8763
			    -114.0818
			    -217.6092
			    -536.8763
			    122.0818
			    227.6092
	==================================================================================
	Q3:
		Shape: Hybrid
		q_c:    439.0000    378.0000    108.5000
		ub :    444.2007    381.9306    115.3191
		lb :    433.7993    374.0694    101.6809
		P^-1: 
			    0.1004    -0.0577    0.0073
			    -0.0577    0.2266    0.0184
			    0.0073    0.0184    0.0323
		A:
			    0.6342    0.4824    0.6042
			    0.0943    -0.9955    -0.0082
			    -0.3346    0.8870    -0.3182
			    0.7560    -0.6543    0.0166
			    0.3021    -0.9313    -0.2032
			    -0.4943    0.7221    0.4841
		b:
			    529.1751
			    -334.5827
			    155.7645
			    87.8028
			    -240.3310
			    110.7850
	==================================================================================
	Q4:
		Shape: Hybrid
		q_c:    451.0000    384.5000    87.5000
		ub :    461.1550    394.1540    93.3476
		lb :    440.8450    374.8460    81.6524
		P^-1: 
			    0.0227    0.0051    0.0038
			    0.0051    0.0234    0.0004
			    0.0038    0.0004    0.0488
		A:
			    -0.1818    0.5954    -0.7826
			    -0.4622    -0.8835    0.0759
			    -0.7701    0.6333    -0.0771
			    0.0006    0.8303    -0.5574
			    -0.2922    0.0563    -0.9547
			    -0.5137    0.4142    -0.7513
		b:
			    81.7766
			    -537.6811
			    -105.3482
			    274.5736
			    -191.3155
			    -134.6816
	==================================================================================
	Q5:
		Shape: Hybrid
		q_c:    436.0000    390.5000    98.0000
		ub :    442.3896    395.9576    102.9492
		lb :    429.6104    385.0424    93.0508
		P^-1: 
			    0.0848    -0.0454    -0.0428
			    -0.0454    0.1326    -0.0258
			    -0.0428    -0.0258    0.1357
		A:
			    0.3582    0.1179    -0.9262
			    0.5139    -0.0271    -0.8574
			    -0.4884    0.8520    0.1884
			    -0.3694    0.4356    0.8209
			    -0.2430    0.9549    -0.1708
			    -0.1410    0.8933    0.4267
		b:
			    112.7302
			    130.7021
			    139.5260
			    91.0897
			    251.6064
			    331.3924
	==================================================================================
	Q6:
		Shape: Polyhedra
		q_c:    448.5000    378.5000    98.0000
		ub :    456.1812    386.7538    107.0890
		lb :    440.8188    370.2462    88.9110
		A:
			    -0.6521    -0.5741    -0.4951
			    0.4855    0.6338    -0.6021
			    -0.8515    -0.5227    -0.0412
			    0.8071    0.4801    -0.3436
			    -0.5891    -0.6917    -0.4177
			    -0.9249    -0.3687    0.0922
			    0.7426    0.6684    0.0430
			    0.4965    -0.5925    0.6344
			    0.4495    -0.4497    -0.7718
			    -0.7426    -0.6684    -0.0430
			    -0.4965    0.5925    -0.6344
			    -0.4495    0.4497    0.7718
		b:
			    -554.8721
			    403.3349
			    -581.4715
			    513.0365
			    -564.0145
			    -542.4663
			    592.2437
			    68.0984
			    -38.7571
			    -588.2437
			    -53.0984
			    49.7571


===========================================================================================
===========================================================================================
