3D_40_15_6_d                l = 3

===========================================================================================
===========================================================================================
S1:
	q_c:    107.0000    223.0000    184.0000
	ub :    126.0000    256.0000    199.0000
	lb :    88.0000    190.0000    169.0000

	==================================================================================
	Q1:
		Shape: Hybrid
		q_c:    116.0000    211.0000    169.0000
		ub :    125.0211    215.5278    178.2023
		lb :    106.9789    206.4722    159.7977
		P^-1: 
			    0.0158    0.0039    0.0006
			    0.0039    0.1090    0.0135
			    0.0006    0.0135    0.0176
		A:
			    -0.3301    -0.7572    -0.5636
			    0.2130    0.8432    0.4936
			    -0.3808    0.8870    -0.2612
			    0.0015    -0.9376    -0.3478
			    0.7801    0.3361    -0.5277
			    -0.0224    -0.8775    -0.4791
		b:
			    -289.8240
			    288.8021
			    102.5024
			    -254.5351
			    78.4353
			    -266.2550
	==================================================================================
	Q2:
		Shape: Hybrid
		q_c:    101.0000    221.5000    181.0000
		ub :    111.6323    230.5777    192.9398
		lb :    90.3677    212.4223    169.0602
		P^-1: 
			    0.0194    0.0000    -0.0028
			    0.0000    0.0233    -0.0018
			    -0.0028    -0.0018    0.0137
		A:
			    -0.2455    0.7462    -0.6188
			    -0.6196    0.6752    0.4002
			    0.3823    0.2722    -0.8831
			    0.5084    0.7042    0.4956
			    0.0753    -0.7302    -0.6791
			    -0.1930    0.8699    -0.4539
		b:
			    32.6043
			    163.1941
			    -56.4258
			    301.7723
			    -272.3662
			    94.6773
	==================================================================================
	Q3:
		Shape: Hybrid
		q_c:    113.5000    221.0000    178.0000
		ub :    122.9792    229.2553    186.9844
		lb :    104.0208    212.7447    169.0156
		P^-1: 
			    0.0351    -0.0020    -0.0072
			    -0.0020    0.0392    -0.0029
			    -0.0072    -0.0029    0.0294
		A:
			    0.5514    -0.8174    0.1670
			    -0.1262    -0.3452    0.9300
			    -0.0597    -0.7147    -0.6969
			    0.0066    0.8297    -0.5581
			    -0.1919    -0.9387    -0.2865
			    0.0053    0.9999    -0.0100
		b:
			    -85.7185
			    78.0151
			    -285.3707
			    87.3928
			    -277.2315
			    222.3745
	==================================================================================
	Q4:
		Shape: Hybrid
		q_c:    104.0000    236.5000    187.0000
		ub :    110.1480    244.6597    193.8533
		lb :    97.8520    228.3403    180.1467
		P^-1: 
			    0.0954    0.0310    -0.0066
			    0.0310    0.0497    0.0159
			    -0.0066    0.0159    0.0521
		A:
			    0.7966    0.6021    -0.0533
			    -0.2443    0.9669    0.0738
			    0.4172    0.8960    0.1518
			    0.2676    -0.0202    0.9633
			    0.4835    0.1550    0.8615
			    -0.9158    0.1063    0.3874
		b:
			    216.9674
			    221.2459
			    286.3216
			    206.7485
			    251.1212
			    4.4923
	==================================================================================
	Q5:
		Shape: Ellipse
		q_c:    103.5000    212.5000    193.5000
		ub :    113.9571    221.3497    202.5405
		lb :    93.0429    203.6503    184.4595
		P^-1: 
			    0.0254    0.0036    0.0000
			    0.0036    0.0313    0.0001
			    0.0000    0.0001    0.0237
	==================================================================================
	Q6:
		Shape: Hybrid
		q_c:    91.0000    225.5000    174.5000
		ub :    96.5727    235.1311    183.3232
		lb :    85.4273    215.8689    165.6768
		P^-1: 
			    0.0489    -0.0039    0.0003
			    -0.0039    0.0185    0.0007
			    0.0003    0.0007    0.0202
		A:
			    0.0537    0.5562    -0.8293
			    -0.5525    0.1961    -0.8101
			    0.9438    0.3195    0.0842
			    0.9946    0.1020    0.0209
			    0.2781    -0.0621    -0.9585
			    -0.4628    0.6861    -0.5613
		b:
			    -9.3454
			    -143.3391
			    175.5698
			    119.6141
			    -151.3558
			    19.0852


===========================================================================================
===========================================================================================
S2:
	q_c:    314.0000    323.0000    98.5000
	ub :    326.0000    334.0000    122.0000
	lb :    302.0000    312.0000    75.0000

	==================================================================================
	Q1:
		Shape: Ellipse
		q_c:    306.0000    320.5000    105.5000
		ub :    310.6229    326.4320    111.2710
		lb :    301.3771    314.5680    99.7290
		P^-1: 
			    0.1431    -0.0348    -0.0123
			    -0.0348    0.0775    0.0053
			    -0.0123    0.0053    0.0644
	==================================================================================
	Q2:
		Shape: Polyhedra
		q_c:    321.0000    328.5000    90.5000
		ub :    326.4740    332.9048    96.4235
		lb :    315.5260    324.0952    84.5765
		A:
			    0.4485    -0.2299    0.8637
			    -0.5990    -0.8003    -0.0271
			    -0.3415    0.7242    0.5991
			    0.8552    0.4658    0.2273
			    0.2584    0.2876    -0.9222
			    0.1024    0.3924    0.9141
			    0.6033    0.1701    0.7791
			    -0.7916    0.2462    0.5592
			    -0.0967    -0.9542    0.2832
			    -0.6033    -0.1701    -0.7791
			    0.7916    -0.2462    -0.5592
			    0.0967    0.9542    -0.2832
		b:
			    150.4291
			    -454.2914
			    185.9415
			    451.8181
			    97.4484
			    248.3570
			    324.0703
			    -119.1260
			    -315.8438
			    -316.0703
			    126.1260
			    321.8438
	==================================================================================
	Q3:
		Shape: Polyhedra
		q_c:    313.5000    323.5000    102.5000
		ub :    320.0139    329.0966    109.3119
		lb :    306.9861    317.9034    95.6881
		A:
			    0.6899    0.6471    -0.3244
			    0.7506    -0.1765    -0.6368
			    -0.7800    -0.1226    -0.6136
			    -0.3371    -0.2247    -0.9143
			    -0.1774    0.4726    0.8632
			    0.8568    -0.4156    -0.3051
			    0.2252    0.9146    0.3359
			    -0.6406    0.3988    -0.6562
			    -0.7341    -0.0674    0.6757
			    -0.2252    -0.9146    -0.3359
			    0.6406    -0.3988    0.6562
			    0.7341    0.0674    -0.6757
		b:
			    395.6117
			    116.0414
			    -342.0578
			    -267.4519
			    189.2224
			    106.7470
			    404.3946
			    -133.5967
			    -179.6921
			    -397.3946
			    144.5967
			    185.6921
	==================================================================================
	Q4:
		Shape: Polyhedra
		q_c:    311.5000    323.0000    93.0000
		ub :    317.2698    328.6309    97.3246
		lb :    305.7302    317.3691    88.6754
		A:
			    -0.1320    0.8598    -0.4933
			    0.7533    -0.5120    -0.4128
			    -0.6099    -0.6467    -0.4581
			    0.5140    0.6437    0.5670
			    -0.1674    -0.8761    -0.4522
			    -0.3548    0.8500    -0.3894
			    0.8476    0.5304    0.0169
			    0.0251    -0.0720    0.9971
			    0.5300    -0.8447    -0.0743
			    -0.8476    -0.5304    -0.0169
			    -0.0251    0.0720    -0.9971
			    -0.5300    0.8447    0.0743
		b:
			    194.4941
			    34.6026
			    -437.1042
			    425.0304
			    -373.1887
			    131.4637
			    441.4096
			    81.3110
			    -111.1441
			    -432.4096
			    -73.3110
			    118.1441
	==================================================================================
	Q5:
		Shape: Hybrid
		q_c:    314.5000    319.5000    96.5000
		ub :    323.3927    327.9631    105.6545
		lb :    305.6073    311.0369    87.3455
		P^-1: 
			    0.0435    -0.0160    -0.0038
			    -0.0160    0.0426    0.0103
			    -0.0038    0.0103    0.0331
		A:
			    -0.6718    0.7365    -0.0793
			    -0.3854    -0.9004    -0.2019
			    -0.0995    0.9940    0.0455
			    0.3785    -0.4656    -0.8000
			    0.7470    -0.1700    -0.6428
			    -0.7370    -0.2138    -0.6412
		b:
			    18.7561
			    -424.6114
			    293.8169
			    -104.2886
			    121.5795
			    -358.4591
	==================================================================================
	Q6:
		Shape: Ellipse
		q_c:    307.5000    323.5000    108.5000
		ub :    312.0628    328.2977    112.3454
		lb :    302.9372    318.7023    104.6546
		P^-1: 
			    0.2114    0.0120    -0.1487
			    0.0120    0.1184    0.0712
			    -0.1487    0.0712    0.3371


===========================================================================================
===========================================================================================
S3:
	q_c:    347.0000    101.0000    379.0000
	ub :    359.0000    122.0000    404.0000
	lb :    335.0000    80.0000    354.0000

	==================================================================================
	Q1:
		Shape: Polyhedra
		q_c:    356.5000    96.5000    384.5000
		ub :    360.8813    100.9130    389.4508
		lb :    352.1187    92.0870    379.5492
		A:
			    -0.7785    0.1136    -0.6173
			    0.8027    -0.1019    -0.5876
			    0.0942    -0.8423    0.5307
			    -0.6122    -0.5885    0.5280
			    -0.6964    -0.5703    -0.4356
			    0.3010    0.3723    0.8779
			    0.2211    0.7911    0.5703
			    0.8416    0.1407    -0.5214
			    -0.4927    0.5953    -0.6347
			    -0.2211    -0.7911    -0.5703
			    -0.8416    -0.1407    0.5214
			    0.4927    -0.5953    0.6347
		b:
			    -500.6800
			    52.8990
			    159.6724
			    -69.3488
			    -468.2048
			    483.5788
			    376.9517
			    115.6437
			    -358.7557
			    -371.9517
			    -110.6437
			    365.7557
	==================================================================================
	Q2:
		Shape: Ellipse
		q_c:    351.5000    110.0000    384.5000
		ub :    357.4404    117.5736    392.0037
		lb :    345.5596    102.4264    376.9963
		P^-1: 
			    0.0707    -0.0131    -0.0080
			    -0.0131    0.0522    0.0097
			    -0.0080    0.0097    0.0481
	==================================================================================
	Q3:
		Shape: Polyhedra
		q_c:    359.5000    90.0000    379.0000
		ub :    364.7379    96.8743    385.7607
		lb :    354.2621    83.1257    372.2393
		A:
			    0.8161    -0.4941    -0.2997
			    0.6549    0.5985    -0.4614
			    -0.7341    -0.1862    -0.6530
			    0.9765    -0.0296    -0.2133
			    0.8041    0.4704    -0.3636
			    -0.5723    -0.3502    0.7415
			    0.3294    0.7140    0.6179
			    -0.4385    0.6952    -0.5696
			    -0.8362    -0.0833    0.5420
			    -0.3294    -0.7140    -0.6179
			    0.4385    -0.6952    0.5696
			    0.8362    0.0833    -0.5420
		b:
			    138.3742
			    117.4885
			    -523.2865
			    270.0030
			    196.4645
			    46.2121
			    422.3360
			    -306.9432
			    -100.6809
			    -411.3360
			    314.9432
			    104.6809
	==================================================================================
	Q4:
		Shape: Polyhedra
		q_c:    349.5000    98.0000    390.5000
		ub :    355.3642    106.1401    395.2486
		lb :    343.6358    89.8599    385.7514
		A:
			    -0.1236    0.4379    -0.8905
			    0.1256    -0.0536    -0.9906
			    -0.1609    0.4474    0.8797
			    0.3610    0.1717    -0.9166
			    0.4641    0.0446    -0.8847
			    -0.9355    0.1195    0.3324
			    0.3904    0.8891    0.2390
			    0.6555    -0.4507    0.6059
			    0.6464    -0.0799    -0.7588
			    -0.3904    -0.8891    -0.2390
			    -0.6555    0.4507    -0.6059
			    -0.6464    0.0799    0.7588
		b:
			    -345.2423
			    -345.5787
			    335.4610
			    -213.0444
			    -177.2661
			    -183.1193
			    324.4133
			    424.5407
			    -76.6913
			    -309.4133
			    -418.5407
			    79.6913
	==================================================================================
	Q5:
		Shape: Polyhedra
		q_c:    339.0000    94.5000    372.5000
		ub :    342.7355    98.3752    376.4414
		lb :    335.2645    90.6248    368.5586
		A:
			    -0.6935    0.6277    0.3534
			    -0.4787    0.4165    -0.7729
			    0.4559    0.5996    -0.6578
			    -0.0054    -0.2081    0.9781
			    0.9920    0.0541    -0.1142
			    0.8196    -0.4709    -0.3263
			    0.4784    0.6874    0.5464
			    0.4779    -0.7258    0.4948
			    0.7367    0.0245    -0.6758
			    -0.4784    -0.6874    -0.5464
			    -0.4779    0.7258    -0.4948
			    -0.7367    -0.0245    0.6758
		b:
			    -42.2817
			    -408.8016
			    -32.0312
			    344.9104
			    301.1175
			    113.3835
			    434.6768
			    279.2137
			    1.8379
			    -426.6768
			    -276.2137
			    1.1621
	==================================================================================
	Q6:
		Shape: Ellipse
		q_c:    338.5000    97.0000    376.5000
		ub :    348.1328    105.3516    385.5251
		lb :    328.8672    88.6484    367.4749
		P^-1: 
			    0.0365    0.0113    -0.0144
			    0.0113    0.0335    -0.0126
			    -0.0144    -0.0126    0.0398


===========================================================================================
===========================================================================================
S4:
	q_c:    290.0000    145.5000    515.5000
	ub :    307.0000    153.0000    532.0000
	lb :    273.0000    138.0000    499.0000

	==================================================================================
	Q1:
		Shape: Hybrid
		q_c:    293.0000    149.5000    519.5000
		ub :    296.6510    153.6176    523.0541
		lb :    289.3490    145.3824    515.9459
		P^-1: 
			    0.2013    0.0598    -0.0286
			    0.0598    0.1766    0.0351
			    -0.0286    0.0351    0.2332
		A:
			    -0.3194    0.3061    -0.8968
			    -0.9171    0.1737    0.3587
			    -0.4558    0.0721    0.8872
			    -0.6130    0.4276    0.6644
			    -0.7322    0.6811    -0.0077
			    -0.7546    -0.6419    0.1362
		b:
			    -512.1451
			    -55.0480
			    339.1191
			    230.6876
			    -114.8104
			    -245.2824
	==================================================================================
	Q2:
		Shape: Ellipse
		q_c:    298.0000    148.0000    508.5000
		ub :    302.5558    150.8870    512.4356
		lb :    293.4442    145.1130    504.5644
		P^-1: 
			    0.0944    0.0411    0.0041
			    0.0411    0.2382    -0.0127
			    0.0041    -0.0127    0.1101
	==================================================================================
	Q3:
		Shape: Hybrid
		q_c:    286.0000    140.0000    512.0000
		ub :    291.7972    145.9387    516.0735
		lb :    280.2028    134.0613    507.9265
		P^-1: 
			    0.1057    0.0428    -0.0211
			    0.0428    0.0821    -0.0124
			    -0.0211    -0.0124    0.1327
		A:
			    0.2595    0.3064    -0.9158
			    -0.2743    -0.8582    -0.4339
			    -0.1805    0.1024    -0.9782
			    -0.7519    -0.5097    0.4182
			    -0.7390    -0.2812    -0.6122
			    0.8242    -0.3614    -0.4360
		b:
			    -350.4138
			    -418.6262
			    -536.4519
			    -70.9597
			    -562.3147
			    -35.4962
	==================================================================================
	Q4:
		Shape: Hybrid
		q_c:    291.0000    148.0000    514.0000
		ub :    295.8076    151.5742    516.2374
		lb :    286.1924    144.4258    511.7626
		P^-1: 
			    0.1943    0.2106    0.2141
			    0.2106    0.4208    0.1278
			    0.2141    0.1278    0.8787
		A:
			    -0.6216    -0.6192    -0.4798
			    -0.0526    -0.8138    -0.5787
			    -0.3967    -0.5103    -0.7631
			    -0.3734    -0.8594    0.3492
			    -0.7055    -0.6970    -0.1280
			    -0.2245    -0.0377    -0.9738
		b:
			    -518.1918
			    -431.5996
			    -582.6349
			    -55.3607
			    -372.9059
			    -570.8474
	==================================================================================
	Q5:
		Shape: Hybrid
		q_c:    290.0000    139.5000    511.0000
		ub :    294.8835    144.7709    514.6976
		lb :    285.1165    134.2291    507.3024
		P^-1: 
			    0.1675    -0.1051    -0.0236
			    -0.1051    0.1956    -0.1308
			    -0.0236    -0.1308    0.3713
		A:
			    -0.2887    0.1805    0.9402
			    -0.2086    0.3023    -0.9301
			    -0.3512    -0.3211    0.8795
			    0.6505    -0.6628    0.3710
			    -0.2866    0.4163    0.8629
			    -0.7557    0.6543    0.0295
		b:
			    423.2673
			    -492.5268
			    303.8342
			    286.8041
			    417.7209
			    -111.6321
	==================================================================================
	Q6:
		Shape: Hybrid
		q_c:    292.0000    143.5000    513.0000
		ub :    295.0221    145.9910    516.3084
		lb :    288.9779    141.0090    509.6916
		P^-1: 
			    0.3539    -0.2577    -0.1086
			    -0.2577    0.7003    0.3077
			    -0.1086    0.3077    0.3558
		A:
			    0.0539    0.3924    0.9182
			    -0.6169    0.0302    0.7865
			    -0.2165    -0.9206    -0.3249
			    -0.3688    0.8281    -0.4222
			    -0.4656    -0.8410    -0.2756
			    -0.9504    0.2528    -0.1813
		b:
			    544.2974
			    229.2327
			    -360.9356
			    -203.9780
			    -396.6784
			    -332.9241


===========================================================================================
===========================================================================================
S5:
	q_c:    513.0000    201.5000    312.5000
	ub :    538.0000    221.0000    334.0000
	lb :    488.0000    182.0000    291.0000

	==================================================================================
	Q1:
		Shape: Hybrid
		q_c:    506.0000    199.0000    325.5000
		ub :    513.8274    208.9842    336.6972
		lb :    498.1726    189.0158    314.3028
		P^-1: 
			    0.0381    -0.0040    -0.0055
			    -0.0040    0.0293    -0.0077
			    -0.0055    -0.0077    0.0180
		A:
			    0.5507    -0.8260    0.1199
			    -0.2850    0.8289    -0.4813
			    -0.5233    -0.3612    0.7718
			    0.8506    0.4239    -0.3112
			    -0.4245    -0.6262    0.6540
			    -0.4248    -0.7974    -0.4285
		b:
			    156.1515
			    -132.9662
			    -81.9819
			    416.2603
			    -123.4652
			    -507.5464
	==================================================================================
	Q2:
		Shape: Hybrid
		q_c:    515.0000    189.0000    305.5000
		ub :    519.0644    197.4436    312.8587
		lb :    510.9356    180.5564    298.1413
		P^-1: 
			    0.1080    -0.0067    0.0118
			    -0.0067    0.0254    -0.0116
			    0.0118    -0.0116    0.0475
		A:
			    0.9575    -0.1595    -0.2403
			    -0.2112    0.7195    -0.6616
			    0.9287    0.3690    0.0376
			    0.9258    0.3605    0.1133
			    0.7876    0.1772    -0.5902
			    0.1380    0.5645    -0.8138
		b:
			    391.6006
			    -171.5726
			    561.9379
			    582.0389
			    261.2910
			    -67.7252
	==================================================================================
	Q3:
		Shape: Polyhedra
		q_c:    527.5000    201.0000    306.0000
		ub :    538.5185    208.6668    315.9984
		lb :    516.4815    193.3332    296.0016
		A:
			    0.1548    -0.9509    0.2679
			    -0.0303    0.8303    -0.5565
			    0.5630    0.7700    -0.3001
			    -0.3452    -0.8001    0.4906
			    0.2840    0.6101    -0.7397
			    0.7477    0.3785    -0.5456
			    0.6384    0.1714    0.7503
			    -0.6644    0.6149    0.4248
			    -0.3885    -0.7698    0.5065
			    -0.6384    -0.1714    -0.7503
			    0.6644    -0.6149    -0.4248
			    0.3885    0.7698    -0.5065
		b:
			    -22.3592
			    -15.7968
			    362.4006
			    -191.2159
			    48.7672
			    308.0780
			    608.3378
			    -88.3819
			    -203.1975
			    -593.3378
			    105.3819
			    206.1975
	==================================================================================
	Q4:
		Shape: Polyhedra
		q_c:    525.0000    187.5000    299.0000
		ub :    533.6563    200.7507    312.5210
		lb :    516.3437    174.2493    285.4790
		A:
			    0.3745    -0.2437    -0.8946
			    -0.8625    -0.4158    -0.2886
			    -0.9077    0.4183    0.0328
			    0.9276    -0.0825    0.3644
			    0.4630    -0.6069    -0.6460
			    -0.6908    -0.2364    0.6833
			    0.2303    0.7242    0.6500
			    -0.1156    0.6836    -0.7206
			    -0.9662    0.0908    0.2411
			    -0.2303    -0.7242    -0.6500
			    0.1156    -0.6836    0.7206
			    0.9662    -0.0908    -0.2411
		b:
			    -107.9215
			    -608.4967
			    -382.4750
			    587.3586
			    -54.8492
			    -196.5360
			    462.0387
			    -140.9603
			    -412.6556
			    -440.0387
			    154.9603
			    423.6556
	==================================================================================
	Q5:
		Shape: Polyhedra
		q_c:    503.0000    203.0000    334.0000
		ub :    509.9356    211.9956    343.5462
		lb :    496.0644    194.0044    324.4538
		A:
			    0.3485    -0.5196    -0.7801
			    0.8804    0.4245    -0.2114
			    -0.8173    0.3910    0.4233
			    -0.0076    -0.8444    -0.5356
			    0.6528    0.3415    -0.6762
			    0.3666    -0.2883    0.8846
			    0.8172    0.5157    0.2573
			    -0.0348    -0.4015    0.9152
			    0.5753    -0.7569    -0.3102
			    -0.8172    -0.5157    -0.2573
			    0.0348    0.4015    -0.9152
			    -0.5753    0.7569    0.3102
		b:
			    -185.2554
			    463.8629
			    -185.5064
			    -349.3624
			    178.4245
			    428.4624
			    606.6816
			    214.1926
			    36.6156
			    -596.6816
			    -199.1926
			    -27.6156
	==================================================================================
	Q6:
		Shape: Hybrid
		q_c:    504.5000    183.0000    307.0000
		ub :    513.5097    191.9966    319.7091
		lb :    495.4903    174.0034    294.2909
		P^-1: 
			    0.0534    -0.0187    -0.0085
			    -0.0187    0.0665    -0.0187
			    -0.0085    -0.0187    0.0187
		A:
			    0.8050    -0.5381    -0.2498
			    0.7711    0.5286    -0.3550
			    -0.8366    -0.4323    0.3364
			    0.8158    0.4478    -0.3661
			    -0.5934    -0.4997    -0.6310
			    -0.7026    0.7057    -0.0919
		b:
			    233.4640
			    379.7390
			    -394.9451
			    383.9822
			    -575.5035
			    -251.6805


===========================================================================================
===========================================================================================
S6:
	q_c:    196.0000    124.5000    116.0000
	ub :    218.0000    150.0000    142.0000
	lb :    174.0000    99.0000    90.0000

	==================================================================================
	Q1:
		Shape: Hybrid
		q_c:    201.5000    145.5000    115.0000
		ub :    216.1500    159.0321    129.6230
		lb :    186.8500    131.9679    100.3770
		P^-1: 
			    0.0182    0.0043    -0.0055
			    0.0043    0.0202    0.0045
			    -0.0055    0.0045    0.0115
		A:
			    0.7323    0.5671    -0.3770
			    0.4788    0.8712    -0.1088
			    0.1201    0.9095    0.3980
			    0.6988    0.4744    -0.5354
			    0.3080    -0.5300    -0.7901
			    0.3253    -0.5399    -0.7764
		b:
			    190.3004
			    214.3314
			    205.7310
			    152.3146
			    -101.6233
			    -98.1003
	==================================================================================
	Q2:
		Shape: Polyhedra
		q_c:    213.0000    153.0000    122.0000
		ub :    227.5573    169.2851    138.1809
		lb :    198.4427    136.7149    105.8191
		A:
			    -0.4061    0.9127    0.0462
			    -0.6331    0.4352    0.6402
			    -0.6858    0.2774    0.6729
			    0.8466    -0.0170    -0.5319
			    -0.5655    -0.4825    0.6689
			    -0.5123    -0.6380    -0.5749
			    0.5175    0.5397    0.6640
			    -0.7841    0.6097    0.1155
			    -0.3426    -0.5804    0.7387
			    -0.5175    -0.5397    -0.6640
			    0.7841    -0.6097    -0.1155
			    0.3426    0.5804    -0.7387
		b:
			    66.5309
			    17.9506
			    -13.0277
			    121.6881
			    -101.8468
			    -265.8851
			    284.8077
			    -53.1452
			    -60.6503
			    -262.8077
			    66.1452
			    82.6503
	==================================================================================
	Q3:
		Shape: Hybrid
		q_c:    201.0000    111.0000    123.0000
		ub :    216.1618    123.9317    139.6582
		lb :    185.8382    98.0683    106.3418
		P^-1: 
			    0.0161    0.0042    0.0041
			    0.0042    0.0137    0.0010
			    0.0041    0.0010    0.0076
		A:
			    0.1995    -0.8959    -0.3969
			    0.4201    0.8583    0.2948
			    -0.7909    0.5489    -0.2706
			    -0.6865    0.1504    -0.7114
			    0.3473    -0.6231    0.7008
			    0.5712    0.5308    0.6261
		b:
			    -101.4766
			    220.2600
			    -125.6222
			    -203.2659
			    93.5614
			    255.4279
	==================================================================================
	Q4:
		Shape: Ellipse
		q_c:    213.5000    129.5000    93.5000
		ub :    229.7384    140.9755    106.5175
		lb :    197.2616    118.0245    80.4825
		P^-1: 
			    0.0097    0.0061    -0.0014
			    0.0061    0.0210    0.0015
			    -0.0014    0.0015    0.0118
	==================================================================================
	Q5:
		Shape: Hybrid
		q_c:    216.5000    136.0000    98.5000
		ub :    232.8686    149.9831    111.9120
		lb :    200.1314    122.0169    85.0880
		P^-1: 
			    0.0080    -0.0036    -0.0034
			    -0.0036    0.0165    -0.0013
			    -0.0034    -0.0013    0.0166
		A:
			    -0.6000    -0.2812    0.7489
			    -0.3842    -0.7901    -0.4776
			    -0.1802    0.9739    -0.1378
			    0.2600    0.7467    -0.6122
			    0.2039    0.0505    0.9777
			    -0.5944    0.0519    0.8025
		b:
			    -89.4293
			    -230.1458
			    83.7199
			    101.9503
			    152.9453
			    -38.2760
	==================================================================================
	Q6:
		Shape: Hybrid
		q_c:    187.5000    144.0000    116.0000
		ub :    198.5773    154.9552    125.5803
		lb :    176.4227    133.0448    106.4197
		P^-1: 
			    0.0528    0.0187    -0.0444
			    0.0187    0.0279    -0.0049
			    -0.0444    -0.0049    0.0725
		A:
			    -0.3822    0.2500    0.8896
			    -0.8481    -0.3681    0.3810
			    0.3631    0.8563    -0.3672
			    -0.4877    -0.0204    0.8728
			    0.1229    0.9648    -0.2326
			    -0.8835    -0.4521    0.1229
		b:
			    69.8365
			    -165.2190
			    153.0977
			    8.6253
			    140.7097
			    -212.8966


===========================================================================================
===========================================================================================
S7:
	q_c:    40.0000    439.5000    391.0000
	ub :    57.0000    468.0000    419.0000
	lb :    23.0000    411.0000    363.0000

	==================================================================================
	Q1:
		Shape: Hybrid
		q_c:    50.5000    437.0000    385.5000
		ub :    59.2562    444.4323    394.1924
		lb :    41.7438    429.5677    376.8076
		P^-1: 
			    0.0240    0.0037    0.0120
			    0.0037    0.0340    0.0030
			    0.0120    0.0030    0.0422
		A:
			    -0.2680    -0.3929    0.8797
			    0.4807    -0.2933    -0.8264
			    -0.5428    -0.7932    -0.2759
			    0.1748    0.2190    0.9599
			    0.5133    0.8343    -0.2015
			    0.8845    0.0640    0.4621
		b:
			    157.5899
			    -418.0645
			    -477.4412
			    477.1504
			    316.4360
			    254.2251
	==================================================================================
	Q2:
		Shape: Polyhedra
		q_c:    34.5000    446.0000    394.0000
		ub :    42.8012    456.0881    405.2150
		lb :    26.1988    435.9119    382.7850
		A:
			    0.6833    0.3194    -0.6566
			    0.5456    -0.0901    0.8332
			    -0.7252    0.4876    -0.4862
			    0.9105    -0.2241    0.3476
			    -0.7977    -0.6004    -0.0571
			    -0.1201    0.6786    -0.7246
			    0.1183    0.8945    0.4311
			    -0.0704    0.4406    -0.8949
			    -0.9905    0.0755    0.1151
			    -0.1183    -0.8945    -0.4311
			    0.0704    -0.4406    0.8949
			    0.9905    -0.0755    -0.1151
		b:
			    -84.9579
			    314.9155
			    8.6403
			    75.7590
			    -310.9565
			    21.3970
			    579.3837
			    -150.0324
			    51.8769
			    -566.3837
			    167.0324
			    -37.8769
	==================================================================================
	Q3:
		Shape: Hybrid
		q_c:    32.0000    445.0000    379.0000
		ub :    39.7763    452.0790    384.7892
		lb :    24.2237    437.9210    373.2108
		P^-1: 
			    0.0321    0.0121    0.0112
			    0.0121    0.0662    -0.0230
			    0.0112    -0.0230    0.0990
		A:
			    -0.2190    0.8492    0.4805
			    -0.1693    0.5588    -0.8118
			    -0.6313    0.4366    -0.6409
			    0.0988    -0.5702    0.8155
			    0.0582    -0.9434    0.3264
			    -0.3576    -0.7536    0.5515
		b:
			    556.6742
			    -62.7935
			    -65.8692
			    60.0873
			    -291.8452
			    -135.7883
	==================================================================================
	Q4:
		Shape: Polyhedra
		q_c:    47.0000    442.0000    376.5000
		ub :    53.7074    447.0026    383.5125
		lb :    40.2926    436.9974    369.4875
		A:
			    0.3958    0.9108    0.1174
			    0.5308    0.8420    0.0965
			    0.2856    0.6361    -0.7168
			    0.7469    0.6009    -0.2848
			    0.7437    0.4719    -0.4735
			    -0.3243    -0.5459    0.7726
			    0.1362    0.9260    0.3521
			    0.7303    0.1463    -0.6673
			    -0.6695    0.3481    -0.6563
			    -0.1362    -0.9260    -0.3521
			    -0.7303    -0.1463    0.6673
			    0.6695    -0.3481    0.6563
		b:
			    468.6009
			    436.8225
			    29.0039
			    197.5913
			    69.5907
			    38.7620
			    551.2617
			    -147.7572
			    -120.2082
			    -545.2617
			    156.7572
			    129.2082
	==================================================================================
	Q5:
		Shape: Ellipse
		q_c:    42.0000    429.0000    373.5000
		ub :    51.5312    436.1596    383.0424
		lb :    32.4688    421.8404    363.9576
		P^-1: 
			    0.0271    -0.0015    0.0034
			    -0.0015    0.0326    -0.0004
			    0.0034    -0.0004    0.0190
	==================================================================================
	Q6:
		Shape: Ellipse
		q_c:    33.0000    427.5000    375.5000
		ub :    41.9650    438.5640    387.6480
		lb :    24.0350    416.4360    363.3520
		P^-1: 
			    0.0665    0.0422    0.0180
			    0.0422    0.0526    0.0215
			    0.0180    0.0215    0.0235


===========================================================================================
===========================================================================================
S8:
	q_c:    364.0000    129.5000    448.0000
	ub :    380.0000    153.0000    472.0000
	lb :    348.0000    106.0000    424.0000

	==================================================================================
	Q1:
		Shape: Hybrid
		q_c:    354.0000    143.0000    462.5000
		ub :    363.5164    148.7464    473.0871
		lb :    344.4836    137.2536    451.9129
		P^-1: 
			    0.0538    0.0005    -0.0352
			    0.0005    0.0399    0.0021
			    -0.0352    0.0021    0.0370
		A:
			    0.6426    -0.4456    -0.6233
			    -0.8544    0.3326    0.3991
			    -0.5223    -0.7183    0.4596
			    0.3586    0.7369    0.5730
			    -0.0580    -0.3359    -0.9401
			    -0.3945    -0.9115    -0.1165
		b:
			    -122.3628
			    -67.7221
			    -72.3686
			    503.2102
			    -496.8040
			    -320.0488
	==================================================================================
	Q2:
		Shape: Hybrid
		q_c:    361.5000    117.5000    439.5000
		ub :    371.8058    127.4635    448.6687
		lb :    351.1942    107.5365    430.3313
		P^-1: 
			    0.0322    0.0069    -0.0080
			    0.0069    0.0211    -0.0038
			    -0.0080    -0.0038    0.0222
		A:
			    -0.5899    -0.4554    0.6668
			    -0.5018    0.3819    0.7761
			    0.9165    0.3948    -0.0643
			    0.8095    -0.5483    0.2100
			    -0.1670    0.7218    0.6716
			    0.2985    -0.1775    -0.9378
		b:
			    29.1101
			    208.7496
			    352.4260
			    325.2628
			    324.5676
			    -320.8678
	==================================================================================
	Q3:
		Shape: Ellipse
		q_c:    354.5000    139.0000    448.0000
		ub :    361.8015    148.0304    457.0940
		lb :    347.1985    129.9696    438.9060
		P^-1: 
			    0.0287    0.0033    -0.0031
			    0.0033    0.0389    -0.0142
			    -0.0031    -0.0142    0.0274
	==================================================================================
	Q4:
		Shape: Ellipse
		q_c:    361.0000    147.0000    450.5000
		ub :    374.9555    160.9966    466.5691
		lb :    347.0445    133.0034    434.4309
		P^-1: 
			    0.0102    -0.0001    -0.0004
			    -0.0001    0.0111    -0.0001
			    -0.0004    -0.0001    0.0109
	==================================================================================
	Q5:
		Shape: Polyhedra
		q_c:    376.0000    129.5000    450.0000
		ub :    386.1794    139.6413    459.6366
		lb :    365.8206    119.3587    440.3634
		A:
			    -0.8453    -0.4549    0.2801
			    0.0803    0.5183    0.8514
			    0.3510    -0.5736    -0.7401
			    0.7437    -0.3317    -0.5804
			    0.1245    -0.6538    -0.7464
			    -0.3425    0.0841    -0.9357
			    0.2781    0.6349    0.7208
			    -0.6471    0.6784    -0.3480
			    -0.7099    -0.3696    0.5995
			    -0.2781    -0.6349    -0.7208
			    0.6471    -0.6784    0.3480
			    0.7099    0.3696    -0.5995
		b:
			    -244.8008
			    485.5126
			    -269.8395
			    -18.3800
			    -368.4582
			    -533.0631
			    516.1351
			    -305.0283
			    -39.0054
			    -506.1351
			    319.0283
			    51.0054
	==================================================================================
	Q6:
		Shape: Polyhedra
		q_c:    373.0000    140.0000    466.0000
		ub :    386.5382    153.7419    478.0686
		lb :    359.4618    126.2581    453.9314
		A:
			    0.1312    -0.8415    0.5241
			    -0.4608    -0.4579    -0.7603
			    0.9175    -0.1288    0.3764
			    -0.9211    0.2835    0.2669
			    0.2980    -0.5448    -0.7838
			    -0.7750    -0.3801    -0.5048
			    0.3403    0.8529    0.3959
			    0.9403    -0.3088    -0.1430
			    0.0003    0.4210    -0.9071
			    -0.3403    -0.8529    -0.3959
			    -0.9403    0.3088    0.1430
			    -0.0003    -0.4210    0.9071
		b:
			    183.7728
			    -582.1291
			    510.2272
			    -168.0519
			    -321.1215
			    -568.3944
			    438.8350
			    252.3692
			    -355.6595
			    -422.8350
			    -229.3692
			    371.6595


===========================================================================================
===========================================================================================
S9:
	q_c:    19.5000    146.5000    70.0000
	ub :    39.0000    169.0000    92.0000
	lb :    0.0000    124.0000    48.0000

	==================================================================================
	Q1:
		Shape: Ellipse
		q_c:    4.5000    152.0000    69.0000
		ub :    11.3081    159.3801    73.7626
		lb :    -2.3081    144.6199    64.2374
		P^-1: 
			    0.2944    0.0542    0.4242
			    0.0542    0.0476    0.0824
			    0.4242    0.0824    0.7311
	==================================================================================
	Q2:
		Shape: Hybrid
		q_c:    37.5000    152.5000    80.0000
		ub :    51.2854    164.7332    89.5312
		lb :    23.7146    140.2668    70.4688
		P^-1: 
			    0.0107    -0.0008    -0.0020
			    -0.0008    0.0120    0.0000
			    -0.0020    0.0000    0.0200
		A:
			    -0.3177    -0.7787    0.5410
			    -0.8077    0.5815    0.0971
			    0.8143    -0.5793    -0.0362
			    -0.5389    -0.8250    0.1702
			    -0.7038    -0.0686    0.7071
			    0.1100    0.3778    -0.9193
		b:
			    -82.2356
			    71.7921
			    -55.0050
			    -126.4214
			    24.2277
			    -7.9293
	==================================================================================
	Q3:
		Shape: Polyhedra
		q_c:    12.5000    165.5000    67.5000
		ub :    22.4664    175.3887    76.5072
		lb :    2.5336    155.6113    58.4928
		A:
			    -0.1984    -0.0856    -0.9764
			    -0.1243    -0.8833    -0.4520
			    0.6733    -0.2789    -0.6848
			    0.2937    -0.8874    -0.3554
			    0.7371    0.0610    0.6730
			    -0.9895    0.0907    0.1121
			    0.4585    0.6193    0.6374
			    -0.6957    0.6963    -0.1762
			    -0.5529    -0.3627    0.7502
			    -0.4585    -0.6193    -0.6374
			    0.6957    -0.6963    0.1762
			    0.5529    0.3627    -0.7502
		b:
			    -76.7282
			    -172.2538
			    -78.2725
			    -161.1854
			    70.7350
			    16.0370
			    157.2545
			    100.6533
			    -10.7968
			    -145.2545
			    -88.6533
			    21.7968
	==================================================================================
	Q4:
		Shape: Hybrid
		q_c:    9.0000    132.0000    57.5000
		ub :    23.1017    142.7462    69.3215
		lb :    -5.1017    121.2538    45.6785
		P^-1: 
			    0.0081    0.0003    -0.0017
			    0.0003    0.0111    0.0000
			    -0.0017    0.0000    0.0134
		A:
			    0.4771    0.6499    0.5916
			    -0.5704    0.4795    0.6668
			    -0.5355    0.0846    -0.8403
			    -0.4965    0.8679    -0.0159
			    0.0778    -0.9378    0.3383
			    0.3849    0.7005    -0.6010
		b:
			    129.8649
			    101.5368
			    -35.9222
			    115.0778
			    -98.3528
			    66.1865
	==================================================================================
	Q5:
		Shape: Polyhedra
		q_c:    8.5000    150.5000    82.5000
		ub :    14.1252    156.9390    87.7830
		lb :    2.8748    144.0610    77.2170
		A:
			    0.8812    0.1303    0.4545
			    0.4283    -0.0275    0.9032
			    -0.8941    -0.0346    -0.4466
			    0.1333    -0.8798    -0.4562
			    0.2708    -0.9626    0.0127
			    -0.5884    -0.7078    0.3910
			    0.5644    0.7741    0.2868
			    0.8253    -0.5211    -0.2176
			    -0.0190    0.3595    -0.9329
			    -0.5644    -0.7741    -0.2868
			    -0.8253    0.5211    0.2176
			    0.0190    -0.3595    0.9329
		b:
			    68.5272
			    77.6480
			    -45.7305
			    -164.9233
			    -137.5827
			    -75.4429
			    148.9625
			    -85.3573
			    -19.5199
			    -140.9625
			    93.3573
			    26.5199
	==================================================================================
	Q6:
		Shape: Ellipse
		q_c:    6.0000    150.0000    54.5000
		ub :    16.6793    162.5293    66.7983
		lb :    -4.6793    137.4707    42.2017
		P^-1: 
			    0.0307    0.0057    -0.0043
			    0.0057    0.0194    0.0104
			    -0.0043    0.0104    0.0251


===========================================================================================
===========================================================================================
S10:
	q_c:    414.0000    18.0000    411.0000
	ub :    435.0000    34.0000    422.0000
	lb :    393.0000    2.0000    400.0000

	==================================================================================
	Q1:
		Shape: Ellipse
		q_c:    409.0000    27.0000    411.0000
		ub :    413.7750    32.7508    415.2212
		lb :    404.2250    21.2492    406.7788
		P^-1: 
			    0.1776    0.0979    0.0178
			    0.0979    0.1155    -0.0071
			    0.0178    -0.0071    0.1079
	==================================================================================
	Q2:
		Shape: Polyhedra
		q_c:    421.0000    12.0000    417.0000
		ub :    430.2877    19.1556    425.9326
		lb :    411.7123    4.8444    408.0674
		A:
			    -0.7174    0.6966    -0.0023
			    0.0116    -0.9958    0.0910
			    -0.6090    -0.7931    0.0084
			    0.3207    -0.8532    0.4113
			    -0.2821    0.6587    -0.6975
			    -0.3170    0.7922    0.5215
			    0.6639    0.4130    0.6234
			    0.4592    -0.8831    0.0959
			    0.5901    0.2226    -0.7760
			    -0.6639    -0.4130    -0.6234
			    -0.4592    0.8831    -0.0959
			    -0.5901    -0.2226    0.7760
		b:
			    -290.3247
			    35.3584
			    -256.8810
			    300.6962
			    -396.6070
			    98.3416
			    549.4365
			    226.7367
			    -65.4657
			    -539.4365
			    -218.7367
			    79.4657
	==================================================================================
	Q3:
		Shape: Polyhedra
		q_c:    424.0000    31.0000    419.0000
		ub :    428.8128    34.8290    423.9177
		lb :    419.1872    27.1710    414.0823
		A:
			    0.2821    0.8087    -0.5161
			    -0.4254    0.8466    -0.3199
			    0.8475    0.4473    -0.2858
			    0.6013    0.3589    0.7139
			    0.7846    0.4401    -0.4368
			    0.6034    0.3892    -0.6960
			    0.2744    0.9595    0.0639
			    0.3163    -0.0273    -0.9482
			    -0.9081    0.2804    -0.3110
			    -0.2744    -0.9595    -0.0639
			    -0.3163    0.0273    0.9482
			    0.9081    -0.2804    0.3110
		b:
			    -68.2157
			    -285.1188
			    256.7452
			    568.4691
			    166.7243
			    -19.9968
			    175.8495
			    -260.0323
			    -503.6636
			    -169.8495
			    268.0323
			    509.6636
	==================================================================================
	Q4:
		Shape: Ellipse
		q_c:    407.0000    10.5000    408.0000
		ub :    413.7949    17.1312    413.3554
		lb :    400.2051    3.8688    402.6446
		P^-1: 
			    0.1019    0.0223    0.0927
			    0.0223    0.0543    0.0089
			    0.0927    0.0089    0.1893
	==================================================================================
	Q5:
		Shape: Polyhedra
		q_c:    415.0000    21.0000    404.0000
		ub :    426.4661    30.7078    414.8478
		lb :    403.5339    11.2922    393.1522
		A:
			    -0.0032    -0.8760    0.4823
			    0.7111    0.6953    0.1041
			    0.5178    -0.0973    0.8500
			    0.1017    0.9915    0.0809
			    0.7561    0.2759    0.5935
			    -0.0277    0.5101    0.8597
			    0.4047    0.4730    0.7826
			    -0.4309    0.8535    -0.2930
			    -0.8066    -0.2186    0.5493
			    -0.4047    -0.4730    -0.7826
			    0.4309    -0.8535    0.2930
			    0.8066    0.2186    -0.5493
		b:
			    181.6097
			    358.7322
			    562.2298
			    101.8901
			    565.6075
			    352.8613
			    500.0675
			    -273.2741
			    -109.4109
			    -488.0675
			    285.2741
			    125.4109
	==================================================================================
	Q6:
		Shape: Polyhedra
		q_c:    423.5000    22.0000    407.5000
		ub :    431.0085    29.0274    414.4422
		lb :    415.9915    14.9726    400.5578
		A:
			    -0.3390    -0.0452    -0.9397
			    -0.9012    -0.4079    -0.1462
			    -0.2701    -0.9580    0.0963
			    0.1649    0.9850    0.0509
			    -0.2835    -0.5498    0.7857
			    0.7855    0.5907    -0.1848
			    0.5688    0.7855    0.2438
			    -0.1850    -0.1667    0.9685
			    0.8014    -0.5960    0.0505
			    -0.5688    -0.7855    -0.2438
			    0.1850    0.1667    -0.9685
			    -0.8014    0.5960    -0.0505
		b:
			    -521.9596
			    -446.1377
			    -92.1289
			    116.3197
			    193.6912
			    274.5734
			    361.0415
			    318.6489
			    352.3533
			    -354.0415
			    -306.6489
			    -341.3533


===========================================================================================
===========================================================================================
S11:
	q_c:    130.0000    344.0000    215.5000
	ub :    150.0000    354.0000    229.0000
	lb :    110.0000    334.0000    202.0000

	==================================================================================
	Q1:
		Shape: Hybrid
		q_c:    122.5000    339.5000    214.5000
		ub :    128.9038    345.7309    219.7357
		lb :    116.0962    333.2691    209.2643
		P^-1: 
			    0.0777    0.0188    -0.0167
			    0.0188    0.0645    -0.0006
			    -0.0167    -0.0006    0.1000
		A:
			    -0.0057    0.1140    -0.9935
			    -0.4500    -0.7871    -0.4219
			    -0.8320    0.1182    -0.5421
			    0.0597    -0.7713    -0.6337
			    0.7640    -0.2843    -0.5792
			    -0.1789    0.8296    0.5289
		b:
			    -173.3324
			    -410.7802
			    -175.5118
			    -388.2460
			    -125.0855
			    375.5850
	==================================================================================
	Q2:
		Shape: Hybrid
		q_c:    139.5000    355.5000    212.5000
		ub :    146.9394    362.9812    220.6975
		lb :    132.0606    348.0188    204.3025
		P^-1: 
			    0.0420    -0.0111    0.0059
			    -0.0111    0.0468    -0.0261
			    0.0059    -0.0261    0.0565
		A:
			    -0.3838    -0.3973    0.8336
			    0.3447    0.1892    -0.9195
			    0.8275    0.5444    0.1374
			    0.7904    -0.4027    -0.4616
			    0.7552    -0.6159    -0.2244
			    0.7931    -0.2600    0.5508
		b:
			    -15.1643
			    -77.2824
			    342.2724
			    -127.5795
			    -158.0439
			    137.8846
	==================================================================================
	Q3:
		Shape: Ellipse
		q_c:    133.0000    351.0000    219.5000
		ub :    138.6244    356.2040    224.5604
		lb :    127.3756    345.7960    214.4396
		P^-1: 
			    0.0943    0.0091    0.0212
			    0.0091    0.0651    0.0061
			    0.0212    0.0061    0.0767
	==================================================================================
	Q4:
		Shape: Polyhedra
		q_c:    120.0000    341.0000    226.0000
		ub :    127.4510    346.9338    232.6901
		lb :    112.5490    335.0662    219.3099
		A:
			    -0.3972    -0.4694    -0.7886
			    -0.4218    -0.4182    -0.8045
			    0.5752    0.5296    0.6235
			    -0.4999    -0.6802    -0.5361
			    0.0968    0.2700    -0.9580
			    0.1034    0.5196    0.8481
			    0.4679    0.4811    0.7413
			    -0.8683    0.0942    0.4869
			    0.1645    -0.8716    0.4619
			    -0.4679    -0.4811    -0.7413
			    0.8683    -0.0942    -0.4869
			    -0.1645    0.8716    -0.4619
		b:
			    -384.8000
			    -373.8662
			    391.9950
			    -411.2103
			    -107.6103
			    384.0571
			    388.7601
			    44.9522
			    -167.5859
			    -386.7601
			    -30.9522
			    178.5859
	==================================================================================
	Q5:
		Shape: Polyhedra
		q_c:    134.5000    341.0000    220.5000
		ub :    141.7990    349.6058    228.3769
		lb :    127.2010    332.3942    212.6231
		A:
			    -0.6659    0.5835    0.4650
			    0.9751    -0.2191    0.0335
			    0.2147    0.9597    0.1812
			    0.2694    -0.5388    -0.7982
			    0.2231    -0.0209    0.9746
			    0.5556    -0.4124    -0.7220
			    0.7623    0.5388    0.3586
			    0.2119    -0.7313    0.6483
			    0.6115    -0.4182    -0.6717
			    -0.7623    -0.5388    -0.3586
			    -0.2119    0.7313    -0.6483
			    -0.6115    0.4182    0.6717
		b:
			    215.2351
			    68.4883
			    401.4576
			    -320.0112
			    243.0241
			    -222.0806
			    370.8257
			    -71.9165
			    -205.4649
			    -359.8257
			    83.9165
			    211.4649
	==================================================================================
	Q6:
		Shape: Hybrid
		q_c:    133.0000    348.0000    208.0000
		ub :    137.6717    352.6286    211.6799
		lb :    128.3283    343.3714    204.3201
		P^-1: 
			    0.1652    0.0415    0.0613
			    0.0415    0.1023    0.0323
			    0.0613    0.0323    0.1752
		A:
			    0.9826    -0.1220    -0.1402
			    -0.3519    0.1310    -0.9268
			    -0.8839    -0.2144    -0.4156
			    -0.5151    -0.5057    -0.6920
			    0.8024    0.4117    0.4320
			    -0.8730    -0.3311    -0.3581
		b:
			    60.9844
			    -192.5551
			    -277.4424
			    -387.3512
			    340.9610
			    -304.6425


===========================================================================================
===========================================================================================
S12:
	q_c:    339.0000    317.0000    368.0000
	ub :    345.0000    333.0000    382.0000
	lb :    333.0000    301.0000    354.0000

	==================================================================================
	Q1:
		Shape: Hybrid
		q_c:    335.5000    321.5000    372.5000
		ub :    340.3086    325.7785    377.3511
		lb :    330.6914    317.2215    367.6489
		P^-1: 
			    0.1109    -0.0150    -0.0348
			    -0.0150    0.1554    -0.0106
			    -0.0348    -0.0106    0.1354
		A:
			    0.0333    0.5941    -0.8037
			    -0.6874    0.7122    -0.1420
			    -0.9753    0.0788    -0.2064
			    -0.1568    0.8619    0.4823
			    0.8221    0.4715    -0.3192
			    0.0139    -0.5980    -0.8014
		b:
			    -95.8534
			    -53.0510
			    -376.7337
			    405.5426
			    310.0973
			    -484.4820
	==================================================================================
	Q2:
		Shape: Hybrid
		q_c:    336.0000    313.5000    365.5000
		ub :    339.0682    316.6349    369.2346
		lb :    332.9318    310.3651    361.7654
		P^-1: 
			    0.3224    -0.0290    -0.1579
			    -0.0290    0.1616    0.0110
			    -0.1579    0.0110    0.2315
		A:
			    -0.1918    0.9812    0.0230
			    0.3238    -0.3829    -0.8652
			    -0.9919    0.0757    0.1021
			    -0.5959    -0.5003    0.6282
			    0.8318    -0.4867    0.2668
			    0.0394    -0.9833    -0.1775
		b:
			    253.2530
			    -326.0957
			    -270.9523
			    -126.2861
			    226.1258
			    -358.1531
	==================================================================================
	Q3:
		Shape: Polyhedra
		q_c:    334.5000    313.0000    366.5000
		ub :    337.8447    315.7535    370.2861
		lb :    331.1553    310.2465    362.7139
		A:
			    0.9153    0.1619    -0.3688
			    0.2909    -0.9566    -0.0198
			    -0.4417    0.8167    0.3713
			    -0.1059    -0.9736    -0.2024
			    -0.7706    0.5980    -0.2204
			    0.5404    -0.7728    -0.3329
			    0.1091    0.9376    0.3303
			    0.2611    0.2936    -0.9196
			    -0.9591    0.1865    -0.2127
			    -0.1091    -0.9376    -0.3303
			    -0.2611    -0.2936    0.9196
			    0.9591    -0.1865    0.2127
		b:
			    224.3919
			    -207.5514
			    245.8445
			    -412.7815
			    -148.9667
			    -181.1428
			    452.4972
			    -154.8070
			    -337.9115
			    -449.4972
			    160.8070
			    342.9115
	==================================================================================
	Q4:
		Shape: Ellipse
		q_c:    339.0000    314.0000    368.5000
		ub :    342.5163    317.7386    371.8003
		lb :    335.4837    310.2614    365.1997
		P^-1: 
			    0.4796    -0.0822    -0.4257
			    -0.0822    0.1611    0.0655
			    -0.4257    0.0655    0.6304
	==================================================================================
	Q5:
		Shape: Ellipse
		q_c:    338.5000    312.0000    366.5000
		ub :    341.5857    316.1894    370.3335
		lb :    335.4143    307.8106    362.6665
		P^-1: 
			    0.2810    0.0238    0.0822
			    0.0238    0.2231    0.1571
			    0.0822    0.1571    0.2720
	==================================================================================
	Q6:
		Shape: Hybrid
		q_c:    341.5000    324.0000    367.0000
		ub :    346.4712    328.5245    371.6342
		lb :    336.5288    319.4755    362.3658
		P^-1: 
			    0.1177    -0.0460    0.0246
			    -0.0460    0.1615    -0.0685
			    0.0246    -0.0685    0.1636
		A:
			    0.8325    0.2877    -0.4735
			    0.3642    0.0484    -0.9301
			    -0.8359    0.3376    -0.4329
			    0.6725    -0.6742    0.3051
			    0.2863    -0.3052    0.9082
			    -0.5674    -0.7092    0.4185
		b:
			    205.8384
			    -199.5005
			    -333.4208
			    124.4296
			    333.5467
			    -267.9266


===========================================================================================
===========================================================================================
S13:
	q_c:    405.0000    226.5000    14.5000
	ub :    426.0000    238.0000    29.0000
	lb :    384.0000    215.0000    0.0000

	==================================================================================
	Q1:
		Shape: Polyhedra
		q_c:    410.5000    225.5000    14.0000
		ub :    421.1179    234.7032    24.0178
		lb :    399.8821    216.2968    3.9822
		A:
			    0.4111    0.4685    -0.7820
			    0.5842    -0.8024    -0.1223
			    -0.8918    0.1758    -0.4168
			    -0.0226    0.9737    0.2266
			    -0.4208    -0.8014    0.4251
			    0.2550    -0.0243    -0.9666
			    0.8504    0.2530    0.4613
			    -0.3340    -0.4176    0.8450
			    0.4064    -0.8727    -0.2706
			    -0.8504    -0.2530    -0.4613
			    0.3340    0.4176    -0.8450
			    -0.4064    0.8727    0.2706
		b:
			    269.4598
			    62.7942
			    -325.1059
			    219.2358
			    -341.3552
			    91.6824
			    420.1144
			    -213.4724
			    -28.2308
			    -405.1144
			    225.4724
			    39.2308
	==================================================================================
	Q2:
		Shape: Polyhedra
		q_c:    406.0000    238.5000    5.0000
		ub :    414.6505    248.2651    14.4953
		lb :    397.3495    228.7349    -4.4953
		A:
			    0.5187    -0.4312    -0.7383
			    -0.7468    0.2529    0.6151
			    -0.6031    0.5763    -0.5514
			    0.9538    -0.1488    0.2612
			    0.5210    0.2299    -0.8220
			    0.5183    -0.6382    0.5693
			    0.2352    0.5123    0.8260
			    -0.8606    -0.2852    0.4220
			    0.4517    -0.8101    0.3738
			    -0.2352    -0.5123    -0.8260
			    0.8606    0.2852    -0.4220
			    -0.4517    0.8101    -0.3738
		b:
			    109.7485
			    -234.4036
			    -103.7357
			    358.8611
			    267.5414
			    67.5121
			    227.8191
			    -410.3028
			    -1.4443
			    -215.8191
			    420.3028
			    14.4443
	==================================================================================
	Q3:
		Shape: Hybrid
		q_c:    412.0000    217.0000    16.0000
		ub :    423.0773    224.5128    27.2708
		lb :    400.9227    209.4872    4.7292
		P^-1: 
			    0.0287    -0.0083    0.0113
			    -0.0083    0.0399    -0.0068
			    0.0113    -0.0068    0.0224
		A:
			    0.1723    -0.9712    -0.1646
			    0.5760    -0.7878    -0.2181
			    0.8064    0.5822    0.1039
			    -0.1273    0.6911    -0.7115
			    -0.8100    0.5705    0.1358
			    -0.1430    -0.8015    0.5807
		b:
			    -139.2178
			    66.6097
			    464.4111
			    89.5800
			    -203.7159
			    -219.6971
	==================================================================================
	Q4:
		Shape: Polyhedra
		q_c:    399.0000    232.0000    27.0000
		ub :    408.8224    240.9065    33.5272
		lb :    389.1776    223.0935    20.4728
		A:
			    -0.7002    -0.7128    -0.0396
			    -0.7719    -0.6182    -0.1481
			    0.2566    -0.4244    0.8684
			    0.0526    -0.9467    0.3177
			    -0.0795    -0.4602    -0.8843
			    -0.8559    0.4644    0.2274
			    0.5998    0.7723    0.2093
			    0.7604    -0.6316    0.1511
			    0.2489    0.0685    -0.9661
			    -0.5998    -0.7723    -0.2093
			    -0.7604    0.6316    -0.1511
			    -0.2489    -0.0685    0.9661
		b:
			    -440.8282
			    -450.2831
			    33.1117
			    -183.8134
			    -157.6274
			    -220.5637
			    429.1479
			    168.4722
			    93.6097
			    -419.1479
			    -153.4722
			    -84.6097
	==================================================================================
	Q5:
		Shape: Ellipse
		q_c:    404.5000    236.0000    22.5000
		ub :    410.4018    246.5091    33.3630
		lb :    398.5982    225.4909    11.6370
		P^-1: 
			    0.0596    -0.0047    -0.0100
			    -0.0047    0.0183    0.0011
			    -0.0100    0.0011    0.0202
	==================================================================================
	Q6:
		Shape: Polyhedra
		q_c:    407.0000    220.0000    10.5000
		ub :    415.0550    228.4234    17.2746
		lb :    398.9450    211.5766    3.7254
		A:
			    0.7333    -0.5142    -0.4449
			    0.2524    0.7814    -0.5707
			    0.3025    0.7208    0.6237
			    0.4457    -0.7237    -0.5268
			    -0.6833    -0.3816    -0.6224
			    -0.3245    0.2192    -0.9201
			    0.4439    0.4770    0.7586
			    -0.3021    -0.7174    0.6278
			    0.8436    -0.5078    -0.1743
			    -0.4439    -0.4770    -0.7586
			    0.3021    0.7174    -0.6278
			    -0.8436    0.5078    0.1743
		b:
			    186.4840
			    274.1595
			    291.6043
			    21.9452
			    -365.2614
			    -89.1570
			    296.5461
			    -268.6849
			    235.8098
			    -290.5461
			    279.6849
			    -223.8098


===========================================================================================
===========================================================================================
S14:
	q_c:    476.0000    430.5000    24.0000
	ub :    497.0000    453.0000    36.0000
	lb :    455.0000    408.0000    12.0000

	==================================================================================
	Q1:
		Shape: Ellipse
		q_c:    474.0000    422.0000    15.0000
		ub :    480.4412    428.9908    21.1973
		lb :    467.5588    415.0092    8.8027
		P^-1: 
			    0.0516    -0.0161    -0.0092
			    -0.0161    0.0663    0.0043
			    -0.0092    0.0043    0.0663
	==================================================================================
	Q2:
		Shape: Polyhedra
		q_c:    475.5000    424.0000    17.5000
		ub :    480.7898    430.0745    23.1168
		lb :    470.2102    417.9255    11.8832
		A:
			    -0.5849    -0.2825    0.7604
			    -0.6663    0.6971    -0.2647
			    -0.8411    -0.1712    0.5131
			    -0.4049    -0.9051    -0.1301
			    -0.9183    -0.0519    0.3924
			    -0.4050    0.8430    0.3539
			    0.5705    0.6439    0.5098
			    0.7938    -0.5917    -0.1409
			    0.2109    0.4851    -0.8487
			    -0.5705    -0.6439    -0.5098
			    -0.7938    0.5917    0.1409
			    -0.2109    -0.4851    0.8487
		b:
			    -381.1929
			    -23.1976
			    -460.2747
			    -574.2882
			    -448.6531
			    174.1500
			    557.7119
			    126.5881
			    294.6035
			    -548.7119
			    -121.5881
			    -287.6035
	==================================================================================
	Q3:
		Shape: Hybrid
		q_c:    470.0000    443.5000    26.0000
		ub :    472.3874    447.9882    29.3717
		lb :    467.6126    439.0118    22.6283
		P^-1: 
			    0.2500    0.0007    -0.0002
			    0.0007    0.0764    0.0491
			    -0.0002    0.0491    0.2361
		A:
			    -0.5168    0.7935    0.3213
			    -0.5214    0.6668    0.5326
			    -0.4315    0.5413    0.7217
			    0.7344    0.0630    -0.6758
			    -0.9222    -0.1111    0.3705
			    0.9780    0.1022    -0.1816
		b:
			    119.5013
			    66.1596
			    57.3374
			    356.7099
			    -471.9296
			    501.3579
	==================================================================================
	Q4:
		Shape: Ellipse
		q_c:    485.0000    437.0000    36.0000
		ub :    487.8066    445.8411    44.7660
		lb :    482.1934    428.1589    27.2340
		P^-1: 
			    0.2461    -0.0153    -0.0250
			    -0.0153    0.0260    0.0036
			    -0.0250    0.0036    0.0294
	==================================================================================
	Q5:
		Shape: Hybrid
		q_c:    480.5000    439.5000    21.5000
		ub :    489.4598    448.8497    29.1724
		lb :    471.5402    430.1503    13.8276
		P^-1: 
			    0.0286    0.0063    -0.0014
			    0.0063    0.0372    -0.0145
			    -0.0014    -0.0145    0.0534
		A:
			    -0.1174    -0.3122    0.9427
			    0.8465    -0.0254    -0.5318
			    -0.0099    0.1302    0.9914
			    -0.3010    -0.0952    0.9488
			    0.6495    0.5609    -0.5134
			    0.0807    -0.6393    -0.7647
		b:
			    -171.2264
			    387.8782
			    76.6051
			    -163.5197
			    550.2129
			    -254.8341
	==================================================================================
	Q6:
		Shape: Ellipse
		q_c:    477.5000    444.5000    19.5000
		ub :    486.7742    450.6638    29.0271
		lb :    468.2258    438.3362    9.9729
		P^-1: 
			    0.0246    0.0083    -0.0036
			    0.0083    0.0963    -0.0317
			    -0.0036    -0.0317    0.0375


===========================================================================================
===========================================================================================
S15:
	q_c:    160.5000    490.5000    193.0000
	ub :    171.0000    501.0000    211.0000
	lb :    150.0000    480.0000    175.0000

	==================================================================================
	Q1:
		Shape: Polyhedra
		q_c:    166.0000    482.5000    198.5000
		ub :    171.8730    485.4760    205.7978
		lb :    160.1270    479.5240    191.2022
		A:
			    0.4189    0.8618    0.2860
			    -0.5886    -0.7772    -0.2225
			    -0.4625    -0.7857    -0.4108
			    -0.5160    -0.8366    -0.1841
			    -0.7797    -0.5288    -0.3353
			    -0.2018    -0.9214    -0.3320
			    0.5062    0.8232    0.2573
			    0.7683    -0.5659    0.2991
			    0.3918    0.0463    -0.9189
			    -0.5062    -0.8232    -0.2573
			    -0.7683    0.5659    -0.2991
			    -0.3918    -0.0463    0.9189
		b:
			    542.8382
			    -516.1521
			    -536.2629
			    -525.1552
			    -449.4681
			    -542.3248
			    532.7688
			    -82.1566
			    -88.5342
			    -531.7688
			    90.1566
			    101.5342
	==================================================================================
	Q2:
		Shape: Polyhedra
		q_c:    152.5000    493.5000    194.0000
		ub :    157.9104    500.7360    201.6904
		lb :    147.0896    486.2640    186.3096
		A:
			    0.4327    -0.8561    -0.2826
			    -0.8089    -0.2924    0.5101
			    -0.8033    0.1087    0.5856
			    -0.7777    0.6223    0.0890
			    -0.6062    -0.5734    0.5511
			    -0.9481    -0.3172    -0.0231
			    0.1290    0.6195    0.7743
			    -0.1717    0.7830    -0.5978
			    -0.9767    -0.0559    0.2074
			    -0.1290    -0.6195    -0.7743
			    0.1717    -0.7830    0.5978
			    0.9767    0.0559    -0.2074
		b:
			    -406.4974
			    -164.5141
			    48.9455
			    210.2272
			    -264.0176
			    -301.4705
			    480.6115
			    249.2514
			    -132.2698
			    -470.6115
			    -239.2514
			    140.2698
	==================================================================================
	Q3:
		Shape: Hybrid
		q_c:    168.5000    490.5000    182.5000
		ub :    176.9088    499.3983    188.4731
		lb :    160.0912    481.6017    176.5269
		P^-1: 
			    0.0503    0.0072    -0.0426
			    0.0072    0.0435    -0.0414
			    -0.0426    -0.0414    0.1265
		A:
			    -0.0206    0.0927    -0.9955
			    -0.6711    0.3437    -0.6569
			    -0.0859    0.9789    -0.1852
			    -0.2586    0.4258    -0.8671
			    -0.5133    -0.4372    0.7385
			    0.9522    -0.1658    -0.2565
		b:
			    -137.1315
			    -60.5921
			    436.0028
			    9.5870
			    -164.5510
			    35.6897
	==================================================================================
	Q4:
		Shape: Polyhedra
		q_c:    155.5000    482.0000    188.5000
		ub :    162.2156    487.1901    194.0898
		lb :    148.7844    476.8099    182.9102
		A:
			    -0.3341    0.8289    0.4487
			    -0.1157    0.2914    -0.9496
			    0.4858    0.2375    0.8412
			    -0.5325    -0.0431    -0.8453
			    -0.1298    -0.3487    0.9282
			    0.1096    -0.6114    0.7837
			    0.4889    0.0072    0.8723
			    -0.8655    0.1284    0.4841
			    -0.1085    -0.9917    0.0690
			    -0.4889    -0.0072    -0.8723
			    0.8655    -0.1284    -0.4841
			    0.1085    0.9917    -0.0690
		b:
			    436.9880
			    -52.9767
			    351.6681
			    -259.9266
			    -9.2301
			    -126.0793
			    246.9092
			    24.0321
			    -477.3728
			    -240.9092
			    -13.0321
			    486.3728
	==================================================================================
	Q5:
		Shape: Polyhedra
		q_c:    151.0000    495.5000    197.5000
		ub :    156.3213    500.6295    203.3935
		lb :    145.6787    490.3705    191.6065
		A:
			    -0.2230    -0.9626    0.1536
			    0.1893    0.1269    -0.9737
			    0.5971    -0.6588    -0.4576
			    -0.2138    -0.3970    0.8926
			    0.8551    -0.4556    -0.2475
			    -0.5714    0.4875    0.6602
			    0.6264    0.4610    0.6286
			    0.7675    -0.2235    -0.6009
			    -0.1365    0.8588    -0.4938
			    -0.6264    -0.4610    -0.6286
			    -0.7675    0.2235    0.6009
			    0.1365    -0.8588    0.4938
		b:
			    -476.8623
			    -97.7465
			    -324.2718
			    -50.1027
			    -143.2582
			    288.1331
			    452.6549
			    -111.5446
			    309.8883
			    -441.6549
			    115.5446
			    -304.8883
	==================================================================================
	Q6:
		Shape: Hybrid
		q_c:    172.5000    480.5000    199.0000
		ub :    179.3783    487.8953    206.6969
		lb :    165.6217    473.1047    191.3031
		P^-1: 
			    0.0441    0.0050    0.0074
			    0.0050    0.0329    0.0112
			    0.0074    0.0112    0.0534
		A:
			    0.7683    0.6113    0.1898
			    -0.2526    0.0417    0.9667
			    -0.3711    0.7755    0.5108
			    -0.1883    0.1236    0.9743
			    -0.8238    -0.2823    -0.4916
			    0.1739    0.7019    0.6907
		b:
			    466.7307
			    171.4912
			    413.3246
			    223.3214
			    -373.3057
			    507.0805


===========================================================================================
===========================================================================================
