3D_45_20_6_a                l = 3

===========================================================================================
===========================================================================================
S1:
	q_c:    488.0000    375.5000    213.0000
	ub :    495.0000    400.0000    230.0000
	lb :    481.0000    351.0000    196.0000

	==================================================================================
	Q1:
		Shape: Hybrid
		q_c:    487.5000    376.5000    211.0000
		ub :    491.1030    380.7565    215.3283
		lb :    483.8970    372.2435    206.6717
		P^-1: 
			    0.2194    -0.0161    -0.0434
			    -0.0161    0.1506    0.0354
			    -0.0434    0.0354    0.1511
		A:
			    0.5367    -0.2481    -0.8065
			    0.7120    -0.5637    0.4187
			    -0.9903    -0.1373    0.0216
			    0.2485    -0.9234    -0.2927
			    -0.7680    0.4126    0.4899
			    -0.5551    0.1882    0.8102
		b:
			    -0.7429
			    224.9605
			    -528.7076
			    -286.8595
			    -114.6864
			    -27.5853
	==================================================================================
	Q2:
		Shape: Hybrid
		q_c:    486.0000    377.0000    214.0000
		ub :    490.9111    381.4891    218.2913
		lb :    481.0889    372.5109    209.7087
		P^-1: 
			    0.1210    -0.0496    -0.0677
			    -0.0496    0.1489    0.0051
			    -0.0677    0.0051    0.2026
		A:
			    0.2299    0.1778    -0.9568
			    0.1225    -0.8844    -0.4503
			    0.5853    0.3297    -0.7408
			    -0.2131    -0.7386    0.6396
			    0.7018    -0.3690    -0.6094
			    0.0687    -0.8995    -0.4315
		b:
			    -24.8346
			    -368.5638
			    251.6650
			    -243.5962
			    72.6781
			    -396.2667
	==================================================================================
	Q3:
		Shape: Ellipse
		q_c:    484.5000    374.5000    210.5000
		ub :    489.0674    379.7899    214.8171
		lb :    479.9326    369.2101    206.1829
		P^-1: 
			    0.2895    0.0889    0.1607
			    0.0889    0.0982    0.0584
			    0.1607    0.0584    0.2009
	==================================================================================
	Q4:
		Shape: Hybrid
		q_c:    490.0000    378.0000    218.0000
		ub :    495.3048    382.5876    222.9989
		lb :    484.6952    373.4124    213.0011
		P^-1: 
			    0.0995    0.0058    -0.0187
			    0.0058    0.0835    -0.0054
			    -0.0187    -0.0054    0.0722
		A:
			    -0.3409    0.8479    -0.4060
			    -0.9634    -0.1093    -0.2449
			    -0.8600    0.2743    0.4304
			    0.9825    0.1554    -0.1024
			    -0.9500    -0.2108    -0.2303
			    0.8056    -0.5673    -0.1705
		b:
			    67.0478
			    -564.7823
			    -222.2352
			    519.5022
			    -593.4313
			    144.9550
	==================================================================================
	Q5:
		Shape: Hybrid
		q_c:    489.5000    382.0000    218.5000
		ub :    494.3552    386.1444    223.1889
		lb :    484.6448    377.8556    213.8111
		P^-1: 
			    0.2235    0.0673    0.1517
			    0.0673    0.2255    0.1177
			    0.1517    0.1177    0.2048
		A:
			    0.6446    0.6115    0.4589
			    0.8857    0.1566    0.4370
			    -0.1074    -0.7240    -0.6814
			    -0.5113    -0.8308    0.2198
			    0.5966    -0.0761    0.7989
			    0.1540    0.6401    0.7527
		b:
			    650.3396
			    590.0660
			    -476.7295
			    -516.9327
			    438.9899
			    485.6947
	==================================================================================
	Q6:
		Shape: Ellipse
		q_c:    496.0000    372.0000    216.0000
		ub :    500.8363    376.9028    220.0026
		lb :    491.1637    367.0972    211.9974
		P^-1: 
			    0.1176    0.0085    -0.0143
			    0.0085    0.1222    -0.0186
			    -0.0143    -0.0186    0.1424


===========================================================================================
===========================================================================================
S2:
	q_c:    219.5000    468.5000    379.5000
	ub :    224.0000    470.0000    400.0000
	lb :    215.0000    467.0000    359.0000

	==================================================================================
	Q1:
		Shape: Hybrid
		q_c:    219.0000    468.5000    379.5000
		ub :    220.4401    469.8605    380.5239
		lb :    217.5599    467.1395    378.4761
		P^-1: 
			    1.5235    0.0098    1.1386
			    0.0098    1.0002    0.0213
			    1.1386    0.0213    3.4763
		A:
			    -0.1265    -0.6918    -0.7110
			    -0.6707    -0.3757    -0.6395
			    0.5788    -0.2054    0.7891
			    -0.5112    -0.4291    -0.7447
			    0.1454    -0.2386    -0.9602
			    0.3026    -0.6625    -0.6853
		b:
			    -621.0620
			    -565.1719
			    330.3011
			    -595.2131
			    -443.8906
			    -503.5092
	==================================================================================
	Q2:
		Shape: Polyhedra
		q_c:    220.0000    468.0000    378.5000
		ub :    220.9095    469.2012    379.5466
		lb :    219.0905    466.7988    377.4534
		A:
			    -0.9254    0.3751    0.0549
			    0.3931    0.7347    0.5530
			    0.2187    -0.8155    -0.5358
			    -0.2863    -0.8895    -0.3563
			    -0.9085    0.1106    -0.4029
			    0.4256    0.2416    -0.8721
			    0.1217    0.5772    0.8075
			    -0.9115    0.3870    -0.1392
			    -0.3929    -0.7191    0.5732
			    -0.1217    -0.5772    -0.8075
			    0.9115    -0.3870    0.1392
			    0.3929    0.7191    -0.5732
		b:
			    -6.7561
			    640.1843
			    -535.8350
			    -613.4017
			    -300.0990
			    -122.4983
			    603.0313
			    -71.6064
			    -205.0169
			    -602.0313
			    72.6064
			    207.0169
	==================================================================================
	Q3:
		Shape: Hybrid
		q_c:    220.5000    468.0000    379.5000
		ub :    221.9170    469.4378    380.3940
		lb :    219.0830    466.5622    378.6060
		P^-1: 
			    1.1757    0.1631    -0.6853
			    0.1631    1.1514    -0.6361
			    -0.6853    -0.6361    3.6729
		A:
			    0.4286    0.0981    -0.8981
			    0.9783    0.2070    0.0137
			    -0.0985    0.6410    -0.7612
			    -0.4355    -0.4736    -0.7655
			    -0.3378    0.0803    -0.9378
			    -0.4049    0.8968    -0.1781
		b:
			    -200.1347
			    318.4722
			    -10.1969
			    -607.5541
			    -392.3220
			    263.5717
	==================================================================================
	Q4:
		Shape: Ellipse
		q_c:    220.0000    470.0000    379.5000
		ub :    220.8319    471.0892    380.7118
		lb :    219.1681    468.9108    378.2882
		P^-1: 
			    3.9478    -0.1858    0.3453
			    -0.1858    3.3383    1.2299
			    0.3453    1.2299    1.7138
	==================================================================================
	Q5:
		Shape: Hybrid
		q_c:    220.5000    469.5000    379.0000
		ub :    221.8710    470.6754    380.3073
		lb :    219.1290    468.3246    377.6927
		P^-1: 
			    2.0008    0.7776    -1.1816
			    0.7776    1.6041    -0.9181
			    -1.1816    -0.9181    2.3951
		A:
			    -0.9798    -0.0915    -0.1781
			    0.1479    -0.3193    0.9360
			    -0.1064    -0.6225    0.7754
			    0.0574    -0.2028    -0.9775
			    0.2474    0.8348    -0.4919
			    0.1445    -0.2428    -0.9592
		b:
			    -325.8147
			    238.0008
			    -21.4488
			    -452.4316
			    260.4531
			    -445.1212
	==================================================================================
	Q6:
		Shape: Ellipse
		q_c:    220.5000    468.5000    379.5000
		ub :    221.7409    470.0296    381.0780
		lb :    219.2591    466.9704    377.9220
		P^-1: 
			    1.0000    0.0000    0.0000
			    0.0000    1.0000    0.0000
			    0.0000    0.0000    1.0000


===========================================================================================
===========================================================================================
S3:
	q_c:    156.5000    64.5000    244.0000
	ub :    167.0000    71.0000    261.0000
	lb :    146.0000    58.0000    227.0000

	==================================================================================
	Q1:
		Shape: Ellipse
		q_c:    161.0000    70.5000    250.5000
		ub :    166.0684    73.8504    253.4949
		lb :    155.9316    67.1496    247.5051
		P^-1: 
			    0.0722    -0.0351    0.1193
			    -0.0351    0.3474    -0.3517
			    0.1193    -0.3517    0.7899
	==================================================================================
	Q2:
		Shape: Hybrid
		q_c:    155.5000    60.5000    248.0000
		ub :    159.9475    65.1961    252.9227
		lb :    151.0525    55.8039    243.0773
		P^-1: 
			    0.0710    -0.0291    -0.0260
			    -0.0291    0.1622    0.0889
			    -0.0260    0.0889    0.1418
		A:
			    -0.5015    0.8275    0.2523
			    0.8458    -0.0070    -0.5335
			    -0.7719    0.2301    0.5926
			    0.7911    -0.5974    0.1314
			    0.3575    -0.8495    -0.3879
			    0.2292    0.8845    0.4065
		b:
			    36.2646
			    1.3422
			    42.9825
			    122.0491
			    -90.7099
			    191.6138
	==================================================================================
	Q3:
		Shape: Ellipse
		q_c:    163.0000    63.5000    245.0000
		ub :    166.8321    65.4650    248.9870
		lb :    159.1679    61.5350    241.0130
		P^-1: 
			    0.5409    1.2094    0.1546
			    1.2094    3.5147    0.4349
			    0.1546    0.4349    0.1667
	==================================================================================
	Q4:
		Shape: Ellipse
		q_c:    150.0000    61.5000    246.0000
		ub :    152.7394    64.8565    249.7003
		lb :    147.2606    58.1435    242.2997
		P^-1: 
			    0.2633    0.0536    0.0205
			    0.0536    0.2914    0.1559
			    0.0205    0.1559    0.2509
	==================================================================================
	Q5:
		Shape: Polyhedra
		q_c:    152.0000    63.0000    242.0000
		ub :    157.4310    67.5172    246.9918
		lb :    146.5690    58.4828    237.0082
		A:
			    -0.5474    -0.7924    0.2691
			    -0.6183    0.5046    -0.6026
			    -0.3267    -0.4876    0.8096
			    0.1150    -0.8011    0.5874
			    0.0715    0.9806    -0.1825
			    0.0529    0.8651    0.4988
			    0.6251    0.6275    0.4642
			    0.3463    -0.7560    0.5555
			    0.6995    -0.1865    -0.6899
			    -0.6251    -0.6275    -0.4642
			    -0.3463    0.7560    -0.5555
			    -0.6995    0.1865    0.6899
		b:
			    -64.4651
			    -205.8910
			    117.9705
			    110.8685
			    31.3409
			    187.1875
			    251.3869
			    140.9478
			    -69.3752
			    -242.3869
			    -137.9478
			    75.3752
	==================================================================================
	Q6:
		Shape: Ellipse
		q_c:    160.0000    68.5000    243.5000
		ub :    164.9204    72.9588    248.7749
		lb :    155.0796    64.0412    238.2251
		P^-1: 
			    0.0908    -0.0267    -0.0019
			    -0.0267    0.1451    0.0196
			    -0.0019    0.0196    0.0682


===========================================================================================
===========================================================================================
S4:
	q_c:    24.0000    366.5000    397.5000
	ub :    28.0000    398.0000    418.0000
	lb :    20.0000    335.0000    377.0000

	==================================================================================
	Q1:
		Shape: Ellipse
		q_c:    25.5000    364.0000    397.0000
		ub :    28.7624    366.9136    400.5125
		lb :    22.2376    361.0864    393.4875
		P^-1: 
			    0.1622    -0.0202    0.0142
			    -0.0202    0.3491    -0.1327
			    0.0142    -0.1327    0.2532
	==================================================================================
	Q2:
		Shape: Ellipse
		q_c:    27.5000    370.0000    399.0000
		ub :    29.7713    372.2054    400.7500
		lb :    25.2287    367.7946    397.2500
		P^-1: 
			    0.4444    -0.0000    -0.0000
			    -0.0000    0.4444    -0.0000
			    -0.0000    -0.0000    0.4444
	==================================================================================
	Q3:
		Shape: Polyhedra
		q_c:    20.5000    365.5000    400.0000
		ub :    23.7950    368.9998    403.2136
		lb :    17.2050    362.0002    396.7864
		A:
			    -0.6275    -0.3321    -0.7042
			    -0.3671    0.6087    -0.7034
			    -0.1465    0.8168    -0.5580
			    -0.1271    0.7795    -0.6133
			    0.3610    0.5447    -0.7569
			    0.0721    0.5626    -0.8236
			    0.5270    0.6679    0.5255
			    0.6741    0.0481    -0.7371
			    -0.5176    0.7427    -0.4249
			    -0.5270    -0.6679    -0.5255
			    -0.6741    -0.0481    0.7371
			    0.5176    -0.7427    0.4249
		b:
			    -412.6461
			    -64.8749
			    73.8942
			    38.4562
			    -95.0003
			    -121.0489
			    468.6228
			    -262.4651
			    92.3705
			    -461.6228
			    264.4651
			    -89.3705
	==================================================================================
	Q4:
		Shape: Hybrid
		q_c:    23.5000    365.0000    402.0000
		ub :    25.5718    366.4162    404.0994
		lb :    21.4282    363.5838    399.9006
		P^-1: 
			    1.1665    -1.2078    0.7663
			    -1.2078    2.4648    -1.2817
			    0.7663    -1.2817    1.2576
		A:
			    -0.2058    0.9292    -0.3070
			    0.9166    -0.3553    0.1833
			    0.2042    -0.8235    0.5293
			    -0.8068    0.5316    -0.2578
			    -0.7966    0.6038    0.0280
			    -0.7136    0.4928    -0.4978
		b:
			    211.3468
			    -33.6805
			    -82.6515
			    71.9806
			    213.6495
			    -36.5433
	==================================================================================
	Q5:
		Shape: Polyhedra
		q_c:    23.5000    364.5000    395.0000
		ub :    26.4702    367.5430    397.9245
		lb :    20.5298    361.4570    392.0755
		A:
			    0.1643    0.0920    0.9821
			    0.7500    -0.6127    0.2492
			    0.6461    0.2793    0.7103
			    -0.2986    -0.1246    0.9462
			    0.7051    0.7018    0.1014
			    -0.0636    0.5636    0.8236
			    0.3285    0.5694    0.7536
			    0.0605    0.7836    -0.6184
			    -0.9426    0.2487    0.2230
			    -0.3285    -0.5694    -0.7536
			    -0.0605    -0.7836    0.6184
			    0.9426    -0.2487    -0.2230
		b:
			    426.9943
			    -104.9473
			    399.2769
			    323.2982
			    314.3386
			    530.9425
			    514.4230
			    44.7779
			    159.0807
			    -511.4230
			    -40.7779
			    -154.0807
	==================================================================================
	Q6:
		Shape: Hybrid
		q_c:    23.0000    370.0000    397.5000
		ub :    26.1251    373.2844    400.7083
		lb :    19.8749    366.7156    394.2917
		P^-1: 
			    0.1679    0.0201    0.0157
			    0.0201    0.2451    -0.0038
			    0.0157    -0.0038    0.2470
		A:
			    -0.0631    -0.5833    0.8098
			    0.5524    -0.3649    0.7495
			    0.8195    0.5268    0.2255
			    0.3208    -0.1365    0.9372
			    -0.7025    -0.6201    -0.3491
			    -0.2474    0.2376    -0.9393
		b:
			    105.6021
			    176.7384
			    304.6083
			    330.4458
			    -383.2712
			    -290.1484


===========================================================================================
===========================================================================================
S5:
	q_c:    283.0000    348.5000    262.5000
	ub :    311.0000    369.0000    290.0000
	lb :    255.0000    328.0000    235.0000

	==================================================================================
	Q1:
		Shape: Polyhedra
		q_c:    277.0000    350.0000    262.0000
		ub :    285.5566    357.5008    270.5665
		lb :    268.4434    342.4992    253.4335
		A:
			    -0.2791    -0.5151    -0.8104
			    -0.8188    0.5740    -0.0037
			    0.3612    -0.6824    -0.6355
			    -0.7864    -0.2270    -0.5746
			    0.7204    -0.6495    0.2433
			    -0.3562    0.3188    0.8783
			    0.6370    0.0690    0.7677
			    -0.7700    0.1034    0.6296
			    -0.0359    -0.9922    0.1190
			    -0.6370    -0.0690    -0.7677
			    0.7700    -0.1034    -0.6296
			    0.0359    0.9922    -0.1190
		b:
			    -464.8593
			    -20.3448
			    -298.3665
			    -443.4602
			    41.9546
			    249.8943
			    405.7564
			    -4.6497
			    -319.5631
			    -397.7564
			    19.6497
			    332.5631
	==================================================================================
	Q2:
		Shape: Ellipse
		q_c:    299.5000    342.0000    281.5000
		ub :    308.0326    352.5942    291.8391
		lb :    290.9674    331.4058    271.1609
		P^-1: 
			    0.0359    -0.0188    -0.0114
			    -0.0188    0.0373    0.0118
			    -0.0114    0.0118    0.0249
	==================================================================================
	Q3:
		Shape: Ellipse
		q_c:    267.0000    366.5000    267.5000
		ub :    276.3669    375.8158    277.0613
		lb :    257.6331    357.1842    257.9387
		P^-1: 
			    0.0322    0.0075    0.0059
			    0.0075    0.0328    -0.0057
			    0.0059    -0.0057    0.0355
	==================================================================================
	Q4:
		Shape: Polyhedra
		q_c:    264.5000    338.0000    264.5000
		ub :    275.6727    346.6489    275.9068
		lb :    253.3273    329.3511    253.0932
		A:
			    -0.3746    0.5188    -0.7685
			    0.6269    0.6130    0.4808
			    -0.0156    0.9804    0.1962
			    0.9743    0.1382    0.1777
			    0.4608    -0.0366    0.8867
			    0.5249    -0.0050    -0.8512
			    0.4570    0.5596    0.6913
			    -0.2495    0.8267    -0.5043
			    -0.8538    0.0580    0.5174
			    -0.4570    -0.5596    -0.6913
			    0.2495    -0.8267    0.5043
			    0.8538    -0.0580    -0.5174
		b:
			    -121.3147
			    506.7912
			    385.2190
			    358.7251
			    350.2181
			    -80.3668
			    499.3986
			    85.5490
			    -61.3370
			    -486.3986
			    -74.5490
			    77.3370
	==================================================================================
	Q5:
		Shape: Ellipse
		q_c:    295.0000    343.0000    273.0000
		ub :    304.7360    348.2883    280.9891
		lb :    285.2640    337.7117    265.0109
		P^-1: 
			    0.0444    -0.0376    -0.0269
			    -0.0376    0.1467    -0.0188
			    -0.0269    -0.0188    0.0629
	==================================================================================
	Q6:
		Shape: Ellipse
		q_c:    266.5000    353.0000    257.5000
		ub :    278.1280    364.2026    263.6316
		lb :    254.8720    341.7974    251.3684
		P^-1: 
			    0.0135    0.0023    -0.0005
			    0.0023    0.0167    -0.0011
			    -0.0005    -0.0011    0.0330


===========================================================================================
===========================================================================================
S6:
	q_c:    172.0000    320.5000    199.5000
	ub :    185.0000    328.0000    205.0000
	lb :    159.0000    313.0000    194.0000

	==================================================================================
	Q1:
		Shape: Hybrid
		q_c:    175.0000    320.5000    197.0000
		ub :    178.4150    324.1176    200.1204
		lb :    171.5850    316.8824    193.8796
		P^-1: 
			    0.3090    0.0484    -0.1091
			    0.0484    0.1403    0.0300
			    -0.1091    0.0300    0.3563
		A:
			    0.8779    -0.1525    -0.4540
			    -0.2809    0.6501    0.7060
			    0.5112    -0.4369    -0.7401
			    -0.0085    -0.6826    -0.7308
			    0.7500    -0.5538    0.3616
			    -0.3122    0.8259    0.4694
		b:
			    16.3427
			    299.5999
			    -195.2786
			    -362.8846
			    27.0031
			    304.2621
	==================================================================================
	Q2:
		Shape: Ellipse
		q_c:    175.0000    322.0000    205.0000
		ub :    178.6759    325.1985    209.8045
		lb :    171.3241    318.8015    200.1955
		P^-1: 
			    0.1532    -0.0318    -0.0155
			    -0.0318    0.3749    -0.1436
			    -0.0155    -0.1436    0.1389
	==================================================================================
	Q3:
		Shape: Ellipse
		q_c:    168.5000    319.0000    206.0000
		ub :    171.6863    322.7985    209.7368
		lb :    165.3137    315.2015    202.2632
		P^-1: 
			    0.3279    -0.0612    -0.1258
			    -0.0612    0.1823    0.0459
			    -0.1258    0.0459    0.2542
	==================================================================================
	Q4:
		Shape: Ellipse
		q_c:    173.5000    314.0000    200.0000
		ub :    176.9255    317.1915    203.4991
		lb :    170.0745    310.8085    196.5009
		P^-1: 
			    0.2361    -0.1228    -0.0279
			    -0.1228    0.3581    0.0450
			    -0.0279    0.0450    0.1702
	==================================================================================
	Q5:
		Shape: Polyhedra
		q_c:    175.5000    324.5000    196.0000
		ub :    178.9835    326.7982    199.4916
		lb :    172.0165    322.2018    192.5084
		A:
			    0.0994    -0.4732    0.8753
			    -0.0965    -0.9027    -0.4193
			    -0.5796    0.7523    -0.3132
			    -0.5538    -0.8156    0.1678
			    -0.1745    0.9843    -0.0265
			    0.6182    -0.7030    0.3515
			    0.7784    0.0225    0.6274
			    -0.5675    0.4523    0.6880
			    -0.2683    -0.8916    0.3648
			    -0.7784    -0.0225    -0.6274
			    0.5675    -0.4523    -0.6880
			    0.2683    0.8916    -0.3648
		b:
			    37.4420
			    -390.1724
			    83.0451
			    -327.2907
			    285.2659
			    -48.6395
			    269.3643
			    184.0166
			    -263.3960
			    -264.3643
			    -180.0166
			    266.3960
	==================================================================================
	Q6:
		Shape: Hybrid
		q_c:    167.5000    324.5000    197.0000
		ub :    169.7566    329.2786    201.7312
		lb :    165.2434    319.7214    192.2688
		P^-1: 
			    0.4301    -0.0573    -0.0414
			    -0.0573    0.1057    -0.0079
			    -0.0414    -0.0079    0.1014
		A:
			    -0.9873    -0.1589    -0.0074
			    0.9157    -0.2199    -0.3363
			    -0.7969    0.4594    0.3924
			    -0.3788    -0.0855    0.9215
			    0.8705    0.3420    0.3539
			    0.3191    0.2465    0.9151
		b:
			    -217.3247
			    16.6846
			    94.1783
			    92.4878
			    328.3023
			    316.3089


===========================================================================================
===========================================================================================
S7:
	q_c:    208.0000    275.5000    107.5000
	ub :    237.0000    295.0000    133.0000
	lb :    179.0000    256.0000    82.0000

	==================================================================================
	Q1:
		Shape: Polyhedra
		q_c:    220.0000    257.5000    91.0000
		ub :    229.5345    266.3772    97.2610
		lb :    210.4655    248.6228    84.7390
		A:
			    0.5868    -0.1658    0.7926
			    0.3063    -0.9157    -0.2601
			    -0.4598    -0.3412    -0.8199
			    0.6186    -0.7112    -0.3340
			    0.7842    -0.6201    -0.0204
			    0.5669    -0.8237    0.0121
			    0.8263    0.5421    0.1526
			    0.4312    -0.4347    -0.7907
			    -0.3623    0.7191    -0.5929
			    -0.8263    -0.5421    -0.1526
			    -0.4312    0.4347    0.7907
			    0.3623    -0.7191    0.5929
		b:
			    164.0653
			    -187.8740
			    -257.5343
			    -73.8722
			    15.4606
			    -82.2277
			    343.2780
			    -86.0098
			    56.0091
			    -327.2780
			    92.0098
			    -47.0091
	==================================================================================
	Q2:
		Shape: Hybrid
		q_c:    204.5000    261.5000    107.0000
		ub :    217.7051    272.1319    116.4905
		lb :    191.2949    250.8681    97.5095
		P^-1: 
			    0.0171    0.0145    0.0274
			    0.0145    0.0554    0.0634
			    0.0274    0.0634    0.1123
		A:
			    -0.3544    -0.1366    -0.9251
			    -0.0476    0.7923    0.6083
			    0.6912    -0.0243    -0.7223
			    0.0977    -0.1279    -0.9870
			    -0.7436    -0.5553    -0.3723
			    0.3205    0.3586    0.8768
		b:
			    -204.3801
			    265.3482
			    65.8483
			    -114.7845
			    -331.2613
			    254.8353
	==================================================================================
	Q3:
		Shape: Ellipse
		q_c:    214.0000    265.5000    88.0000
		ub :    229.0632    280.6880    98.5408
		lb :    198.9368    250.3120    77.4592
		P^-1: 
			    0.0146    0.0064    -0.0038
			    0.0064    0.0135    -0.0047
			    -0.0038    -0.0047    0.0229
	==================================================================================
	Q4:
		Shape: Hybrid
		q_c:    225.0000    269.5000    113.5000
		ub :    235.7435    280.1126    119.2680
		lb :    214.2565    258.8874    107.7320
		P^-1: 
			    0.0224    0.0138    -0.0279
			    0.0138    0.0493    -0.0787
			    -0.0279    -0.0787    0.2142
		A:
			    0.1134    0.0430    -0.9926
			    -0.6215    -0.0676    -0.7805
			    -0.0283    0.1067    -0.9939
			    0.1857    0.8178    -0.5448
			    0.4499    -0.6922    0.5643
			    0.1070    -0.6436    0.7578
		b:
			    -73.4434
			    -241.8919
			    -88.4755
			    203.8114
			    -16.5157
			    -60.7305
	==================================================================================
	Q5:
		Shape: Polyhedra
		q_c:    191.0000    286.0000    87.0000
		ub :    201.7580    296.4461    96.2002
		lb :    180.2420    275.5539    77.7998
		A:
			    0.4953    -0.8637    0.0933
			    -0.4389    -0.2019    -0.8755
			    0.9625    0.2626    0.0683
			    0.9760    -0.0400    0.2140
			    0.1626    0.9102    -0.3808
			    0.6040    -0.5651    -0.5619
			    0.5121    0.8166    0.2662
			    0.8385    -0.5425    0.0512
			    0.1862    0.1970    -0.9626
			    -0.5121    -0.8166    -0.2662
			    -0.8385    0.5425    -0.0512
			    -0.1862    -0.1970    0.9626
		b:
			    -137.0333
			    -210.7973
			    271.6289
			    200.7248
			    265.0114
			    -87.7801
			    360.5283
			    16.9367
			    15.6629
			    -348.5283
			    -1.9367
			    -0.6629
	==================================================================================
	Q6:
		Shape: Polyhedra
		q_c:    204.0000    274.5000    106.5000
		ub :    213.7729    282.8161    111.5362
		lb :    194.2271    266.1839    101.4638
		A:
			    0.0940    -0.3697    -0.9244
			    -0.3257    -0.0628    -0.9434
			    0.5942    0.0746    -0.8009
			    -0.0056    -0.8408    -0.5413
			    -0.4332    0.3843    0.8153
			    0.4900    0.2558    0.8334
			    0.1046    0.3655    0.9249
			    -0.9901    0.1254    0.0624
			    -0.0932    -0.9223    0.3750
			    -0.1046    -0.3655    -0.9249
			    0.9901    -0.1254    -0.0624
			    0.0932    0.9223    -0.3750
		b:
			    -178.1080
			    -180.6523
			    62.9181
			    -285.1118
			    109.0001
			    262.9765
			    222.1588
			    -151.9133
			    -225.2617
			    -218.1588
			    169.9133
			    239.2617


===========================================================================================
===========================================================================================
S8:
	q_c:    357.5000    211.0000    50.0000
	ub :    374.0000    232.0000    67.0000
	lb :    341.0000    190.0000    33.0000

	==================================================================================
	Q1:
		Shape: Polyhedra
		q_c:    367.0000    223.5000    48.0000
		ub :    373.4782    230.8446    55.9954
		lb :    360.5218    216.1554    40.0046
		A:
			    0.8158    -0.5157    -0.2617
			    -0.8908    0.4005    -0.2145
			    -0.6642    0.4920    0.5628
			    -0.0295    0.6393    -0.7684
			    0.4131    -0.8541    0.3161
			    -0.8113    0.5722    0.1197
			    0.4597    0.6138    0.6418
			    -0.7494    0.6559    -0.0905
			    -0.4766    -0.4393    0.7615
			    -0.4597    -0.6138    -0.6418
			    0.7494    -0.6559    0.0905
			    0.4766    0.4393    -0.7615
		b:
			    173.7382
			    -245.0167
			    -103.1649
			    98.7782
			    -21.7251
			    -162.3729
			    344.2052
			    -131.2605
			    -232.5365
			    -329.2052
			    134.2605
			    240.5365
	==================================================================================
	Q2:
		Shape: Hybrid
		q_c:    375.5000    213.0000    56.5000
		ub :    384.9861    221.8668    63.0232
		lb :    366.0139    204.1332    49.9768
		P^-1: 
			    0.0294    -0.0098    -0.0042
			    -0.0098    0.0321    -0.0004
			    -0.0042    -0.0004    0.0482
		A:
			    -0.8374    0.3311    0.4350
			    0.2764    -0.4734    0.8364
			    0.4414    0.0566    0.8955
			    -0.3195    -0.5511    -0.7708
			    0.7322    -0.4261    0.5312
			    -0.0712    0.7010    -0.7096
		b:
			    -216.4785
			    52.7605
			    231.4405
			    -277.3433
			    217.2059
			    85.3260
	==================================================================================
	Q3:
		Shape: Hybrid
		q_c:    363.0000    200.5000    50.0000
		ub :    369.8424    210.4534    59.7636
		lb :    356.1576    190.5466    40.2364
		P^-1: 
			    0.0476    -0.0086    -0.0119
			    -0.0086    0.0274    0.0140
			    -0.0119    0.0140    0.0383
		A:
			    0.9004    -0.0547    0.4315
			    -0.9626    -0.2620    -0.0695
			    0.7059    0.5910    0.3904
			    0.9182    0.1541    -0.3649
			    0.6590    -0.2568    0.7070
			    0.6389    -0.2088    -0.7404
		b:
			    340.9258
			    -402.2014
			    397.9428
			    348.8964
			    227.3227
			    155.3352
	==================================================================================
	Q4:
		Shape: Polyhedra
		q_c:    364.0000    216.0000    49.5000
		ub :    373.3757    225.7852    58.3435
		lb :    354.6243    206.2148    40.6565
		A:
			    -0.3800    0.0905    0.9206
			    0.7395    0.2138    -0.6383
			    0.0081    0.6812    -0.7321
			    0.4997    -0.4028    -0.7668
			    -0.3139    -0.6923    -0.6497
			    0.9174    0.1504    -0.3685
			    0.6165    0.5641    0.5492
			    0.7577    -0.6148    -0.2191
			    0.2141    0.5512    -0.8065
			    -0.6165    -0.5641    -0.5492
			    -0.7577    0.6148    0.2191
			    -0.2141    -0.5512    0.8065
		b:
			    -68.1518
			    288.6404
			    118.3875
			    62.1818
			    -288.7109
			    353.6124
			    380.9565
			    137.1559
			    161.5582
			    -365.9565
			    -127.1559
			    -152.5582
	==================================================================================
	Q5:
		Shape: Polyhedra
		q_c:    357.5000    195.0000    43.0000
		ub :    362.6736    203.9857    51.9257
		lb :    352.3264    186.0143    34.0743
		A:
			    -0.8854    0.3353    0.3220
			    0.7872    -0.5876    -0.1873
			    -0.7937    -0.1259    0.5952
			    0.3089    0.0727    0.9483
			    -0.7510    0.4543    -0.4792
			    -0.0972    0.9924    0.0755
			    0.0409    0.6909    0.7218
			    -0.9342    0.2825    -0.2176
			    -0.3543    -0.6654    0.6571
			    -0.0409    -0.6909    -0.7218
			    0.9342    -0.2825    0.2176
			    0.3543    0.6654    -0.6571
		b:
			    -233.2395
			    162.7834
			    -277.5044
			    170.8718
			    -196.9788
			    167.7319
			    186.3733
			    -285.2522
			    -222.1587
			    -174.3733
			    291.2522
			    234.1587
	==================================================================================
	Q6:
		Shape: Hybrid
		q_c:    359.5000    197.0000    57.5000
		ub :    370.6290    207.6820    65.8538
		lb :    348.3710    186.3180    49.1462
		P^-1: 
			    0.0219    -0.0059    0.0003
			    -0.0059    0.0213    -0.0011
			    0.0003    -0.0011    0.0239
		A:
			    0.1469    -0.9494    0.2774
			    -0.1176    0.9199    -0.3742
			    0.0934    0.1845    -0.9784
			    0.9162    -0.1296    -0.3792
			    -0.1475    0.2961    -0.9437
			    -0.1791    0.7555    -0.6302
		b:
			    -114.5428
			    121.1285
			    17.1446
			    285.7782
			    -45.6041
			    51.6529


===========================================================================================
===========================================================================================
S9:
	q_c:    26.5000    391.5000    104.5000
	ub :    42.0000    408.0000    114.0000
	lb :    11.0000    375.0000    95.0000

	==================================================================================
	Q1:
		Shape: Ellipse
		q_c:    31.0000    390.5000    103.0000
		ub :    38.8617    398.6500    109.4673
		lb :    23.1383    382.3500    96.5327
		P^-1: 
			    0.0371    -0.0034    0.0001
			    -0.0034    0.0359    -0.0001
			    0.0001    -0.0001    0.0331
	==================================================================================
	Q2:
		Shape: Hybrid
		q_c:    19.0000    392.5000    106.5000
		ub :    23.9948    396.3238    111.0059
		lb :    14.0052    388.6762    101.9941
		P^-1: 
			    0.0868    0.0018    0.0507
			    0.0018    0.1964    -0.0497
			    0.0507    -0.0497    0.1892
		A:
			    -0.6956    -0.7183    0.0167
			    0.1945    -0.2925    0.9363
			    -0.0371    0.8330    -0.5520
			    0.5584    0.0823    0.8255
			    0.0268    -0.9631    0.2677
			    -0.0620    0.9843    -0.1654
		b:
			    -291.4412
			    -10.2340
			    268.5302
			    132.1720
			    -347.8288
			    368.7963
	==================================================================================
	Q3:
		Shape: Polyhedra
		q_c:    17.0000    386.0000    104.5000
		ub :    24.6134    392.4855    111.2963
		lb :    9.3866    379.5145    97.7037
		A:
			    0.3271    -0.7473    -0.5784
			    0.6421    -0.7106    -0.2875
			    0.3634    0.5716    0.7357
			    0.2294    0.7052    -0.6709
			    0.1640    -0.6403    -0.7504
			    0.2985    0.6146    -0.7302
			    0.6666    0.5505    0.5025
			    -0.5375    0.8221    -0.1876
			    -0.5164    -0.1451    0.8440
			    -0.6666    -0.5505    -0.5025
			    0.5375    -0.8221    0.1876
			    0.5164    0.1451    -0.8440
		b:
			    -339.1399
			    -289.7827
			    308.9953
			    209.9182
			    -318.2574
			    169.9306
			    281.8489
			    292.0962
			    27.4256
			    -270.8489
			    -285.0962
			    -19.4256
	==================================================================================
	Q4:
		Shape: Ellipse
		q_c:    33.5000    397.0000    103.0000
		ub :    38.3166    403.0654    108.2636
		lb :    28.6834    390.9346    97.7364
		P^-1: 
			    0.0808    -0.0029    -0.0025
			    -0.0029    0.0710    -0.0090
			    -0.0025    -0.0090    0.0739
	==================================================================================
	Q5:
		Shape: Ellipse
		q_c:    18.0000    399.0000    107.5000
		ub :    24.6999    404.7499    111.0601
		lb :    11.3001    393.2501    103.9399
		P^-1: 
			    0.0881    0.0034    -0.1351
			    0.0034    0.0622    -0.0355
			    -0.1351    -0.0355    0.3897
	==================================================================================
	Q6:
		Shape: Hybrid
		q_c:    32.5000    392.5000    107.5000
		ub :    38.8188    398.1708    112.4783
		lb :    26.1812    386.8292    102.5217
		P^-1: 
			    0.0734    -0.0350    0.0015
			    -0.0350    0.0775    -0.0062
			    0.0015    -0.0062    0.0627
		A:
			    -0.3029    -0.9010    -0.3106
			    0.2838    0.8659    -0.4120
			    -0.3829    0.7161    0.5836
			    0.2410    -0.7665    -0.5952
			    0.3426    -0.9349    0.0923
			    -0.5519    -0.6619    0.5073
		b:
			    -393.7063
			    307.6915
			    333.5133
			    -354.6809
			    -344.0299
			    -220.0943


===========================================================================================
===========================================================================================
S10:
	q_c:    488.0000    356.0000    250.0000
	ub :    505.0000    373.0000    262.0000
	lb :    471.0000    339.0000    238.0000

	==================================================================================
	Q1:
		Shape: Hybrid
		q_c:    502.0000    355.5000    249.5000
		ub :    511.3602    362.2909    259.9560
		lb :    492.6398    348.7091    239.0440
		P^-1: 
			    0.0620    -0.0603    0.0095
			    -0.0603    0.1222    -0.0043
			    0.0095    -0.0043    0.0175
		A:
			    0.3171    -0.8073    -0.4977
			    -0.1665    -0.5007    -0.8495
			    -0.2189    0.9458    -0.2400
			    -0.9239    -0.0636    -0.3772
			    -0.8426    0.5356    0.0557
			    -0.0973    0.3624    0.9269
		b:
			    -248.5246
			    -468.0293
			    168.8997
			    -576.3096
			    -215.9983
			    317.4430
	==================================================================================
	Q2:
		Shape: Ellipse
		q_c:    480.5000    353.5000    236.5000
		ub :    490.7486    361.8974    247.5319
		lb :    470.2514    345.1026    225.4681
		P^-1: 
			    0.0368    0.0107    0.0111
			    0.0107    0.0309    0.0043
			    0.0111    0.0043    0.0192
	==================================================================================
	Q3:
		Shape: Polyhedra
		q_c:    476.5000    363.5000    241.0000
		ub :    486.3919    370.7359    248.1846
		lb :    466.6081    356.2641    233.8154
		A:
			    -0.0733    -0.8447    0.5301
			    -0.8879    -0.4367    -0.1448
			    -0.1515    -0.6504    0.7443
			    0.4002    -0.6926    0.6001
			    -0.1342    -0.0243    -0.9907
			    0.4535    -0.6534    -0.6061
			    0.0001    0.7395    0.6731
			    0.9827    0.1246    -0.1371
			    -0.1853    0.6615    -0.7267
			    -0.0001    -0.7395    -0.6731
			    -0.9827    -0.1246    0.1371
			    0.1853    -0.6615    0.7267
		b:
			    -210.2889
			    -607.7840
			    -125.0050
			    87.2003
			    -307.1770
			    -161.0175
			    436.5929
			    490.0168
			    -19.9785
			    -425.5929
			    -471.0168
			    25.9785
	==================================================================================
	Q4:
		Shape: Polyhedra
		q_c:    484.5000    363.0000    251.5000
		ub :    494.8069    368.7973    262.5468
		lb :    474.1931    357.2027    240.4532
		A:
			    0.7457    -0.6324    0.2098
			    -0.7633    0.6227    -0.1718
			    0.8303    -0.5334    0.1614
			    0.3436    -0.7381    0.5807
			    -0.6989    0.6684    -0.2545
			    0.5971    -0.3104    0.7397
			    0.8133    0.2523    0.5243
			    -0.5404    -0.0061    0.8414
			    0.2155    -0.9676    0.1313
			    -0.8133    -0.2523    -0.5243
			    0.5404    0.0061    -0.8414
			    -0.2155    0.9676    -0.1313
		b:
			    189.6505
			    -181.7524
			    254.7049
			    49.8454
			    -155.0667
			    368.3079
			    622.9920
			    -43.4611
			    -209.3058
			    -611.9920
			    61.4611
			    218.3058
	==================================================================================
	Q5:
		Shape: Hybrid
		q_c:    498.0000    365.5000    254.0000
		ub :    504.3888    373.0563    261.8855
		lb :    491.6112    357.9437    246.1145
		P^-1: 
			    0.0680    0.0294    0.0187
			    0.0294    0.0670    0.0232
			    0.0187    0.0232    0.0492
		A:
			    0.6287    0.7608    0.1611
			    0.8590    0.2706    0.4347
			    0.1448    0.9695    0.1978
			    0.9297    -0.0113    0.3682
			    0.2176    0.9099    0.3532
			    0.7454    0.2428    0.6208
		b:
			    633.8567
			    639.0893
			    479.1677
			    555.0310
			    532.7720
			    619.7581
	==================================================================================
	Q6:
		Shape: Hybrid
		q_c:    497.0000    363.0000    251.5000
		ub :    504.6763    366.3409    259.5287
		lb :    489.3237    359.6591    243.4713
		P^-1: 
			    0.0443    0.0055    -0.0229
			    0.0055    0.4202    -0.0956
			    -0.0229    -0.0956    0.0629
		A:
			    0.0602    -0.9865    0.1525
			    0.6133    -0.7746    0.1548
			    0.3565    0.8185    -0.4505
			    -0.9129    0.4081    0.0045
			    0.1487    -0.4223    0.8942
			    -0.5573    -0.7822    0.2785
		b:
			    -288.9670
			    65.3817
			    362.3893
			    -300.3668
			    149.8229
			    -488.6017


===========================================================================================
===========================================================================================
S11:
	q_c:    165.5000    307.5000    389.5000
	ub :    193.0000    321.0000    406.0000
	lb :    138.0000    294.0000    373.0000

	==================================================================================
	Q1:
		Shape: Polyhedra
		q_c:    154.0000    306.5000    377.0000
		ub :    162.0910    317.9732    384.1903
		lb :    145.9090    295.0268    369.8097
		A:
			    0.5874    0.0473    0.8079
			    0.7245    -0.1213    0.6785
			    -0.7265    0.2231    -0.6499
			    -0.6592    0.0059    -0.7519
			    -0.7832    0.2576    -0.5659
			    -0.8540    0.2953    -0.4283
			    0.6499    0.0197    0.7597
			    -0.5999    0.6271    0.4969
			    -0.4667    -0.7787    0.4194
			    -0.6499    -0.0197    -0.7597
			    0.5999    -0.6271    -0.4969
			    0.4667    0.7787    -0.4194
		b:
			    410.2115
			    331.1790
			    -286.8642
			    -382.6702
			    -253.3101
			    -200.4810
			    393.0419
			    291.1646
			    -140.9291
			    -392.0419
			    -283.1646
			    163.9291
	==================================================================================
	Q2:
		Shape: Hybrid
		q_c:    164.0000    318.0000    398.0000
		ub :    175.7257    329.2020    407.1636
		lb :    152.2743    306.7980    388.8364
		P^-1: 
			    0.0147    0.0016    -0.0017
			    0.0016    0.0174    -0.0008
			    -0.0017    -0.0008    0.0232
		A:
			    -0.5218    0.8497    -0.0759
			    -0.3696    0.2501    -0.8949
			    0.6139    -0.5924    0.5217
			    -0.3462    0.5090    0.7881
			    -0.7973    -0.2941    0.5271
			    0.4236    0.6718    0.6076
		b:
			    159.3321
			    -333.3060
			    124.7446
			    422.6649
			    -10.4274
			    529.1138
	==================================================================================
	Q3:
		Shape: Polyhedra
		q_c:    155.5000    301.0000    380.5000
		ub :    165.1370    310.5893    388.4518
		lb :    145.8630    291.4107    372.5482
		A:
			    0.4949    -0.4702    -0.7307
			    0.7551    -0.4914    -0.4341
			    -0.7248    -0.4808    0.4934
			    -0.5428    0.8310    -0.1216
			    -0.9668    0.1351    0.2170
			    -0.3145    0.5734    0.7565
			    0.1231    0.1155    0.9856
			    -0.7099    0.7043    0.0061
			    -0.6935    -0.7004    0.1687
			    -0.1231    -0.1155    -0.9856
			    0.7099    -0.7043    -0.0061
			    0.6935    0.7004    -0.1687
		b:
			    -335.8797
			    -189.1111
			    -63.5380
			    125.9745
			    -20.7951
			    418.3411
			    435.9574
			    110.4403
			    -248.4670
			    -421.9574
			    -97.4403
			    260.4670
	==================================================================================
	Q4:
		Shape: Ellipse
		q_c:    175.5000    296.0000    401.0000
		ub :    181.1389    301.1876    407.3422
		lb :    169.8611    290.8124    394.6578
		P^-1: 
			    0.1274    0.0004    -0.0496
			    0.0004    0.1066    0.0283
			    -0.0496    0.0283    0.0702
	==================================================================================
	Q5:
		Shape: Hybrid
		q_c:    158.5000    307.5000    405.5000
		ub :    167.7827    316.1118    415.0775
		lb :    149.2173    298.8882    395.9225
		P^-1: 
			    0.0922    0.1083    0.0294
			    0.1083    0.1593    0.0399
			    0.0294    0.0399    0.0232
		A:
			    0.7089    0.6018    0.3679
			    -0.1817    -0.2605    0.9482
			    -0.6536    -0.7562    -0.0328
			    0.5892    0.8063    -0.0518
			    0.1519    0.9392    0.3079
			    0.3652    0.8841    0.2914
		b:
			    448.7062
			    283.5415
			    -347.7720
			    322.3908
			    441.1669
			    449.8774
	==================================================================================
	Q6:
		Shape: Ellipse
		q_c:    171.0000    318.5000    386.0000
		ub :    177.6111    328.0669    393.8266
		lb :    164.3889    308.9331    378.1734
		P^-1: 
			    0.0454    -0.0120    -0.0259
			    -0.0120    0.0266    0.0303
			    -0.0259    0.0303    0.0859


===========================================================================================
===========================================================================================
S12:
	q_c:    365.5000    299.0000    227.5000
	ub :    382.0000    313.0000    237.0000
	lb :    349.0000    285.0000    218.0000

	==================================================================================
	Q1:
		Shape: Polyhedra
		q_c:    361.5000    296.0000    225.0000
		ub :    365.5907    300.9408    228.8514
		lb :    357.4093    291.0592    221.1486
		A:
			    0.4193    -0.0152    -0.9077
			    -0.9699    -0.1417    0.1982
			    -0.7793    -0.0143    -0.6265
			    0.4425    0.1913    0.8761
			    -0.1250    0.3349    -0.9339
			    -0.7463    -0.4024    -0.5302
			    0.4107    0.1857    0.8926
			    -0.2738    -0.9087    0.3150
			    0.8697    -0.3738    -0.3224
			    -0.4107    -0.1857    -0.8926
			    0.2738    0.9087    -0.3150
			    -0.8697    0.3738    0.3224
		b:
			    -54.5799
			    -345.1155
			    -424.7754
			    415.7094
			    -153.3723
			    -505.7041
			    406.2945
			    -293.0688
			    133.7225
			    -402.2945
			    301.0688
			    -128.7225
	==================================================================================
	Q2:
		Shape: Polyhedra
		q_c:    356.0000    297.0000    228.0000
		ub :    361.2854    302.7132    234.1652
		lb :    350.7146    291.2868    221.8348
		A:
			    -0.2847    0.2496    0.9256
			    -0.4381    0.8205    0.3672
			    0.6694    0.6312    -0.3918
			    -0.6456    0.1436    0.7500
			    0.5579    -0.0732    -0.8267
			    -0.5592    -0.6228    0.5472
			    0.4314    0.5393    0.7232
			    -0.8627    0.0122    0.5055
			    0.2638    -0.8420    0.4705
			    -0.4314    -0.5393    -0.7232
			    0.8627    -0.0122    -0.5055
			    -0.2638    0.8420    -0.4705
		b:
			    187.0680
			    175.2553
			    339.9987
			    -13.1209
			    -8.4824
			    -255.5633
			    482.1460
			    -185.2514
			    -44.3720
			    -475.1460
			    191.2514
			    53.3720
	==================================================================================
	Q3:
		Shape: Hybrid
		q_c:    364.5000    297.0000    220.5000
		ub :    369.6413    303.8692    227.3261
		lb :    359.3587    290.1308    213.6739
		P^-1: 
			    0.0994    -0.0210    -0.0198
			    -0.0210    0.0732    -0.0358
			    -0.0198    -0.0358    0.0774
		A:
			    0.3108    0.1101    -0.9441
			    0.5116    -0.1726    0.8417
			    0.5870    -0.8069    0.0663
			    0.0300    -0.1782    0.9835
			    0.4451    0.1822    -0.8767
			    -0.2976    -0.8777    0.3755
		b:
			    -59.9960
			    323.6553
			    -9.2303
			    177.4276
			    24.8518
			    -284.0203
	==================================================================================
	Q4:
		Shape: Polyhedra
		q_c:    358.5000    292.0000    232.0000
		ub :    363.9075    298.0685    238.6777
		lb :    353.0925    285.9315    225.3223
		A:
			    -0.2809    0.3170    -0.9059
			    -0.2894    0.9353    -0.2034
			    0.9821    0.1603    0.0994
			    -0.6546    0.3994    0.6419
			    0.2860    0.8064    0.5176
			    0.5066    0.0934    0.8571
			    0.1585    0.8546    0.4945
			    0.8578    0.1288    -0.4976
			    -0.4889    0.5030    -0.7127
			    -0.1585    -0.8546    -0.4945
			    -0.8578    -0.1288    0.4976
			    0.4889    -0.5030    0.7127
		b:
			    -213.9214
			    126.4718
			    425.4369
			    34.2305
			    462.0743
			    412.0663
			    425.0781
			    232.7071
			    -189.2475
			    -417.0781
			    -226.7071
			    198.2475
	==================================================================================
	Q5:
		Shape: Ellipse
		q_c:    369.5000    304.0000    222.5000
		ub :    374.7974    308.1105    227.0076
		lb :    364.2026    299.8895    217.9924
		P^-1: 
			    0.0700    -0.0109    -0.0137
			    -0.0109    0.1082    -0.0036
			    -0.0137    -0.0036    0.1065
	==================================================================================
	Q6:
		Shape: Ellipse
		q_c:    371.5000    308.5000    221.5000
		ub :    376.1668    312.0650    225.5171
		lb :    366.8332    304.9350    217.4829
		P^-1: 
			    0.0659    -0.0031    0.0177
			    -0.0031    0.3053    -0.1653
			    0.0177    -0.1653    0.2468


===========================================================================================
===========================================================================================
S13:
	q_c:    78.5000    468.5000    445.5000
	ub :    98.0000    483.0000    461.0000
	lb :    59.0000    454.0000    430.0000

	==================================================================================
	Q1:
		Shape: Hybrid
		q_c:    65.0000    473.5000    432.0000
		ub :    70.4742    483.3995    440.2595
		lb :    59.5258    463.6005    423.7405
		P^-1: 
			    0.0717    0.0049    0.0083
			    0.0049    0.0234    0.0216
			    0.0083    0.0216    0.0629
		A:
			    -0.3772    -0.1630    -0.9117
			    -0.2114    0.8222    0.5285
			    0.2128    -0.6205    -0.7548
			    0.9254    -0.2617    0.2741
			    0.0877    0.5946    0.7992
			    -0.9377    0.3437    -0.0508
		b:
			    -493.3279
			    607.7892
			    -603.4239
			    57.5280
			    634.8340
			    82.8005
	==================================================================================
	Q2:
		Shape: Ellipse
		q_c:    71.5000    475.5000    445.0000
		ub :    79.3571    484.9148    454.3420
		lb :    63.6429    466.0852    435.6580
		P^-1: 
			    0.0361    -0.0042    -0.0039
			    -0.0042    0.0327    -0.0007
			    -0.0039    -0.0007    0.0320
	==================================================================================
	Q3:
		Shape: Hybrid
		q_c:    68.5000    474.5000    449.0000
		ub :    77.6334    482.4906    456.6242
		lb :    59.3666    466.5094    441.3758
		P^-1: 
			    0.0370    0.0126    0.0375
			    0.0126    0.0359    0.0134
			    0.0375    0.0134    0.0868
		A:
			    0.0435    -0.2961    0.9542
			    -0.6934    -0.6403    -0.3303
			    -0.6832    0.0422    -0.7290
			    0.3774    -0.5927    0.7116
			    0.4588    0.4167    -0.7848
			    -0.2420    0.9420    0.2325
		b:
			    293.9294
			    -496.5531
			    -351.7391
			    67.3697
			    -118.3664
			    539.5168
	==================================================================================
	Q4:
		Shape: Polyhedra
		q_c:    86.0000    456.5000    448.0000
		ub :    98.2259    468.2903    458.0294
		lb :    73.7741    444.7097    437.9706
		A:
			    -0.0711    0.7826    -0.6184
			    0.8833    0.3041    -0.3568
			    0.1190    0.7762    -0.6192
			    0.9847    0.0770    -0.1563
			    0.4402    0.7121    -0.5469
			    0.4335    0.9011    -0.0061
			    0.9857    0.0878    0.1441
			    -0.1098    -0.3152    0.9427
			    0.1282    -0.9449    -0.3011
			    -0.9857    -0.0878    -0.1441
			    0.1098    0.3152    -0.9427
			    -0.1282    0.9449    0.3011
		b:
			    81.4498
			    64.3727
			    94.3710
			    60.0345
			    125.7025
			    455.3452
			    199.9248
			    274.9725
			    -545.7155
			    -178.9248
			    -262.9725
			    564.7155
	==================================================================================
	Q5:
		Shape: Polyhedra
		q_c:    82.5000    476.0000    456.0000
		ub :    91.6997    484.4045    463.5191
		lb :    73.3003    467.5955    448.4809
		A:
			    0.9331    -0.3577    -0.0364
			    -0.6477    -0.5900    -0.4821
			    0.6436    -0.5667    -0.5145
			    -0.4077    -0.8975    -0.1679
			    -0.8624    0.3109    -0.3996
			    0.7200    0.4134    0.5574
			    0.5924    0.2663    0.7604
			    -0.4609    0.8861    0.0487
			    -0.6608    -0.3793    0.6476
			    -0.5924    -0.2663    -0.7604
			    0.4609    -0.8861    -0.0487
			    0.6608    0.3793    -0.6476
		b:
			    -104.3201
			    -549.6525
			    -445.4650
			    -532.1382
			    -100.5974
			    514.6222
			    526.3776
			    411.4667
			    66.7569
			    -518.3776
			    -400.4667
			    -53.7569
	==================================================================================
	Q6:
		Shape: Hybrid
		q_c:    65.0000    450.0000    451.0000
		ub :    74.1916    459.0471    456.9624
		lb :    55.8084    440.9529    445.0376
		P^-1: 
			    0.0342    0.0081    0.0158
			    0.0081    0.0304    0.0086
			    0.0158    0.0086    0.0738
		A:
			    -0.1422    0.6019    0.7858
			    0.3129    -0.9013    0.2995
			    0.9023    0.1373    -0.4087
			    -0.6818    -0.3581    -0.6380
			    0.1758    -0.3752    -0.9101
			    0.3463    -0.1333    0.9286
		b:
			    619.0682
			    -245.7824
			    -59.8286
			    -490.8811
			    -565.1681
			    383.4377


===========================================================================================
===========================================================================================
S14:
	q_c:    175.0000    445.5000    460.0000
	ub :    197.0000    462.0000    487.0000
	lb :    153.0000    429.0000    433.0000

	==================================================================================
	Q1:
		Shape: Hybrid
		q_c:    162.5000    447.5000    469.5000
		ub :    170.8941    454.4525    477.6226
		lb :    154.1059    440.5475    461.3774
		P^-1: 
			    0.0294    0.0242    0.0138
			    0.0242    0.1246    0.0554
			    0.0138    0.0554    0.0501
		A:
			    -0.5080    -0.5832    -0.6339
			    0.1907    -0.9645    -0.1828
			    -0.3884    0.6789    0.6230
			    -0.4483    -0.5424    -0.7105
			    0.3362    0.9158    -0.2196
			    -0.2437    0.0958    -0.9651
		b:
			    -638.7560
			    -483.8165
			    536.5006
			    -646.6052
			    365.0350
			    -444.7194
	==================================================================================
	Q2:
		Shape: Polyhedra
		q_c:    188.0000    437.0000    455.5000
		ub :    200.5181    450.6750    468.4268
		lb :    175.4819    423.3250    442.5732
		A:
			    0.9769    0.1392    -0.1619
			    -0.8915    -0.3951    -0.2218
			    0.7592    -0.0478    0.6492
			    0.7093    0.7049    0.0077
			    0.9035    0.0588    0.4245
			    0.6751    0.1288    -0.7263
			    0.3995    0.6928    0.6004
			    -0.8091    0.5744    -0.1244
			    -0.4310    -0.4361    0.7900
			    -0.3995    -0.6928    -0.6004
			    0.8091    -0.5744    0.1244
			    0.4310    0.4361    -0.7900
		b:
			    178.4344
			    -432.9654
			    425.2764
			    453.6327
			    396.5785
			    -139.3833
			    660.3233
			    48.7243
			    96.7516
			    -642.3233
			    -35.7243
			    -79.7516
	==================================================================================
	Q3:
		Shape: Hybrid
		q_c:    169.5000    440.5000    470.0000
		ub :    179.7248    448.0558    482.0181
		lb :    159.2752    432.9442    457.9819
		P^-1: 
			    0.0200    -0.0035    -0.0021
			    -0.0035    0.0384    -0.0054
			    -0.0021    -0.0054    0.0131
		A:
			    -0.6427    -0.7631    0.0674
			    0.3958    -0.2624    -0.8801
			    0.8346    0.4166    0.3605
			    -0.7135    0.5450    0.4403
			    -0.7640    0.5143    -0.3896
			    0.7919    0.5627    -0.2372
		b:
			    -409.4278
			    -456.1377
			    500.0666
			    330.3072
			    -81.6726
			    274.8091
	==================================================================================
	Q4:
		Shape: Ellipse
		q_c:    186.0000    460.0000    464.0000
		ub :    193.9068    468.2799    473.4325
		lb :    178.0932    451.7201    454.5675
		P^-1: 
			    0.0794    -0.0565    0.0325
			    -0.0565    0.0823    -0.0391
			    0.0325    -0.0391    0.0464
	==================================================================================
	Q5:
		Shape: Polyhedra
		q_c:    169.0000    449.0000    459.5000
		ub :    176.1994    457.5004    467.1468
		lb :    161.8006    440.4996    451.8532
		A:
			    -0.6754    -0.5364    0.5061
			    -0.6301    0.7614    -0.1527
			    0.0120    0.3033    -0.9528
			    0.2407    -0.2598    0.9352
			    -0.8261    0.0582    0.5605
			    0.2539    0.8310    -0.4950
			    0.4271    0.7257    0.5394
			    0.6823    0.1328    -0.7189
			    -0.5934    0.6751    -0.4384
			    -0.4271    -0.7257    -0.5394
			    -0.6823    -0.1328    0.7189
			    0.5934    -0.6751    0.4384
		b:
			    -118.4728
			    168.9720
			    -295.9586
			    358.1726
			    146.6776
			    193.0318
			    653.8691
			    -152.9137
			    4.8937
			    -637.8691
			    157.9137
			    2.1063
	==================================================================================
	Q6:
		Shape: Hybrid
		q_c:    189.0000    431.0000    462.0000
		ub :    198.5684    443.4164    473.7364
		lb :    179.4316    418.5836    450.2636
		P^-1: 
			    0.0252    0.0048    -0.0024
			    0.0048    0.0158    -0.0014
			    -0.0024    -0.0014    0.0129
		A:
			    0.3420    -0.3494    -0.8723
			    0.0585    -0.0573    -0.9966
			    -0.1638    -0.9261    -0.3400
			    -0.6755    0.6560    0.3367
			    0.4695    0.6202    0.6284
			    0.4304    0.8951    0.1163
		b:
			    -483.2945
			    -468.2196
			    -581.8913
			    315.8916
			    651.5559
			    525.2863


===========================================================================================
===========================================================================================
S15:
	q_c:    412.5000    11.0000    477.5000
	ub :    435.0000    15.0000    490.0000
	lb :    390.0000    7.0000    465.0000

	==================================================================================
	Q1:
		Shape: Ellipse
		q_c:    414.0000    10.0000    480.0000
		ub :    415.8663    10.9682    481.8162
		lb :    412.1337    9.0318    478.1838
		P^-1: 
			    0.9690    -0.8841    -0.5182
			    -0.8841    3.4986    0.6941
			    -0.5182    0.6941    0.9768
	==================================================================================
	Q2:
		Shape: Ellipse
		q_c:    412.0000    8.0000    480.0000
		ub :    414.6999    10.6549    482.4918
		lb :    409.3001    5.3451    477.5082
		P^-1: 
			    0.6330    -0.3184    0.1397
			    -0.3184    0.4237    -0.2248
			    0.1397    -0.2248    0.5477
	==================================================================================
	Q3:
		Shape: Ellipse
		q_c:    413.5000    12.0000    476.0000
		ub :    416.5651    14.8906    478.1563
		lb :    410.4349    9.1094    473.8437
		P^-1: 
			    0.2613    0.0032    -0.0453
			    0.0032    0.2509    -0.0130
			    -0.0453    -0.0130    0.4322
	==================================================================================
	Q4:
		Shape: Ellipse
		q_c:    417.0000    12.5000    479.0000
		ub :    419.5617    14.6764    481.3787
		lb :    414.4383    10.3236    476.6213
		P^-1: 
			    0.4444    0.0000    0.0000
			    0.0000    0.4444    0.0000
			    0.0000    0.0000    0.4444
	==================================================================================
	Q5:
		Shape: Polyhedra
		q_c:    416.0000    14.0000    475.5000
		ub :    417.9243    16.6234    478.1813
		lb :    414.0757    11.3766    472.8187
		A:
			    -0.3433    -0.9138    -0.2170
			    0.4638    -0.2183    0.8586
			    0.2998    0.9475    0.1111
			    -0.5733    0.3931    0.7189
			    0.1713    -0.7106    -0.6824
			    -0.8304    0.4163    -0.3702
			    0.7204    0.4730    0.5072
			    -0.6892    0.5697    0.4477
			    -0.0772    -0.6721    0.7364
			    -0.7204    -0.4730    -0.5072
			    0.6892    -0.5697    -0.4477
			    0.0772    0.6721    -0.7364
		b:
			    -257.2151
			    599.9617
			    192.4141
			    110.0053
			    -262.0034
			    -514.2182
			    548.9900
			    -64.8766
			    310.6539
			    -545.9900
			    66.8766
			    -306.6539
	==================================================================================
	Q6:
		Shape: Hybrid
		q_c:    414.5000    12.0000    475.0000
		ub :    417.6363    15.0524    477.8477
		lb :    411.3637    8.9476    472.1523
		P^-1: 
			    0.3286    0.0275    -0.0914
			    0.0275    0.2596    -0.0320
			    -0.0914    -0.0320    0.3562
		A:
			    -0.0545    -0.9907    -0.1245
			    -0.9044    0.1636    -0.3941
			    0.7027    -0.6311    -0.3285
			    -0.0367    -0.0578    0.9977
			    -0.5090    0.1177    -0.8527
			    0.8734    0.4498    -0.1865
		b:
			    -92.3632
			    -558.8848
			    128.7775
			    458.9583
			    -613.3892
			    279.8013


===========================================================================================
===========================================================================================
S16:
	q_c:    20.0000    432.5000    369.5000
	ub :    36.0000    458.0000    395.0000
	lb :    4.0000    407.0000    344.0000

	==================================================================================
	Q1:
		Shape: Hybrid
		q_c:    39.5000    438.0000    372.0000
		ub :    49.6738    446.8061    377.7486
		lb :    29.3262    429.1939    366.2514
		P^-1: 
			    0.0238    0.0174    -0.0101
			    0.0174    0.0456    -0.0087
			    -0.0101    -0.0087    0.0754
		A:
			    -0.6954    0.1436    -0.7041
			    0.1161    0.1942    -0.9741
			    -0.8226    0.3833    0.4200
			    0.8435    -0.3389    -0.4168
			    -0.1290    0.4919    0.8610
			    0.5464    -0.0907    -0.8326
		b:
			    -221.4426
			    -270.8628
			    297.4755
			    -264.3285
			    533.4879
			    -324.6060
	==================================================================================
	Q2:
		Shape: Polyhedra
		q_c:    19.0000    424.5000    376.0000
		ub :    24.9803    430.1429    381.6622
		lb :    13.0197    418.8571    370.3378
		A:
			    0.2528    -0.7759    -0.5780
			    -0.5051    -0.2861    0.8143
			    0.5309    0.7113    -0.4607
			    0.8949    0.4461    0.0104
			    -0.8690    -0.2956    0.3969
			    0.1363    0.9829    -0.1235
			    0.6600    0.7496    0.0503
			    0.4485    -0.3394    -0.8268
			    -0.6027    0.5683    -0.5602
			    -0.6600    -0.7496    -0.0503
			    -0.4485    0.3394    0.8268
			    0.6027    -0.5683    0.5602
		b:
			    -538.7951
			    178.2636
			    141.5771
			    212.8022
			    9.7743
			    376.8537
			    351.6569
			    -443.4420
			    24.6536
			    -347.6569
			    449.4420
			    -13.6536
	==================================================================================
	Q3:
		Shape: Polyhedra
		q_c:    34.5000    440.5000    386.0000
		ub :    41.8101    448.1801    393.5273
		lb :    27.1899    432.8199    378.4727
		A:
			    0.8139    0.3997    0.4217
			    0.2454    -0.7966    -0.5524
			    0.2356    0.8536    0.4645
			    0.2303    0.3877    0.8925
			    0.4951    0.1645    0.8531
			    0.0676    0.9910    0.1155
			    0.0330    0.7070    0.7065
			    0.2783    0.6724    -0.6859
			    -0.9599    0.2192    -0.1746
			    -0.0330    -0.7070    -0.7065
			    -0.2783    -0.6724    0.6859
			    0.9599    -0.2192    0.1746
		b:
			    371.6358
			    -552.6871
			    566.7795
			    526.6998
			    423.2524
			    488.1867
			    587.7565
			    48.0594
			    1.5722
			    -582.7565
			    -34.0594
			    9.4278
	==================================================================================
	Q4:
		Shape: Polyhedra
		q_c:    21.0000    425.5000    383.5000
		ub :    29.0020    430.1721    391.2945
		lb :    12.9980    420.8279    375.7055
		A:
			    -0.1541    -0.9805    0.1219
			    -0.2901    0.7820    -0.5517
			    0.8845    -0.4594    -0.0811
			    0.0018    0.9971    0.0757
			    0.3264    -0.8539    0.4053
			    0.2091    0.0799    -0.9746
			    0.7761    0.3085    0.5501
			    -0.1301    0.9317    -0.3390
			    -0.6171    0.1915    0.7632
			    -0.7761    -0.3085    -0.5501
			    0.1301    -0.9317    0.3390
			    0.6171    -0.1915    -0.7632
		b:
			    -370.8489
			    117.6837
			    -203.2738
			    456.3789
			    -198.7196
			    -330.5477
			    364.5071
			    265.7166
			    366.2336
			    -352.5071
			    -261.7166
			    -356.2336
	==================================================================================
	Q5:
		Shape: Polyhedra
		q_c:    17.0000    430.0000    372.0000
		ub :    24.1622    436.7170    379.0098
		lb :    9.8378    423.2830    364.9902
		A:
			    -0.6423    -0.1361    0.7543
			    -0.0939    -0.7618    0.6410
			    -0.4089    0.9034    0.1290
			    -0.5989    0.5269    0.6031
			    0.1560    0.9395    0.3049
			    0.4415    0.2111    -0.8721
			    0.7591    0.5646    0.3239
			    0.4170    -0.8039    0.4241
			    0.4999    -0.1869    -0.8457
			    -0.7591    -0.5646    -0.3239
			    -0.4170    0.8039    -0.4241
			    -0.4999    0.1869    0.8457
		b:
			    215.5995
			    -86.2800
			    433.9890
			    445.2240
			    524.3028
			    -221.6692
			    380.1901
			    -176.3431
			    -381.9580
			    -372.1901
			    185.3431
			    390.9580
	==================================================================================
	Q6:
		Shape: Hybrid
		q_c:    22.0000    439.0000    370.5000
		ub :    31.5406    448.9905    379.4816
		lb :    12.4594    429.0095    361.5184
		P^-1: 
			    0.0163    0.0027    0.0009
			    0.0027    0.0263    0.0015
			    0.0009    0.0015    0.0245
		A:
			    0.7766    0.5850    0.2340
			    0.0723    0.9889    -0.1301
			    0.2531    0.2115    0.9441
			    -0.2150    -0.1208    -0.9691
			    -0.4423    -0.0915    -0.8922
			    0.2183    0.9626    -0.1603
		b:
			    364.3749
			    390.6996
			    451.4843
			    -413.4650
			    -376.9170
			    371.1752


===========================================================================================
===========================================================================================
S17:
	q_c:    511.0000    299.0000    237.0000
	ub :    533.0000    324.0000    263.0000
	lb :    489.0000    274.0000    211.0000

	==================================================================================
	Q1:
		Shape: Hybrid
		q_c:    497.0000    319.5000    246.5000
		ub :    502.2373    330.0595    257.5423
		lb :    491.7627    308.9405    235.4577
		P^-1: 
			    0.0783    -0.0096    0.0034
			    -0.0096    0.0358    -0.0207
			    0.0034    -0.0207    0.0269
		A:
			    -0.9438    0.0531    -0.3263
			    -0.8586    0.5127    -0.0017
			    -0.3571    -0.4490    -0.8191
			    -0.4575    0.7420    0.4900
			    0.1968    -0.8470    0.4939
			    0.5228    -0.7678    0.3705
		b:
			    -529.9613
			    -260.6972
			    -515.1441
			    137.1948
			    -48.3133
			    108.3444
	==================================================================================
	Q2:
		Shape: Hybrid
		q_c:    510.0000    276.5000    254.0000
		ub :    524.2181    285.0156    267.3440
		lb :    495.7819    267.9844    240.6560
		P^-1: 
			    0.0104    -0.0012    -0.0005
			    -0.0012    0.0203    -0.0000
			    -0.0005    -0.0000    0.0108
		A:
			    0.1205    -0.7313    0.6714
			    0.7589    0.2079    0.6171
			    0.6830    0.7227    -0.1056
			    0.2764    0.7505    0.6003
			    0.9438    0.2917    -0.1553
			    -0.2287    -0.5335    -0.8143
		b:
			    34.6003
			    607.7311
			    526.6193
			    505.9853
			    528.7705
			    -465.2900
	==================================================================================
	Q3:
		Shape: Ellipse
		q_c:    497.0000    302.5000    232.0000
		ub :    513.2422    314.5508    245.0705
		lb :    480.7578    290.4492    218.9295
		P^-1: 
			    0.0051    -0.0005    0.0016
			    -0.0005    0.0208    0.0078
			    0.0016    0.0078    0.0190
	==================================================================================
	Q4:
		Shape: Polyhedra
		q_c:    514.5000    295.5000    234.0000
		ub :    526.1100    302.8019    244.7425
		lb :    502.8900    288.1981    223.2575
		A:
			    -0.2768    -0.8214    0.4988
			    -0.7428    -0.6108    0.2741
			    0.2810    0.1104    -0.9533
			    -0.6902    -0.7200    -0.0728
			    0.5459    -0.6889    -0.4769
			    -0.7044    -0.7096    0.0171
			    0.3942    0.0478    0.9178
			    -0.8948    0.2476    0.3714
			    -0.2095    -0.9677    0.1404
			    -0.3942    -0.0478    -0.9178
			    0.8948    -0.2476    -0.3714
			    0.2095    0.9677    -0.1404
		b:
			    -262.8969
			    -491.9646
			    -38.2375
			    -578.7730
			    -26.5445
			    -561.9506
			    439.2040
			    -291.8025
			    -355.8830
			    -424.2040
			    308.8025
			    365.8830
	==================================================================================
	Q5:
		Shape: Ellipse
		q_c:    526.0000    314.0000    252.0000
		ub :    540.0199    326.7304    266.0319
		lb :    511.9801    301.2696    237.9681
		P^-1: 
			    0.0137    0.0004    -0.0018
			    0.0004    0.0103    0.0006
			    -0.0018    0.0006    0.0140
	==================================================================================
	Q6:
		Shape: Hybrid
		q_c:    493.0000    294.0000    258.5000
		ub :    500.1668    303.6563    268.7187
		lb :    485.8332    284.3437    248.2813
		P^-1: 
			    0.0204    -0.0001    -0.0000
			    -0.0001    0.0218    0.0034
			    -0.0000    0.0034    0.0174
		A:
			    -0.3205    -0.6391    -0.6992
			    0.3794    0.7765    0.5032
			    -0.3111    0.2861    0.9063
			    0.5404    0.8411    -0.0234
			    -0.8991    -0.1115    -0.4232
			    0.9285    -0.0821    0.3621
		b:
			    -523.1713
			    548.7333
			    168.9912
			    511.3447
			    -581.6410
			    531.1093


===========================================================================================
===========================================================================================
S18:
	q_c:    134.5000    79.0000    108.0000
	ub :    167.0000    97.0000    126.0000
	lb :    102.0000    61.0000    90.0000

	==================================================================================
	Q1:
		Shape: Ellipse
		q_c:    138.5000    77.5000    120.0000
		ub :    149.8288    87.0735    130.1708
		lb :    127.1712    67.9265    109.8292
		P^-1: 
			    0.0202    -0.0014    0.0016
			    -0.0014    0.0231    0.0007
			    0.0016    0.0007    0.0164
	==================================================================================
	Q2:
		Shape: Ellipse
		q_c:    126.0000    77.0000    108.5000
		ub :    131.2971    81.9713    119.9902
		lb :    120.7029    72.0287    97.0098
		P^-1: 
			    0.0405    0.0136    0.0049
			    0.0136    0.4070    0.1214
			    0.0049    0.1214    0.0445
	==================================================================================
	Q3:
		Shape: Hybrid
		q_c:    118.0000    92.0000    106.5000
		ub :    128.5523    100.9975    118.1319
		lb :    107.4477    83.0025    94.8681
		P^-1: 
			    0.0881    -0.0947    0.0521
			    -0.0947    0.1349    -0.0724
			    0.0521    -0.0724    0.0559
		A:
			    -0.6902    0.6796    -0.2485
			    -0.3744    0.5877    -0.7172
			    0.4110    -0.7681    0.4910
			    0.4752    0.8638    -0.1673
			    -0.5644    0.8156    -0.1275
			    -0.5334    0.3782    0.7566
		b:
			    -43.8253
			    -63.9995
			    31.4766
			    124.6703
			    -2.8869
			    59.2227
	==================================================================================
	Q4:
		Shape: Polyhedra
		q_c:    157.0000    80.0000    116.0000
		ub :    171.5291    93.7982    129.6559
		lb :    142.4709    66.2018    102.3441
		A:
			    0.7346    0.4663    -0.4929
			    -0.6736    -0.7161    -0.1828
			    0.0631    0.4315    0.8999
			    0.7219    0.6020    -0.3412
			    -0.3298    -0.2239    -0.9171
			    0.1236    -0.2444    -0.9618
			    0.5748    0.8014    0.1656
			    0.6194    -0.2938    -0.7280
			    -0.5348    0.5210    -0.6652
			    -0.5748    -0.8014    -0.1656
			    -0.6194    0.2938    0.7280
			    0.5348    -0.5210    0.6652
		b:
			    102.8745
			    -176.7022
			    156.7457
			    129.3877
			    -166.9528
			    -103.7161
			    181.0594
			    -3.7112
			    -108.4463
			    -166.0594
			    17.7112
			    130.4463
	==================================================================================
	Q5:
		Shape: Hybrid
		q_c:    116.5000    80.5000    99.0000
		ub :    129.0853    92.3669    109.4323
		lb :    103.9147    68.6331    88.5677
		P^-1: 
			    0.0168    0.0072    0.0033
			    0.0072    0.0230    -0.0022
			    0.0033    -0.0022    0.0268
		A:
			    0.4935    0.8688    0.0407
			    -0.1517    -0.1015    0.9832
			    -0.5615    0.0396    0.8265
			    -0.0057    0.8407    -0.5415
			    0.4525    0.8917    0.0142
			    -0.1731    0.7083    -0.6844
		b:
			    134.4830
			    74.9041
			    24.4044
			    16.8535
			    128.9600
			    -27.3690
	==================================================================================
	Q6:
		Shape: Polyhedra
		q_c:    154.5000    75.0000    109.5000
		ub :    167.3810    86.9722    123.6585
		lb :    141.6190    63.0278    95.3415
		A:
			    -0.2226    0.9255    -0.3063
			    0.1005    0.2900    -0.9517
			    0.9122    -0.4029    0.0743
			    0.2159    0.2446    -0.9453
			    0.9738    -0.1876    -0.1285
			    0.1328    -0.9820    -0.1344
			    0.5323    0.4945    0.6871
			    -0.7897    -0.0023    0.6135
			    0.3050    -0.8692    0.3893
			    -0.5323    -0.4945    -0.6871
			    0.7897    0.0023    -0.6135
			    -0.3050    0.8692    -0.3893
		b:
			    9.0543
			    -59.1337
			    126.2330
			    -44.3259
			    129.3108
			    -59.3437
			    205.5689
			    -49.0046
			    32.0545
			    -183.5689
			    61.0046
			    -17.0545


===========================================================================================
===========================================================================================
S19:
	q_c:    350.0000    304.5000    83.0000
	ub :    364.0000    328.0000    104.0000
	lb :    336.0000    281.0000    62.0000

	==================================================================================
	Q1:
		Shape: Hybrid
		q_c:    353.5000    305.5000    81.0000
		ub :    361.1526    313.0060    87.8318
		lb :    345.8474    297.9940    74.1682
		P^-1: 
			    0.0632    -0.0318    0.0217
			    -0.0318    0.0666    -0.0227
			    0.0217    -0.0227    0.0421
		A:
			    0.8548    -0.5058    -0.1165
			    -0.0722    -0.9540    -0.2911
			    0.4510    -0.3778    0.8086
			    -0.6569    -0.1274    -0.7431
			    -0.0922    0.5470    0.8321
			    0.1672    0.9761    0.1390
		b:
			    140.8874
			    -336.8213
			    111.9486
			    -328.0244
			    206.3391
			    372.1523
	==================================================================================
	Q2:
		Shape: Hybrid
		q_c:    361.0000    304.5000    84.0000
		ub :    366.5171    309.3236    90.3935
		lb :    355.4829    299.6764    77.6065
		P^-1: 
			    0.0830    0.0838    0.0127
			    0.0838    0.2032    0.0258
			    0.0127    0.0258    0.0316
		A:
			    -0.2137    -0.9171    -0.3365
			    0.7893    0.0737    0.6095
			    -0.2762    0.9285    0.2481
			    -0.2840    0.8772    -0.3871
			    0.3818    0.7970    0.4680
			    -0.6729    0.7329    -0.1001
		b:
			    -383.1298
			    362.4099
			    206.6277
			    135.5537
			    421.6267
			    -24.3426
	==================================================================================
	Q3:
		Shape: Hybrid
		q_c:    351.0000    313.5000    92.5000
		ub :    356.4482    320.2005    97.3819
		lb :    345.5518    306.7995    87.6181
		P^-1: 
			    0.0754    -0.0128    -0.0086
			    -0.0128    0.0563    -0.0231
			    -0.0086    -0.0231    0.1010
		A:
			    0.5133    0.7974    -0.3173
			    0.7008    -0.1077    0.7052
			    0.1704    0.7694    0.6156
			    -0.0986    0.8602    -0.5003
			    -0.6001    0.7179    -0.3529
			    -0.4688    0.8813    -0.0593
		b:
			    403.5776
			    279.6338
			    361.2961
			    190.9504
			    -16.2623
			    108.6795
	==================================================================================
	Q4:
		Shape: Hybrid
		q_c:    343.5000    296.5000    86.0000
		ub :    349.1926    302.0047    90.2706
		lb :    337.8074    290.9953    81.7294
		P^-1: 
			    0.1566    -0.1029    0.0125
			    -0.1029    0.1230    -0.0289
			    0.0125    -0.0289    0.1145
		A:
			    0.5144    -0.4367    -0.7380
			    0.9850    -0.1548    0.0764
			    0.8843    -0.4348    -0.1702
			    0.0203    0.6820    -0.7311
			    0.0805    0.8588    0.5060
			    0.8593    -0.3574    -0.3659
		b:
			    -14.3897
			    301.3211
			    161.5857
			    148.6278
			    329.4513
			    159.3276
	==================================================================================
	Q5:
		Shape: Polyhedra
		q_c:    340.0000    296.5000    86.0000
		ub :    347.1505    301.8853    91.1140
		lb :    332.8495    291.1147    80.8860
		A:
			    -0.2285    -0.5741    -0.7863
			    0.1191    -0.1363    0.9835
			    0.3742    -0.6187    0.6908
			    -0.0427    0.9893    0.1397
			    -0.0122    0.8452    0.5343
			    0.0849    0.9856    0.1463
			    0.1564    0.1844    0.9703
			    0.2815    0.9334    -0.2227
			    -0.9467    0.3080    0.0941
			    -0.1564    -0.1844    -0.9703
			    -0.2815    -0.9334    0.2227
			    0.9467    -0.3080    -0.0941
		b:
			    -311.6784
			    88.6035
			    7.4027
			    294.4479
			    296.2576
			    337.0389
			    195.2908
			    356.2925
			    -216.4871
			    -187.2908
			    -350.2925
			    228.4871
	==================================================================================
	Q6:
		Shape: Hybrid
		q_c:    357.5000    305.0000    82.0000
		ub :    362.7698    312.4145    89.3013
		lb :    352.2302    297.5855    74.6987
		P^-1: 
			    0.1041    -0.0089    -0.0171
			    -0.0089    0.0431    -0.0259
			    -0.0171    -0.0259    0.0692
		A:
			    0.5487    -0.1058    -0.8293
			    0.5961    0.3221    -0.7355
			    0.7758    -0.6145    0.1434
			    0.9412    0.3097    -0.1350
			    0.6413    -0.5530    0.5319
			    0.6929    0.5568    -0.4581
		b:
			    98.3074
			    252.6918
			    103.7816
			    422.0650
			    106.1620
			    382.1628


===========================================================================================
===========================================================================================
S20:
	q_c:    385.5000    315.0000    253.5000
	ub :    405.0000    339.0000    281.0000
	lb :    366.0000    291.0000    226.0000

	==================================================================================
	Q1:
		Shape: Hybrid
		q_c:    371.5000    313.0000    250.0000
		ub :    384.6408    326.2254    258.1727
		lb :    358.3592    299.7746    241.8273
		P^-1: 
			    0.0230    -0.0169    0.0043
			    -0.0169    0.0271    -0.0146
			    0.0043    -0.0146    0.0525
		A:
			    -0.3543    0.5095    0.7841
			    -0.7018    0.7100    -0.0577
			    -0.6660    0.7351    -0.1266
			    0.6888    -0.6955    0.2046
			    -0.8319    0.3435    -0.4359
			    -0.4284    0.8912    -0.1489
		b:
			    227.8023
			    -49.8991
			    -46.0701
			    92.1377
			    -306.1126
			    86.4109
	==================================================================================
	Q2:
		Shape: Ellipse
		q_c:    401.5000    302.0000    238.5000
		ub :    409.2682    312.2729    244.9738
		lb :    393.7318    291.7271    232.0262
		P^-1: 
			    0.0874    0.0364    0.0190
			    0.0364    0.0303    0.0062
			    0.0190    0.0062    0.0457
	==================================================================================
	Q3:
		Shape: Hybrid
		q_c:    380.5000    316.0000    260.0000
		ub :    392.3737    329.1449    271.6373
		lb :    368.6263    302.8551    248.3627
		P^-1: 
			    0.0161    -0.0007    -0.0008
			    -0.0007    0.0165    0.0017
			    -0.0008    0.0017    0.0131
		A:
			    0.8008    -0.1303    0.5846
			    0.1913    0.9256    -0.3265
			    -0.8071    0.3476    0.4773
			    0.7648    0.5856    0.2685
			    -0.6131    0.7898    0.0174
			    0.1679    -0.3481    -0.9223
		b:
			    420.2319
			    284.9014
			    -69.2342
			    550.1432
			    24.7590
			    -281.3731
	==================================================================================
	Q4:
		Shape: Hybrid
		q_c:    387.5000    298.0000    265.5000
		ub :    398.3396    309.1560    273.5470
		lb :    376.6604    286.8440    257.4530
		P^-1: 
			    0.0289    -0.0050    0.0151
			    -0.0050    0.0186    0.0073
			    0.0151    0.0073    0.0552
		A:
			    0.1614    -0.2261    -0.9607
			    -0.5793    0.7819    0.2302
			    0.3156    0.1890    0.9299
			    0.0016    -0.6356    -0.7720
			    0.1070    -0.1716    -0.9793
			    -0.5615    0.8052    0.1909
		b:
			    -256.9963
			    73.8500
			    427.5199
			    -390.5537
			    -266.8628
			    77.3274
	==================================================================================
	Q5:
		Shape: Hybrid
		q_c:    403.5000    324.0000    242.5000
		ub :    409.9316    327.4273    248.3034
		lb :    397.0684    320.5727    236.6966
		P^-1: 
			    0.0444    -0.0053    0.0085
			    -0.0053    0.1107    0.0020
			    0.0085    0.0020    0.0586
		A:
			    -0.6198    0.7058    -0.3432
			    0.2903    -0.6797    0.6736
			    -0.6327    0.5877    0.5043
			    0.1863    -0.3896    -0.9019
			    0.1433    0.7167    -0.6825
			    0.6065    -0.3365    0.7204
		b:
			    -102.4933
			    62.3382
			    60.1119
			    -267.1365
			    126.8661
			    312.8407
	==================================================================================
	Q6:
		Shape: Hybrid
		q_c:    389.0000    327.0000    253.5000
		ub :    401.1378    338.4297    265.5740
		lb :    376.8622    315.5703    241.4260
		P^-1: 
			    0.0205    0.0028    -0.0008
			    0.0028    0.0204    0.0027
			    -0.0008    0.0027    0.0188
		A:
			    -0.2421    0.4542    -0.8574
			    -0.6850    0.1853    0.7046
			    0.9415    -0.1799    0.2849
			    -0.7407    0.5937    0.3146
			    0.4345    0.5313    -0.7272
			    -0.7110    0.0484    0.7015
		b:
			    -158.3557
			    -23.5190
			    383.8479
			    -10.2265
			    162.4630
			    -79.2032


===========================================================================================
===========================================================================================
