3D_40_25_6_f                l = 3

===========================================================================================
===========================================================================================
S1:
	q_c:	150.5	368.5	364.5
	ub :	166.5411	390.7047	376.1073
	lb :	129.7204	358.1172	342.8891

	==================================================================================
	Q1:
		Shape: Ellipse
		q_c:	142.0	369.0	366.5
		ub :	149.9292	373.8575	374.4013
		lb :	134.0708	364.1425	358.5987
		P^-1:
			0.0377	-0.0083	-0.0019
			-0.0083	0.0785	-0.0085
			-0.0019	-0.0085	0.0385
	==================================================================================
	Q2:
		Shape: Ellipse
		q_c:	157.5	365.0	368.0
		ub :	164.7593	371.8828	374.8953
		lb :	150.2407	358.1172	361.1047
		P^-1:
			0.0616	-0.0017	0.0171
			-0.0017	0.0664	-0.015
			0.0171	-0.015	0.0492
	==================================================================================
	Q3:
		Shape: Ellipse
		q_c:	157.5	382.5	361.0
		ub :	163.0498	387.5878	365.034
		lb :	151.9502	377.4122	356.966
		P^-1:
			0.088	0.0247	-0.023
			0.0247	0.0939	0.0004
			-0.023	0.0004	0.1517
	==================================================================================
	Q4:
		Shape: Polyhedra
		q_c:	159.5	375.0	372.5
		ub :	166.5411	382.0484	376.1073
		lb :	152.4589	367.9516	368.8927
		A:
			0.2486	0.6276	0.7378
			-0.8703	-0.4373	0.2265
			-0.8532	0.4536	-0.2574
			0.1349	0.3506	-0.9268
			-0.7632	-0.2996	-0.5726
			-0.0621	0.1864	-0.9805
			0.656	0.6409	0.3986
			-0.7085	0.7049	0.0327
			-0.2601	-0.3039	0.9165
			-0.656	-0.6409	-0.3986
			0.7085	-0.7049	-0.0327
			0.2601	0.3039	-0.9165
		b:
			553.7054
			-214.7571
			-56.6298
			-190.1204
			-443.2671
			-302.8737
			497.4558
			169.0093
			187.9774
			-489.4558
			-158.0093
			-183.9774
	==================================================================================
	Q5:
		Shape: Hybrid
		q_c:	146.5	379.5	354.0
		ub :	155.6037	390.7047	365.1109
		lb :	137.3963	368.2953	342.8891
		P^-1:
			0.0204	0.0001	-0.0001
			0.0001	0.0197	0.0012
			-0.0001	0.0012	0.0185
		A:
			0.5204	-0.7979	-0.3043
			0.846	-0.1539	0.5104
			0.4751	-0.3843	-0.7916
			-0.9849	-0.1443	-0.096
			0.1323	-0.5826	-0.8019
			0.4884	-0.756	0.4358
		b:
			-330.7822
			249.8772
			-352.8466
			-229.5318
			-482.0215
			-57.2851
	==================================================================================
	Q6:
		Shape: Ellipse
		q_c:	137.0	369.0	367.0
		ub :	144.2796	375.8235	375.002
		lb :	129.7204	362.1765	358.998
		P^-1:
			0.037	-0.0024	-0.0066
			-0.0024	0.0489	-0.0013
			-0.0066	-0.0013	0.0459


===========================================================================================
===========================================================================================
S2:
	q_c:	72.5	136.5	198.5
	ub :	99.8422	156.7726	222.0042
	lb :	52.5369	114.0216	176.5701

	==================================================================================
	Q1:
		Shape: Hybrid
		q_c:	90.5	140.0	198.5
		ub :	99.8422	150.1811	207.675
		lb :	81.1578	129.8189	189.325
		P^-1:
			0.0344	0.0106	0.0165
			0.0106	0.0295	0.0109
			0.0165	0.0109	0.0427
		A:
			-0.9658	-0.1196	0.2302
			0.8056	0.1516	0.5727
			0.4712	0.271	-0.8393
			-0.4065	-0.4169	-0.813
			-0.0425	0.9168	0.397
			0.0703	0.5745	0.8155
		b:
			-54.0411
			210.3472
			-81.4811
			-254.3868
			207.1757
			251.6406
	==================================================================================
	Q2:
		Shape: Hybrid
		q_c:	90.0	143.5	183.5
		ub :	98.5826	152.8899	190.4299
		lb :	81.4174	134.1101	176.5701
		P^-1:
			0.0497	0.0245	-0.0139
			0.0245	0.0398	-0.0307
			-0.0139	-0.0307	0.0866
		A:
			-0.1116	-0.5241	0.8443
			0.4788	-0.2255	-0.8485
			0.6319	0.6532	0.4172
			0.293	-0.3461	0.8913
			-0.2245	-0.1278	0.9661
			0.3504	0.1737	0.9203
		b:
			71.4928
			-140.7943
			230.6525
			142.6682
			140.9273
			228.2263
	==================================================================================
	Q3:
		Shape: Hybrid
		q_c:	84.0	147.0	203.0
		ub :	94.1069	156.7726	214.1253
		lb :	73.8931	137.2274	191.8747
		P^-1:
			0.0243	-0.0098	0.0082
			-0.0098	0.0326	-0.0124
			0.0082	-0.0124	0.0281
		A:
			-0.1164	0.5197	-0.8464
			-0.1363	0.2142	0.9672
			0.321	-0.903	0.2856
			0.5232	0.6227	-0.5818
			-0.2394	0.5053	-0.8291
			0.8471	0.5005	-0.1788
		b:
			-102.1971
			221.3413
			-45.0208
			21.9594
			-111.3539
			113.6636
	==================================================================================
	Q4:
		Shape: Ellipse
		q_c:	62.5	140.0	212.5
		ub :	72.4631	149.3304	222.0042
		lb :	52.5369	130.6696	202.9958
		P^-1:
			0.0321	-0.0065	-0.0038
			-0.0065	0.0342	-0.0053
			-0.0038	-0.0053	0.0271
	==================================================================================
	Q5:
		Shape: Hybrid
		q_c:	73.0	122.5	194.5
		ub :	80.8753	130.9784	203.4385
		lb :	65.1247	114.0216	185.5615
		P^-1:
			0.0506	-0.0128	0.0098
			-0.0128	0.0397	-0.0033
			0.0098	-0.0033	0.033
		A:
			0.3919	-0.5665	0.7249
			-0.8703	-0.0813	-0.4859
			-0.5424	0.0407	-0.8392
			-0.83	0.1342	-0.5414
			0.4056	-0.5215	-0.7507
			0.9807	0.1181	-0.156
		b:
			102.9151
			-165.4175
			-194.9783
			-147.1597
			-176.7478
			58.833
	==================================================================================
	Q6:
		Shape: Ellipse
		q_c:	84.5	131.0	192.5
		ub :	93.9106	136.3523	199.2684
		lb :	75.0894	125.6477	185.7316
		P^-1:
			0.1267	-0.1374	-0.0805
			-0.1374	0.3792	-0.0713
			-0.0805	-0.0713	0.1986


===========================================================================================
===========================================================================================
S3:
	q_c:	200.5	179.5	58.0
	ub :	227.9132	207.2288	77.697
	lb :	178.9433	154.9406	37.1362

	==================================================================================
	Q1:
		Shape: Ellipse
		q_c:	205.5	166.5	67.0
		ub :	213.2684	178.0594	77.697
		lb :	197.7316	154.9406	56.303
		P^-1:
			0.0381	0.0014	-0.0064
			0.0014	0.0103	0.0007
			-0.0064	0.0007	0.0172
	==================================================================================
	Q2:
		Shape: Ellipse
		q_c:	213.5	180.5	60.5
		ub :	227.9132	193.7829	75.6627
		lb :	199.0868	167.2171	45.3373
		P^-1:
			0.0126	-0.0047	-0.0049
			-0.0047	0.0171	0.0035
			-0.0049	0.0035	0.0145
	==================================================================================
	Q3:
		Shape: Ellipse
		q_c:	188.5	171.5	45.0
		ub :	198.0567	181.5013	52.8638
		lb :	178.9433	161.4987	37.1362
		P^-1:
			0.0218	0.0029	0.0002
			0.0029	0.0264	-0.0001
			0.0002	-0.0001	0.0278
	==================================================================================
	Q4:
		Shape: Hybrid
		q_c:	197.0	180.0	54.0
		ub :	203.2716	186.5831	60.1383
		lb :	190.7284	173.4169	47.8617
		P^-1:
			0.0624	0.0208	0.0005
			0.0208	0.0591	0.0015
			0.0005	0.0015	0.0332
		A:
			0.7483	0.0555	0.661
			-0.2092	-0.9657	0.1534
			-0.3419	0.9383	0.0529
			-0.933	-0.2596	-0.2493
			0.839	0.2294	-0.4934
			0.8225	0.3226	0.4684
		b:
			196.1347
			-204.3913
			107.4549
			-241.7618
			182.5247
			247.8002
	==================================================================================
	Q5:
		Shape: Hybrid
		q_c:	199.5	182.5	48.0
		ub :	205.6777	188.3938	54.1473
		lb :	193.3223	176.6062	41.8527
		P^-1:
			0.0724	-0.0211	-0.0285
			-0.0211	0.0996	-0.0155
			-0.0285	-0.0155	0.0902
		A:
			-0.4012	-0.8461	-0.351
			-0.3601	-0.8599	0.3618
			-0.2931	0.3171	-0.902
			0.504	0.8636	-0.0118
			-0.8223	0.4513	-0.3467
			0.796	-0.0572	0.6026
		b:
			-248.3361
			-209.4729
			-41.606
			260.2291
			-95.9532
			180.4509
	==================================================================================
	Q6:
		Shape: Polyhedra
		q_c:	204.0	196.5	64.5
		ub :	215.8433	207.2288	76.5459
		lb :	192.1567	185.7712	52.4541
		A:
			0.9848	0.0676	-0.1599
			0.5968	-0.7674	-0.2345
			0.3721	-0.0909	-0.9237
			-0.9946	-0.099	0.0326
			-0.0544	-0.5331	-0.8443
			0.849	0.5137	-0.124
			0.5591	0.5106	0.6533
			0.754	0.0146	-0.6567
			-0.3449	0.8597	-0.3768
			-0.5591	-0.5106	-0.6533
			-0.754	-0.0146	0.6567
			0.3449	-0.8597	0.3768
		b:
			210.846
			-36.2507
			5.4197
			-213.3155
			-163.6435
			272.9923
			263.0138
			121.3343
			82.7755
			-250.0138
			-107.3343
			-65.7755


===========================================================================================
===========================================================================================
S4:
	q_c:	394.0	427.0	119.5
	ub :	406.9376	443.8589	139.3669
	lb :	379.5755	426.1411	106.3397

	==================================================================================
	Q1:
		Shape: Hybrid
		q_c:	386.5	433.5	112.0
		ub :	393.4245	440.2547	116.8514
		lb :	379.5755	426.7453	107.1486
		P^-1:
			0.0734	0.045	-0.0203
			0.045	0.085	-0.0343
			-0.0203	-0.0343	0.1162
		A:
			-0.2311	0.9723	-0.0347
			-0.8211	-0.5447	0.1706
			0.7791	0.6181	0.1047
			-0.0426	0.6093	0.7918
			0.889	0.1144	0.4435
			0.6384	0.7673	-0.0609
		b:
			331.8858
			-532.596
			582.704
			339.2704
			445.6815
			574.2296
	==================================================================================
	Q2:
		Shape: Hybrid
		q_c:	402.0	433.0	110.5
		ub :	406.4274	437.2425	114.6603
		lb :	397.5726	428.7575	106.3397
		P^-1:
			0.0748	-0.0304	-0.0351
			-0.0304	0.1632	0.0623
			-0.0351	0.0623	0.1856
		A:
			0.3957	0.8376	-0.3765
			-0.1267	-0.6509	0.7485
			-0.0586	-0.2542	-0.9654
			0.4928	0.1305	-0.8603
			0.353	0.0099	0.9356
			0.4911	-0.4038	-0.7718
		b:
			482.396
			-248.0995
			-238.8861
			161.2831
			251.598
			-61.4939
	==================================================================================
	Q3:
		Shape: Polyhedra
		q_c:	395.0	437.0	120.5
		ub :	398.1356	441.938	125.6059
		lb :	391.8644	432.062	115.3941
		A:
			-0.5821	-0.5503	-0.5986
			0.1331	0.7403	0.659
			0.277	0.9122	0.3018
			0.6582	0.4057	-0.6342
			-0.9739	0.1703	0.1501
			0.7628	0.6135	-0.2045
			0.0351	0.7261	0.6867
			-0.0135	0.6874	-0.7261
			-0.9993	0.0162	0.0339
			-0.0351	-0.7261	-0.6867
			0.0135	-0.6874	0.7261
			0.9993	-0.0162	-0.0339
		b:
			-540.1843
			457.4999
			547.2225
			365.0142
			-289.1968
			548.4146
			415.9087
			212.5836
			-380.5399
			-411.9087
			-202.5836
			386.5399
	==================================================================================
	Q4:
		Shape: Ellipse
		q_c:	401.0	437.5	134.5
		ub :	403.8846	441.7392	139.3669
		lb :	398.1154	433.2608	129.6331
		P^-1:
			0.8047	0.1233	0.326
			0.1233	0.2344	0.1608
			0.326	0.1608	0.2603
	==================================================================================
	Q5:
		Shape: Hybrid
		q_c:	395.0	435.0	117.0
		ub :	399.7983	438.8191	121.9185
		lb :	390.2017	431.1809	112.0815
		P^-1:
			0.1356	0.0172	0.0978
			0.0172	0.1118	0.0065
			0.0978	0.0065	0.1631
		A:
			0.0205	0.5617	0.8271
			0.751	0.2579	0.6078
			0.5684	0.2872	0.771
			0.8862	-0.0696	0.458
			0.0881	0.996	0.0146
			-0.3422	-0.9392	0.0301
		b:
			351.4561
			481.067
			440.7405
			374.9201
			471.7587
			-538.2079
	==================================================================================
	Q6:
		Shape: Polyhedra
		q_c:	399.5	435.0	117.0
		ub :	406.9376	443.8589	125.8778
		lb :	392.0624	426.1411	108.1222
		A:
			-0.5508	0.0953	-0.8292
			0.0009	-0.6543	-0.7562
			-0.3344	0.3641	-0.8692
			0.0596	-0.8395	-0.5401
			0.8833	0.286	-0.3715
			-0.5128	-0.76	0.3993
			0.4417	0.5116	0.737
			-0.8915	0.3419	0.297
			-0.1001	-0.7883	0.6071
			-0.4417	-0.5116	-0.737
			0.8915	-0.3419	-0.297
			0.1001	0.7883	-0.6071
		b:
			-270.1156
			-367.3289
			-71.4216
			-399.1987
			439.008
			-483.2731
			490.7399
			-167.6769
			-306.3319
			-479.7399
			177.6769
			317.3319


===========================================================================================
===========================================================================================
S5:
	q_c:	77.0	351.5	155.5
	ub :	88.7993	364.6483	166.1214
	lb :	63.289	338.5768	143.303

	==================================================================================
	Q1:
		Shape: Hybrid
		q_c:	75.0	351.0	162.0
		ub :	79.0909	354.105	166.1214
		lb :	70.9091	347.895	157.8786
		P^-1:
			0.1975	-0.1194	0.006
			-0.1194	0.3704	-0.0666
			0.006	-0.0666	0.1476
		A:
			0.1821	0.9042	-0.3864
			-0.2898	0.8981	-0.3309
			0.9791	-0.1551	0.1315
			0.638	-0.7522	-0.1645
			-0.775	0.4907	-0.3983
			-0.9362	0.3461	0.0607
		b:
			269.6298
			240.666
			41.953
			-241.8421
			50.8316
			62.4966
	==================================================================================
	Q2:
		Shape: Ellipse
		q_c:	80.0	346.5	149.5
		ub :	86.8187	352.7035	155.697
		lb :	73.1813	340.2965	143.303
		P^-1:
			0.038	-0.0221	0.0159
			-0.0221	0.09	-0.0174
			0.0159	-0.0174	0.0734
	==================================================================================
	Q3:
		Shape: Ellipse
		q_c:	82.5	357.5	152.0
		ub :	88.7993	364.6483	157.4991
		lb :	76.2007	350.3517	146.5009
		P^-1:
			0.074	0.0134	0.01
			0.0134	0.0316	0.0026
			0.01	0.0026	0.0531
	==================================================================================
	Q4:
		Shape: Hybrid
		q_c:	74.0	343.5	155.0
		ub :	79.5571	348.4232	160.3202
		lb :	68.4429	338.5768	149.6798
		P^-1:
			0.0821	-0.0343	0.0174
			-0.0343	0.1668	-0.085
			0.0174	-0.085	0.1452
		A:
			0.957	0.2217	0.187
			-0.6986	0.2653	-0.6646
			-0.1299	-0.9506	0.2819
			0.0916	-0.9871	0.1316
			-0.0398	0.4595	-0.8873
			-0.3445	-0.8002	0.4909
		b:
			178.7638
			-61.6266
			-290.7668
			-310.1723
			18.6928
			-222.5601
	==================================================================================
	Q5:
		Shape: Ellipse
		q_c:	80.5	354.0	159.5
		ub :	86.3265	361.1816	164.9921
		lb :	74.6735	346.8184	154.0079
		P^-1:
			0.0598	0.009	-0.0008
			0.009	0.0398	0.0127
			-0.0008	0.0127	0.0776
	==================================================================================
	Q6:
		Shape: Hybrid
		q_c:	68.0	352.0	149.5
		ub :	72.711	359.0105	154.7791
		lb :	63.289	344.9895	144.2209
		P^-1:
			0.0836	-0.0025	0.009
			-0.0025	0.0337	0.0204
			0.009	0.0204	0.1032
		A:
			0.893	-0.1498	0.4245
			0.4154	0.384	-0.8246
			0.8162	0.4042	0.4127
			0.9967	-0.0557	0.0587
			-0.7121	0.0313	0.7014
			-0.3727	0.6265	0.6845
		b:
			73.3785
			43.1515
			261.6706
			58.9134
			69.5222
			299.796


===========================================================================================
===========================================================================================
S6:
	q_c:	360.0	399.0	298.5
	ub :	385.5476	422.0853	312.1427
	lb :	340.1486	372.4902	276.2375

	==================================================================================
	Q1:
		Shape: Polyhedra
		q_c:	371.0	406.5	304.0
		ub :	380.6604	415.0543	310.6608
		lb :	361.3396	397.9457	297.3392
		A:
			-0.1667	-0.9407	-0.2954
			0.4664	0.6689	0.5789
			0.4705	0.875	0.1141
			0.5757	0.7411	0.3455
			-0.572	-0.7716	-0.2783
			0.3441	0.8573	-0.383
			0.5591	0.686	0.4656
			0.7156	-0.6829	0.1469
			0.4187	0.2511	-0.8727
			-0.5591	-0.686	-0.4656
			-0.7156	0.6829	-0.1469
			-0.4187	-0.2511	0.8727
		b:
			-529.402
			622.2138
			567.9605
			621.1423
			-608.8629
			365.0902
			628.8351
			42.0574
			-2.3942
			-626.8351
			-23.0574
			13.3942
	==================================================================================
	Q2:
		Shape: Hybrid
		q_c:	354.0	413.0	303.0
		ub :	361.9418	422.0853	312.1427
		lb :	346.0582	403.9147	293.8573
		P^-1:
			0.0298	0.0043	0.0017
			0.0043	0.0353	0.0055
			0.0017	0.0055	0.0263
		A:
			0.3219	-0.2445	0.9147
			-0.6971	-0.644	0.315
			-0.4783	-0.8756	0.0678
			-0.6132	-0.5921	-0.5229
			0.7438	0.607	0.2798
			0.6463	0.7168	-0.2616
		b:
			293.9937
			-414.1517
			-507.5604
			-617.384
			601.4658
			448.653
	==================================================================================
	Q3:
		Shape: Ellipse
		q_c:	372.5	387.5	286.0
		ub :	382.4698	397.7201	290.463
		lb :	362.5302	377.2799	281.537
		P^-1:
			0.0221	-0.0051	0.0103
			-0.0051	0.0258	-0.0273
			0.0103	-0.0273	0.1535
	==================================================================================
	Q4:
		Shape: Hybrid
		q_c:	377.5	389.0	293.5
		ub :	385.5476	399.1007	303.5386
		lb :	369.4524	378.8993	283.4614
		P^-1:
			0.0486	0.0108	-0.0137
			0.0108	0.0314	-0.0112
			-0.0137	-0.0112	0.028
		A:
			-0.4437	0.4359	-0.783
			0.0116	-0.8675	0.4973
			-0.7781	-0.558	0.2885
			0.0144	0.9854	-0.1698
			-0.2321	-0.8184	0.5257
			-0.4117	0.8349	0.3653
		b:
			-223.4173
			-183.7325
			-423.9038
			342.7383
			-248.7415
			281.2962
	==================================================================================
	Q5:
		Shape: Ellipse
		q_c:	365.0	404.0	284.5
		ub :	373.6853	409.541	292.7625
		lb :	356.3147	398.459	276.2375
		P^-1:
			0.0214	-0.0042	0.0026
			-0.0042	0.061	-0.0058
			0.0026	-0.0058	0.0283
	==================================================================================
	Q6:
		Shape: Hybrid
		q_c:	351.5	384.0	296.5
		ub :	362.8514	395.5098	306.7052
		lb :	340.1486	372.4902	286.2948
		P^-1:
			0.0175	0.0038	0.0012
			0.0038	0.0249	0.0065
			0.0012	0.0065	0.0266
		A:
			0.0636	0.0551	0.9964
			-0.7729	0.0635	0.6313
			0.4501	0.893	0.0069
			0.2757	-0.3375	0.9001
			0.2345	0.9398	0.2484
			-0.5831	0.1995	0.7875
		b:
			342.4715
			-55.6656
			506.6994
			238.4664
			520.2159
			109.1676


===========================================================================================
===========================================================================================
S7:
	q_c:	280.0	502.5	297.5
	ub :	303.7531	523.1964	322.3015
	lb :	259.9839	474.528	280.1348

	==================================================================================
	Q1:
		Shape: Ellipse
		q_c:	277.5	483.0	312.0
		ub :	288.2134	491.472	322.3015
		lb :	266.7866	474.528	301.6985
		P^-1:
			0.024	-0.0017	0.0073
			-0.0017	0.0328	0.0013
			0.0073	0.0013	0.0271
	==================================================================================
	Q2:
		Shape: Hybrid
		q_c:	285.5	511.5	293.5
		ub :	299.606	522.9985	305.5555
		lb :	271.394	500.0015	281.4445
		P^-1:
			0.0181	0.0113	0.0006
			0.0113	0.0232	0.0044
			0.0006	0.0044	0.0157
		A:
			-0.2519	-0.8712	0.4214
			-0.5089	-0.693	-0.5107
			-0.3635	0.8629	-0.3511
			0.6191	0.0608	0.783
			0.632	0.7576	-0.1631
			0.5719	0.5667	0.5931
		b:
			-388.8199
			-646.5551
			242.1091
			443.6231
			523.2803
			630.7634
	==================================================================================
	Q3:
		Shape: Polyhedra
		q_c:	278.0	501.5	300.5
		ub :	289.0995	514.8655	314.6606
		lb :	266.9005	488.1345	286.3394
		A:
			0.4706	0.8402	-0.2697
			-0.7255	0.6669	-0.1698
			-0.1962	0.0497	-0.9793
			0.5306	-0.6591	-0.5329
			0.8338	-0.5511	-0.0329
			-0.0834	-0.4353	0.8964
			0.9306	0.122	0.3452
			-0.2087	-0.5981	0.7738
			0.3008	-0.7921	-0.5311
			-0.9306	-0.122	-0.3452
			0.2087	0.5981	-0.7738
			-0.3008	0.7921	0.5311
		b:
			479.754
			89.9523
			-315.3698
			-334.277
			-46.3906
			36.82
			430.5995
			-116.4369
			-464.1972
			-416.5995
			134.4369
			482.1972
	==================================================================================
	Q4:
		Shape: Ellipse
		q_c:	296.0	486.0	311.5
		ub :	303.7531	495.2064	318.8253
		lb :	288.2469	476.7936	304.1747
		P^-1:
			0.0558	0.0145	-0.0066
			0.0145	0.031	0.0144
			-0.0066	0.0144	0.056
	==================================================================================
	Q5:
		Shape: Hybrid
		q_c:	271.5	511.0	300.5
		ub :	283.0161	523.1964	310.8079
		lb :	259.9839	498.8036	290.1921
		P^-1:
			0.0205	-0.004	-0.002
			-0.004	0.0163	0.001
			-0.002	0.001	0.0163
		A:
			0.1084	-0.9229	0.3696
			0.2377	-0.918	0.3174
			-0.6647	0.6314	-0.3994
			0.6477	0.5094	-0.5666
			-0.3427	0.7563	-0.5573
			-0.1695	-0.0981	-0.9806
		b:
			-326.3669
			-304.6446
			26.1361
			270.5918
			130.4618
			-386.1211
	==================================================================================
	Q6:
		Shape: Ellipse
		q_c:	288.5	509.5	289.0
		ub :	295.0646	518.7741	297.8652
		lb :	281.9354	500.2259	280.1348
		P^-1:
			0.0584	-0.0106	-0.0049
			-0.0106	0.0322	-0.0033
			-0.0049	-0.0033	0.0286


===========================================================================================
===========================================================================================
S8:
	q_c:	415.5	133.0	500.0
	ub :	426.3478	160.0697	517.2175
	lb :	385.6702	112.5967	480.1051

	==================================================================================
	Q1:
		Shape: Polyhedra
		q_c:	399.0	127.0	494.5
		ub :	409.1456	136.0007	502.5238
		lb :	388.8544	117.9993	486.4762
		A:
			-0.7328	-0.6789	0.0453
			0.0392	0.978	-0.2049
			0.6686	0.7221	-0.1776
			0.776	0.6269	-0.0694
			-0.3058	-0.5572	-0.772
			-0.5153	-0.7083	-0.4825
			0.6032	0.726	0.3301
			-0.4809	0.0009	0.8768
			0.6363	-0.6876	0.3497
			-0.6032	-0.726	-0.3301
			0.4809	-0.0009	-0.8768
			-0.6363	0.6876	-0.3497
		b:
			-354.0926
			46.8702
			273.4408
			357.1709
			-571.8977
			-532.5197
			497.6293
			245.8164
			350.9714
			-494.6293
			-237.8164
			-327.9714
	==================================================================================
	Q2:
		Shape: Hybrid
		q_c:	400.0	135.0	506.0
		ub :	411.2608	142.0378	517.2175
		lb :	388.7392	127.9622	494.7825
		P^-1:
			0.0193	0.0024	0.0026
			0.0024	0.0323	0.0017
			0.0026	0.0017	0.0175
		A:
			0.81	0.5339	0.2425
			0.8745	0.4838	0.035
			0.1523	0.9694	0.1923
			0.1202	-0.3505	0.9288
			0.8907	0.4001	-0.2158
			-0.5979	0.7903	0.1336
		b:
			522.4169
			436.7735
			291.9024
			475.4543
			305.4516
			-61.0002
	==================================================================================
	Q3:
		Shape: Ellipse
		q_c:	419.0	152.0	492.0
		ub :	426.3478	160.0697	499.9308
		lb :	411.6522	143.9303	484.0692
		P^-1:
			0.0582	0.0168	-0.0035
			0.0168	0.0442	0.0244
			-0.0035	0.0244	0.0621
	==================================================================================
	Q4:
		Shape: Polyhedra
		q_c:	415.0	120.5	485.0
		ub :	421.2645	128.023	489.8949
		lb :	408.7355	112.977	480.1051
		A:
			-0.3412	0.218	0.9143
			0.9187	0.3371	-0.2059
			-0.7236	0.647	-0.2402
			0.3842	0.4042	-0.8301
			0.8967	-0.1985	0.3957
			-0.5437	0.7762	-0.3194
			0.5438	0.8183	0.1861
			0.8042	-0.4449	-0.3941
			-0.2397	0.364	-0.9
			-0.5438	-0.8183	-0.1861
			-0.8042	0.4449	0.3941
			0.2397	-0.364	0.9
		b:
			331.0257
			327.0902
			-336.0652
			-190.781
			543.7338
			-283.756
			421.0553
			91.5315
			-489.1255
			-408.0553
			-86.5315
			495.1255
	==================================================================================
	Q5:
		Shape: Ellipse
		q_c:	393.5	120.0	499.0
		ub :	401.3298	127.4033	507.7568
		lb :	385.6702	112.5967	490.2432
		P^-1:
			0.0357	0.0044	0.0042
			0.0044	0.0542	-0.0135
			0.0042	-0.0135	0.0404
	==================================================================================
	Q6:
		Shape: Ellipse
		q_c:	413.5	131.0	503.5
		ub :	424.5479	142.0721	513.7567
		lb :	402.4521	119.9279	493.2433
		P^-1:
			0.0265	-0.0124	0.0028
			-0.0124	0.0284	0.0006
			0.0028	0.0006	0.0194


===========================================================================================
===========================================================================================
S9:
	q_c:	104.5	144.0	475.5
	ub :	120.3165	157.2675	488.9302
	lb :	88.9037	128.3155	461.8612

	==================================================================================
	Q1:
		Shape: Polyhedra
		q_c:	108.5	136.5	473.5
		ub :	115.7703	143.9084	479.4189
		lb :	101.2297	129.0916	467.5811
		A:
			0.5803	0.7295	-0.3622
			0.9494	0.1636	-0.2679
			-0.3732	-0.6804	-0.6307
			-0.0696	0.3921	-0.9173
			-0.9291	-0.3689	-0.0265
			0.8635	0.4182	-0.2818
			0.6362	0.2296	0.7366
			-0.6024	0.7443	0.2882
			-0.4821	-0.6271	0.6119
			-0.6362	-0.2296	-0.7366
			0.6024	-0.7443	-0.2882
			0.4821	0.6271	-0.6119
		b:
			-5.9274
			2.7506
			-427.9957
			-385.3333
			-160.3178
			20.7895
			452.1313
			179.2315
			154.8278
			-446.1313
			-166.2315
			-148.8278
	==================================================================================
	Q2:
		Shape: Hybrid
		q_c:	112.5	140.5	478.0
		ub :	120.3165	143.9048	485.0937
		lb :	104.6835	137.0952	470.9063
		P^-1:
			0.0836	0.0338	0.0776
			0.0338	0.2324	0.0173
			0.0776	0.0173	0.1117
		A:
			-0.5007	-0.5144	-0.6962
			-0.1827	0.9472	-0.2635
			0.3765	0.6983	0.6088
			0.6358	0.2007	0.7453
			0.0283	-0.9996	-0.0052
			-0.2916	0.9203	-0.2607
		b:
			-460.1233
			-12.1434
			432.7793
			457.3115
			-138.536
			-26.6387
	==================================================================================
	Q3:
		Shape: Ellipse
		q_c:	96.5	133.0	477.0
		ub :	102.7781	137.6845	483.1344
		lb :	90.2219	128.3155	470.8656
		P^-1:
			0.0741	-0.0011	0.0421
			-0.0011	0.1367	-0.0296
			0.0421	-0.0296	0.1003
	==================================================================================
	Q4:
		Shape: Ellipse
		q_c:	110.5	147.5	467.0
		ub :	119.0829	156.2118	472.1388
		lb :	101.9171	138.7882	461.8612
		P^-1:
			0.0647	0.0181	0.0805
			0.0181	0.0333	0.0289
			0.0805	0.0289	0.2087
	==================================================================================
	Q5:
		Shape: Ellipse
		q_c:	94.0	153.0	473.5
		ub :	97.4177	157.2675	479.5506
		lb :	90.5823	148.7325	467.4494
		P^-1:
			0.3377	0.1713	0.0038
			0.1713	0.1692	0.0027
			0.0038	0.0027	0.0278
	==================================================================================
	Q6:
		Shape: Polyhedra
		q_c:	95.5	142.0	482.0
		ub :	102.0963	148.3371	488.9302
		lb :	88.9037	135.6629	475.0698
		A:
			0.2807	0.4637	0.8404
			-0.2837	-0.5593	-0.7789
			0.6998	-0.0875	0.7089
			-0.9151	0.0162	0.403
			0.9346	0.2991	0.1926
			0.3969	0.2845	-0.8727
			0.8744	0.236	0.4239
			-0.1533	-0.6946	0.7029
			0.4603	-0.6796	-0.5711
			-0.8744	-0.236	-0.4239
			0.1533	0.6946	-0.7029
			-0.4603	0.6796	0.5711
		b:
			502.0488
			-477.6168
			400.9133
			113.3841
			229.4804
			-338.4516
			326.3386
			229.5466
			-324.3392
			-316.3386
			-221.5466
			331.3392


===========================================================================================
===========================================================================================
S10:
	q_c:	184.5	417.5	149.0
	ub :	206.4344	445.4894	176.6269
	lb :	168.7306	398.0435	118.3792

	==================================================================================
	Q1:
		Shape: Polyhedra
		q_c:	178.5	433.0	162.5
		ub :	188.2694	445.4894	175.2016
		lb :	168.7306	420.5106	149.7984
		A:
			-0.1431	0.9514	0.2728
			-0.7407	0.6715	-0.0207
			-0.773	-0.1042	-0.6258
			-0.4879	0.8724	0.0299
			0.6374	0.0893	-0.7654
			0.3688	0.1692	-0.914
			0.786	0.3665	0.4979
			-0.6175	0.5042	0.6037
			-0.0298	-0.782	0.6226
			-0.786	-0.3665	-0.4979
			0.6175	-0.5042	-0.6037
			0.0298	0.782	-0.6226
		b:
			437.995
			162.321
			-277.6586
			302.9237
			35.2603
			-1.8166
			386.8934
			212.6829
			-234.2491
			-372.8934
			-199.6829
			251.2491
	==================================================================================
	Q2:
		Shape: Ellipse
		q_c:	187.0	433.0	168.5
		ub :	192.6669	440.1674	176.6269
		lb :	181.3331	425.8326	160.3731
		P^-1:
			0.0801	0.0046	-0.0079
			0.0046	0.0671	0.0247
			-0.0079	0.0247	0.0397
	==================================================================================
	Q3:
		Shape: Polyhedra
		q_c:	195.5	422.0	136.5
		ub :	202.8743	428.9562	146.0673
		lb :	188.1257	415.0438	126.9327
		A:
			-0.4247	0.8236	-0.3758
			-0.1141	0.7933	-0.5981
			0.0266	-0.8763	0.481
			-0.3874	0.7715	-0.5047
			-0.6418	0.6489	-0.4087
			-0.5842	0.7734	-0.246
			0.3216	0.5767	0.751
			-0.3631	0.8076	-0.4646
			-0.8745	-0.1233	0.4691
			-0.3216	-0.5767	-0.751
			0.3631	-0.8076	0.4646
			0.8745	0.1233	-0.4691
		b:
			214.87
			232.7469
			-296.6274
			182.5618
			94.8481
			180.6748
			417.7384
			207.9054
			-154.4535
			-399.7384
			-204.9054
			163.4535
	==================================================================================
	Q4:
		Shape: Polyhedra
		q_c:	188.5	410.5	150.5
		ub :	201.355	422.9565	159.3891
		lb :	175.645	398.0435	141.6109
		A:
			0.7236	-0.2906	0.626
			-0.4534	0.3041	-0.8378
			0.4045	0.5226	0.7505
			-0.0903	0.0269	-0.9956
			-0.9377	-0.3461	0.0312
			-0.2357	-0.6426	0.729
			0.6589	0.7516	0.0315
			0.6735	-0.5707	-0.4699
			-0.3352	0.3308	-0.8822
			-0.6589	-0.7516	-0.0315
			-0.6735	0.5707	0.4699
			0.3352	-0.3308	0.8822
		b:
			117.0338
			-82.1442
			410.4404
			-150.1104
			-306.4867
			-192.7883
			444.4704
			-168.0284
			-55.6522
			-430.4704
			188.0284
			64.6522
	==================================================================================
	Q5:
		Shape: Polyhedra
		q_c:	191.0	418.5	128.0
		ub :	202.3113	428.708	137.6208
		lb :	179.6887	408.292	118.3792
		A:
			-0.6532	-0.1135	0.7486
			-0.9209	0.281	0.27
			0.4897	0.3025	-0.8178
			0.3827	-0.3651	-0.8487
			-0.1759	0.1948	-0.965
			0.5946	0.4943	-0.6341
			0.9394	0.2229	0.2605
			0.1088	-0.9144	0.39
			0.3251	-0.338	-0.8832
			-0.9394	-0.2229	-0.2605
			-0.1088	0.9144	-0.39
			-0.3251	0.338	0.8832
		b:
			-70.0931
			-15.8724
			121.6378
			-183.287
			-69.1138
			246.4362
			315.5415
			-304.9678
			-187.4109
			-296.5415
			318.9678
			197.4109
	==================================================================================
	Q6:
		Shape: Ellipse
		q_c:	196.5	425.5	166.5
		ub :	206.4344	438.329	173.7936
		lb :	186.5656	412.671	159.2064
		P^-1:
			0.0525	0.0134	0.0422
			0.0134	0.0117	0.014
			0.0422	0.014	0.075


===========================================================================================
===========================================================================================
S11:
	q_c:	242.0	87.0	150.5
	ub :	248.9042	92.9163	155.3724
	lb :	238.9336	81.6523	145.0893

	==================================================================================
	Q1:
		Shape: Ellipse
		q_c:	243.0	87.0	148.5
		ub :	245.1154	88.3255	150.8424
		lb :	240.8846	85.6745	146.1576
		P^-1:
			0.7176	-0.0356	-0.3616
			-0.0356	0.9955	-0.0455
			-0.3616	-0.0455	0.5369
	==================================================================================
	Q2:
		Shape: Ellipse
		q_c:	243.5	87.0	151.5
		ub :	245.2577	88.9448	153.5048
		lb :	241.7423	85.0552	149.4952
		P^-1:
			0.7964	-0.1857	-0.1928
			-0.1857	0.8306	-0.1758
			-0.1928	-0.1758	0.8175
	==================================================================================
	Q3:
		Shape: Polyhedra
		q_c:	241.5	88.5	148.0
		ub :	244.0664	91.0058	150.3477
		lb :	238.9336	85.9942	145.6523
		A:
			0.2014	-0.8975	0.3924
			-0.503	0.7795	-0.3732
			0.6742	-0.0599	-0.7361
			0.398	0.9145	-0.0731
			0.2502	0.771	-0.5856
			0.3625	-0.8653	-0.3461
			0.4704	0.6216	0.6264
			0.6883	-0.7026	0.1804
			0.5522	0.3463	-0.7584
			-0.4704	-0.6216	-0.6264
			-0.6883	0.7026	-0.1804
			-0.5522	-0.3463	0.7584
		b:
			28.7793
			-106.2304
			50.0796
			167.7224
			43.5023
			-38.7596
			262.8143
			132.2407
			53.2707
			-259.8143
			-129.2407
			-50.2707
	==================================================================================
	Q4:
		Shape: Polyhedra
		q_c:	244.5	88.0	153.5
		ub :	246.5393	89.6101	155.3724
		lb :	242.4607	86.3899	151.6276
		A:
			-0.7064	0.5044	-0.4966
			-0.9526	0.0663	0.2969
			0.3409	-0.9385	-0.0552
			-0.4133	0.5934	-0.6907
			-0.6886	0.5784	-0.4374
			0.7232	0.6457	-0.245
			0.7045	0.4871	0.5162
			0.3887	-0.8733	0.2935
			0.5938	-0.0061	-0.8046
			-0.7045	-0.4871	-0.5162
			-0.3887	0.8733	-0.2935
			-0.5938	0.0061	0.8046
		b:
			-203.4111
			-180.3696
			-6.6592
			-153.7846
			-183.487
			197.3003
			295.8442
			64.2532
			22.1429
			-292.8442
			-62.2532
			-20.1429
	==================================================================================
	Q5:
		Shape: Polyhedra
		q_c:	246.0	90.0	148.0
		ub :	248.9042	92.9163	150.9107
		lb :	243.0958	87.0837	145.0893
		A:
			0.3093	-0.5855	-0.7493
			0.1046	0.9865	0.1257
			0.2223	-0.9729	-0.0642
			0.3439	-0.8502	0.3987
			-0.7227	-0.2371	0.6492
			0.2086	-0.7196	-0.6624
			0.7783	0.4666	0.4201
			-0.2381	-0.3998	0.8851
			0.581	-0.7889	-0.2001
			-0.7783	-0.4666	-0.4201
			0.2381	0.3998	-0.8851
			-0.581	0.7889	0.2001
		b:
			-85.7953
			134.8689
			-40.7951
			68.7833
			-101.1008
			-109.7941
			297.6375
			38.4549
			43.8024
			-293.6375
			-34.4549
			-40.8024
	==================================================================================
	Q6:
		Shape: Polyhedra
		q_c:	242.0	84.5	150.0
		ub :	244.8635	87.3477	152.602
		lb :	239.1365	81.6523	147.398
		A:
			0.5208	0.0005	0.8537
			0.8202	-0.0364	-0.5709
			0.395	-0.8453	-0.3598
			0.7002	-0.6891	0.1868
			-0.3947	0.8477	0.3544
			0.8841	-0.3578	0.3005
			0.6762	0.6797	0.2843
			0.3708	-0.6474	0.6658
			0.6366	-0.3448	-0.6898
			-0.6762	-0.6797	-0.2843
			-0.3708	0.6474	-0.6658
			-0.6366	0.3448	0.6898
		b:
			255.8205
			111.3674
			-28.2136
			140.7265
			30.8579
			230.399
			265.7127
			136.4083
			22.9381
			-261.7127
			-133.4083
			-19.9381


===========================================================================================
===========================================================================================
S12:
	q_c:	25.0	389.0	135.0
	ub :	37.339	402.2542	147.5151
	lb :	11.1846	371.2672	125.4991

	==================================================================================
	Q1:
		Shape: Hybrid
		q_c:	22.5	390.0	140.5
		ub :	28.4421	395.9689	145.9248
		lb :	16.5579	384.0311	135.0752
		P^-1:
			0.0614	0.0173	-0.0162
			0.0173	0.0831	-0.0078
			-0.0162	-0.0078	0.0976
		A:
			-0.091	-0.9335	0.3469
			-0.5843	-0.5162	-0.6263
			0.8355	0.5426	0.0862
			0.3935	-0.3447	-0.8522
			0.7445	-0.2603	-0.6148
			0.7561	-0.6074	-0.2435
		b:
			-315.4545
			-300.208
			244.7363
			-243.4425
			-168.9058
			-251.3509
	==================================================================================
	Q2:
		Shape: Polyhedra
		q_c:	28.0	386.5	143.0
		ub :	32.7714	391.2712	147.5151
		lb :	23.2286	381.7288	138.4849
		A:
			0.5526	0.729	0.4039
			0.1237	-0.3843	0.9149
			0.5621	-0.5415	-0.6251
			-0.0291	0.7824	0.6221
			-0.71	0.3689	0.5998
			-0.4374	0.8762	0.2022
			0.0945	0.6656	0.7403
			-0.7198	0.5594	-0.4111
			-0.6878	-0.494	0.5319
			-0.0945	-0.6656	-0.7403
			0.7198	-0.5594	0.4111
			0.6878	0.494	-0.5319
		b:
			357.3719
			-11.1476
			-280.3656
			392.6219
			211.2558
			358.2084
			367.7529
			140.7885
			-131.134
			-363.7529
			-133.7885
			137.134
	==================================================================================
	Q3:
		Shape: Ellipse
		q_c:	25.5	395.5	137.0
		ub :	33.1004	401.9656	144.2145
		lb :	17.8996	389.0344	129.7855
		P^-1:
			0.0486	-0.0065	0.0057
			-0.0065	0.0593	0.0042
			0.0057	0.0042	0.037
	==================================================================================
	Q4:
		Shape: Ellipse
		q_c:	25.0	398.0	137.0
		ub :	30.3533	402.2542	141.6243
		lb :	19.6467	393.7458	132.3757
		P^-1:
			0.0695	0.0582	-0.0559
			0.0582	0.5468	-0.4649
			-0.0559	-0.4649	0.5087
	==================================================================================
	Q5:
		Shape: Polyhedra
		q_c:	30.5	378.0	142.5
		ub :	37.339	384.7328	146.5376
		lb :	23.661	371.2672	138.4624
		A:
			0.1021	-0.4597	0.8822
			0.6595	0.6247	-0.4181
			-0.1185	0.5842	-0.8029
			-0.4588	0.4442	-0.7696
			-0.1683	-0.6048	0.7784
			0.2391	-0.7606	0.6036
			0.6804	0.6979	0.2235
			0.7264	-0.6021	-0.3313
			-0.0966	0.3878	-0.9167
			-0.6804	-0.6979	-0.2235
			-0.7264	0.6021	0.3313
			0.0966	-0.3878	0.9167
		b:
			-43.3958
			200.5346
			104.6241
			46.5786
			-120.6862
			-191.4519
			320.918
			-247.6468
			14.5282
			-311.918
			257.6468
			-11.5282
	==================================================================================
	Q6:
		Shape: Polyhedra
		q_c:	16.5	389.0	131.0
		ub :	21.8154	393.8926	136.5009
		lb :	11.1846	384.1074	125.4991
		A:
			0.2969	0.3735	-0.8788
			0.0222	-0.5966	0.8022
			0.876	-0.0057	0.4822
			-0.4079	0.6479	-0.6433
			-0.254	0.225	-0.9406
			-0.1905	0.6222	0.7593
			0.4352	0.137	0.8898
			0.049	0.9833	-0.1754
			-0.899	0.12	0.4212
			-0.4352	-0.137	-0.8898
			-0.049	-0.9833	0.1754
			0.899	-0.12	-0.4212
		b:
			38.896
			-122.8073
			79.0682
			164.8413
			-36.2891
			342.15
			180.5554
			364.324
			91.0188
			-173.5554
			-356.324
			-83.0188


===========================================================================================
===========================================================================================
S13:
	q_c:	113.5	20.0	128.5
	ub :	141.0816	23.4843	150.3234
	lb :	97.7825	-5.411	101.203

	==================================================================================
	Q1:
		Shape: Polyhedra
		q_c:	130.5	4.5	141.5
		ub :	140.1387	14.411	150.3234
		lb :	120.8613	-5.411	132.6766
		A:
			0.2546	0.1985	0.9465
			0.5093	0.8568	0.0803
			-0.4329	0.1491	-0.889
			-0.0793	0.6009	-0.7953
			-0.5607	-0.7265	0.3973
			-0.8293	-0.5588	0.004
			0.4634	0.7888	0.4039
			0.2786	0.303	-0.9114
			-0.8412	0.5349	-0.0794
			-0.4634	-0.7888	-0.4039
			-0.2786	-0.303	0.9114
			0.8412	-0.5349	0.0794
		b:
			174.3104
			87.7311
			-175.3441
			-113.7916
			-13.9524
			-104.0893
			127.1739
			-84.7332
			-112.6007
			-115.1739
			97.7332
			124.6007
	==================================================================================
	Q2:
		Shape: Polyhedra
		q_c:	129.5	9.0	135.5
		ub :	139.6718	20.1431	145.1625
		lb :	119.3282	-2.1431	125.8375
		A:
			0.9809	-0.0793	0.1774
			-0.5768	-0.2656	-0.7725
			0.9631	-0.2485	-0.1039
			0.4222	-0.1759	-0.8893
			0.7218	-0.2601	0.6414
			0.5749	0.4681	0.6712
			0.7952	0.5933	0.1255
			0.5861	-0.6988	-0.4101
			-0.1556	0.3996	-0.9034
			-0.7952	-0.5933	-0.1255
			-0.5861	0.6988	0.4101
			0.1556	-0.3996	0.9034
		b:
			157.0549
			-174.7843
			114.8135
			-60.917
			184.9255
			176.5313
			132.3179
			20.048
			-131.9589
			-118.3179
			-8.048
			145.9589
	==================================================================================
	Q3:
		Shape: Hybrid
		q_c:	117.0	10.5	116.0
		ub :	126.9544	21.2194	128.0033
		lb :	107.0456	-0.2194	103.9967
		P^-1:
			0.0232	-0.001	0.0019
			-0.001	0.0216	0.0039
			0.0019	0.0039	0.0164
		A:
			-0.0834	0.8193	-0.5672
			0.506	-0.1239	0.8536
			-0.5617	-0.8115	-0.1613
			-0.9818	0.0003	-0.19
			0.4242	0.8812	0.2086
			0.877	0.3865	-0.2855
		b:
			-62.2269
			161.1407
			-89.3999
			-133.6431
			86.5666
			77.6439
	==================================================================================
	Q4:
		Shape: Ellipse
		q_c:	133.0	13.0	109.5
		ub :	141.0816	15.8702	117.797
		lb :	124.9184	10.1298	101.203
		P^-1:
			0.031	0.0032	0.0023
			0.0032	0.2473	-0.0239
			0.0023	-0.0239	0.0325
	==================================================================================
	Q5:
		Shape: Hybrid
		q_c:	102.5	18.0	139.0
		ub :	107.2175	22.9891	143.1959
		lb :	97.7825	13.0109	134.8041
		P^-1:
			1.7674	0.2229	-1.9397
			0.2229	0.1314	-0.2966
			-1.9397	-0.2966	2.2523
		A:
			0.7263	0.1024	-0.6797
			-0.6046	0.2952	0.7398
			0.6535	0.2411	-0.7175
			0.6244	0.0344	-0.7803
			-0.6439	0.3879	0.6595
			-0.5481	0.2109	0.8094
		b:
			-17.7647
			47.4176
			-27.9131
			-43.4716
			34.0462
			61.3563
	==================================================================================
	Q6:
		Shape: Ellipse
		q_c:	129.5	18.5	123.5
		ub :	134.3775	23.4843	128.3105
		lb :	124.6225	13.5157	118.6895
		P^-1:
			0.0819	0.0177	0.0126
			0.0177	0.1337	0.0885
			0.0126	0.0885	0.1785


===========================================================================================
===========================================================================================
S14:
	q_c:	103.5	324.0	47.5
	ub :	112.3885	338.636	64.7496
	lb :	89.0834	308.2928	33.8523

	==================================================================================
	Q1:
		Shape: Polyhedra
		q_c:	99.5	321.5	38.0
		ub :	103.924	325.8689	42.1477
		lb :	95.076	317.1311	33.8523
		A:
			0.5241	0.7464	0.4101
			0.6261	0.7723	0.1073
			0.6857	0.6955	0.2147
			0.8505	0.4544	0.2649
			-0.7949	-0.4662	-0.3884
			0.4485	0.6397	0.6242
			0.747	0.6162	0.2493
			-0.6079	0.785	-0.1188
			-0.2689	-0.0628	0.9611
			-0.747	-0.6162	-0.2493
			0.6079	-0.785	0.1188
			0.2689	0.0628	-0.9611
		b:
			309.2593
			316.0926
			301.086
			242.0815
			-242.4234
			275.9097
			282.929
			191.8863
			-6.9361
			-280.929
			-182.8863
			13.9361
	==================================================================================
	Q2:
		Shape: Polyhedra
		q_c:	99.5	332.0	50.5
		ub :	106.1879	338.636	56.0146
		lb :	92.8121	325.364	44.9854
		A:
			-0.6327	-0.064	0.7717
			-0.0163	-0.0736	-0.9972
			0.7742	0.4867	-0.4047
			0.1312	-0.3367	0.9324
			-0.0518	-0.758	0.6502
			0.1068	-0.0368	-0.9936
			0.8794	0.4409	0.1797
			0.2889	-0.7941	0.5348
			0.3785	-0.4183	-0.8257
			-0.8794	-0.4409	-0.1797
			-0.2889	0.7941	-0.5348
			-0.3785	0.4183	0.8257
		b:
			-41.6675
			-73.0282
			222.7369
			-47.9139
			-219.9334
			-48.5067
			247.9592
			-203.8895
			-139.924
			-237.9592
			211.8895
			145.924
	==================================================================================
	Q3:
		Shape: Ellipse
		q_c:	107.0	327.5	52.5
		ub :	112.3885	332.2747	58.3105
		lb :	101.6115	322.7253	46.6895
		P^-1:
			0.1116	-0.0352	0.0228
			-0.0352	0.1218	-0.019
			0.0228	-0.019	0.0482
	==================================================================================
	Q4:
		Shape: Polyhedra
		q_c:	96.0	314.0	58.0
		ub :	102.9166	319.7072	64.7496
		lb :	89.0834	308.2928	51.2504
		A:
			-0.3997	0.7682	0.5001
			0.3766	0.842	-0.3862
			-0.9526	-0.0855	0.2919
			-0.8822	-0.292	0.3694
			0.0642	-0.5182	0.8529
			-0.0725	0.3813	-0.9216
			0.7061	0.076	0.704
			-0.5109	-0.6338	0.5808
			0.4903	-0.7698	-0.4087
			-0.7061	-0.076	-0.704
			0.5109	0.6338	-0.5808
			-0.4903	0.7698	0.4087
		b:
			236.3522
			281.3246
			-97.5586
			-151.4657
			-103.4449
			63.0629
			136.976
			-211.3677
			-213.8405
			-127.976
			217.3677
			222.8405
	==================================================================================
	Q5:
		Shape: Hybrid
		q_c:	95.0	326.5	55.0
		ub :	99.8067	330.8519	60.5082
		lb :	90.1933	322.1481	49.4918
		P^-1:
			0.0801	-0.0006	-0.0069
			-0.0006	0.0814	-0.0028
			-0.0069	-0.0028	0.0512
		A:
			0.5255	-0.8448	-0.1007
			-0.3912	-0.7614	0.517
			-0.181	0.6459	-0.7417
			0.5426	-0.4251	0.7244
			-0.4012	0.9069	0.1291
			0.0471	0.7175	0.695
		b:
			-229.6995
			-255.4302
			155.1678
			-45.0118
			266.8457
			279.2886
	==================================================================================
	Q6:
		Shape: Polyhedra
		q_c:	102.5	321.5	46.0
		ub :	106.2898	326.3232	50.8014
		lb :	98.7102	316.6768	41.1986
		A:
			0.5014	-0.0985	-0.8596
			-0.2296	-0.7625	-0.6048
			-0.8088	-0.0385	0.5868
			0.3335	0.415	0.8465
			-0.2543	0.2231	-0.941
			-0.8641	-0.1547	-0.4789
			0.1024	0.6267	0.7725
			-0.0003	0.7766	-0.63
			-0.9947	0.0643	0.0797
			-0.1024	-0.6267	-0.7725
			0.0003	-0.7766	0.63
			0.9947	-0.0643	-0.0797
		b:
			-16.5259
			-293.4802
			-64.8362
			209.5948
			5.6998
			-156.9957
			250.5252
			224.1582
			-74.1255
			-244.5252
			-217.1582
			81.1255


===========================================================================================
===========================================================================================
S15:
	q_c:	417.5	279.0	457.5
	ub :	425.7852	290.7467	464.3997
	lb :	410.8026	270.6004	448.5034

	==================================================================================
	Q1:
		Shape: Polyhedra
		q_c:	415.5	276.0	461.0
		ub :	419.5257	279.8104	463.7776
		lb :	411.4743	272.1896	458.2224
		A:
			0.0262	0.7053	0.7084
			0.4533	-0.2236	0.8628
			-0.5527	0.6222	-0.5545
			-0.4635	0.6991	-0.5445
			0.3082	-0.8848	0.3495
			-0.3794	0.5922	0.7109
			0.7754	0.6004	0.1956
			0.2169	-0.5442	0.8105
			0.593	-0.586	-0.5522
			-0.7754	-0.6004	-0.1956
			-0.2169	0.5442	-0.8105
			-0.593	0.586	0.5522
		b:
			534.7946
			525.924
			-312.0949
			-249.3003
			46.6566
			336.0242
			581.0473
			314.5719
			-167.4155
			-575.0473
			-312.5719
			172.4155
	==================================================================================
	Q2:
		Shape: Polyhedra
		q_c:	413.5	278.5	452.5
		ub :	415.8777	279.5948	455.0923
		lb :	411.1223	277.4052	449.9077
		A:
			-0.2471	-0.8947	-0.372
			0.356	-0.8522	0.3834
			-0.933	-0.3232	0.1581
			0.8297	-0.5571	0.035
			0.277	-0.9352	-0.2207
			-0.3931	-0.8645	-0.3131
			0.7667	0.0181	0.6418
			-0.642	0.031	0.7661
			-0.006	-0.9994	0.0353
			-0.7667	-0.0181	-0.6418
			0.642	-0.031	-0.7661
			0.006	0.9994	-0.0353
		b:
			-518.6215
			84.3191
			-402.3945
			205.3372
			-244.4467
			-543.9951
			613.4668
			92.2888
			-263.8078
			-611.4668
			-87.2888
			265.8078
	==================================================================================
	Q3:
		Shape: Hybrid
		q_c:	421.5	286.0	460.5
		ub :	425.7852	290.7467	464.3997
		lb :	417.2148	281.2533	456.6003
		P^-1:
			0.1989	-0.0649	-0.0525
			-0.0649	0.1675	-0.0667
			-0.0525	-0.0667	0.1961
		A:
			-0.1285	0.4436	-0.887
			-0.7638	0.4326	-0.4791
			-0.8004	0.5686	0.1897
			-0.6517	0.0313	0.7578
			0.8431	-0.5351	-0.0532
			0.734	-0.6165	0.2849
		b:
			-334.5809
			-417.4678
			-86.388
			84.2444
			178.8742
			265.3261
	==================================================================================
	Q4:
		Shape: Ellipse
		q_c:	418.0	275.0	454.5
		ub :	421.297	279.3996	457.7147
		lb :	414.703	270.6004	451.2853
		P^-1:
			0.1711	0.0032	-0.0306
			0.0032	0.0651	0.0193
			-0.0306	0.0193	0.2363
	==================================================================================
	Q5:
		Shape: Ellipse
		q_c:	414.5	281.5	453.0
		ub :	418.1974	286.7222	457.4966
		lb :	410.8026	276.2778	448.5034
		P^-1:
			0.1515	-0.023	-0.0151
			-0.023	0.0978	-0.0409
			-0.0151	-0.0409	0.1331
	==================================================================================
	Q6:
		Shape: Hybrid
		q_c:	415.0	284.0	457.5
		ub :	418.6137	287.7251	460.6075
		lb :	411.3863	280.2749	454.3925
		P^-1:
			0.2251	-0.0283	-0.0286
			-0.0283	0.2178	-0.0326
			-0.0286	-0.0326	0.2171
		A:
			-0.9294	-0.2419	0.2788
			0.9523	0.1674	-0.2551
			-0.9543	-0.0153	0.2985
			0.2873	-0.5242	-0.8017
			-0.303	0.3047	-0.903
			-0.8156	0.0996	-0.57
		b:
			-325.7492
			327.1196
			-262.7577
			-395.1801
			-451.1673
			-569.6816


===========================================================================================
===========================================================================================
S16:
	q_c:	246.0	264.0	123.0
	ub :	252.7444	275.2626	131.0391
	lb :	237.3163	254.711	118.0691

	==================================================================================
	Q1:
		Shape: Polyhedra
		q_c:	247.5	266.5	127.5
		ub :	250.7872	270.1931	131.0391
		lb :	244.2128	262.8069	123.9609
		A:
			-0.7991	0.1284	0.5873
			0.124	0.2772	-0.9528
			0.8022	0.0884	-0.5905
			0.1995	0.5422	-0.8163
			0.6945	0.6693	-0.2638
			-0.3944	0.2024	-0.8964
			0.18	0.8325	0.524
			0.6238	0.3152	-0.7152
			-0.7605	0.4556	-0.4626
			-0.18	-0.8325	-0.524
			-0.6238	-0.3152	0.7152
			0.7605	-0.4556	0.4626
		b:
			-86.9242
			-15.0863
			148.4568
			91.562
			318.4994
			-155.6493
			335.7241
			148.7197
			-123.2888
			-330.7241
			-145.7197
			128.2888
	==================================================================================
	Q2:
		Shape: Polyhedra
		q_c:	242.0	268.0	126.5
		ub :	245.2298	271.9013	130.2352
		lb :	238.7702	264.0987	122.7648
		A:
			-0.3953	-0.9086	0.1352
			0.6589	0.2765	0.6996
			-0.9627	-0.2656	-0.0514
			-0.0294	-0.9621	0.271
			0.6857	-0.2811	-0.6715
			-0.648	0.2854	0.7061
			0.5408	0.7518	0.3772
			0.7384	-0.2096	-0.6409
			-0.4028	0.6252	-0.6685
			-0.5408	-0.7518	-0.3772
			-0.7384	0.2096	0.6409
			0.4028	-0.6252	0.6685
		b:
			-319.6069
			324.6068
			-308.8093
			-227.709
			6.6675
			10.0336
			382.0818
			42.4459
			-11.0017
			-378.0818
			-40.4459
			18.0017
	==================================================================================
	Q3:
		Shape: Polyhedra
		q_c:	241.5	268.0	123.5
		ub :	245.6837	271.8177	128.1301
		lb :	237.3163	264.1823	118.8699
		A:
			-0.4348	-0.5826	-0.6866
			0.0676	0.7796	0.6226
			0.6706	-0.182	-0.7191
			-0.0621	0.9948	0.0804
			0.2515	-0.6221	-0.7414
			-0.1303	-0.9905	0.0449
			0.3052	0.8137	0.4947
			0.3879	0.3682	-0.845
			-0.8697	0.4498	-0.2033
			-0.3052	-0.8137	-0.4947
			-0.3879	-0.3682	0.845
			0.8697	-0.4498	0.2033
		b:
			-344.21
			303.8769
			27.8478
			263.611
			-195.0892
			-289.0258
			354.3746
			92.0026
			-112.1017
			-351.3746
			-84.0026
			117.1017
	==================================================================================
	Q4:
		Shape: Ellipse
		q_c:	248.5	260.5	123.0
		ub :	252.6277	266.289	127.9309
		lb :	244.3723	254.711	118.0691
		P^-1:
			0.1439	0.0378	0.0096
			0.0378	0.0649	0.0015
			0.0096	0.0015	0.0631
	==================================================================================
	Q5:
		Shape: Polyhedra
		q_c:	249.5	258.5	121.0
		ub :	252.7444	262.0042	123.5948
		lb :	246.2556	254.9958	118.4052
		A:
			-0.9091	-0.2474	-0.3352
			-0.7981	-0.2756	0.5358
			-0.0834	0.0638	-0.9945
			-0.527	-0.7007	0.4809
			0.3046	0.9158	0.2619
			0.009	0.2283	0.9735
			0.7196	0.663	0.2065
			0.0597	-0.3553	0.9328
			0.6919	-0.6589	-0.2952
			-0.7196	-0.663	-0.2065
			-0.0597	0.3553	-0.9328
			-0.6919	0.6589	0.2952
		b:
			-329.5602
			-203.4969
			-123.0434
			-252.9304
			346.3432
			180.9441
			377.4072
			37.4071
			-30.4353
			-374.4072
			-34.4071
			36.4353
	==================================================================================
	Q6:
		Shape: Ellipse
		q_c:	245.5	271.0	126.0
		ub :	249.8617	275.2626	130.8487
		lb :	241.1383	266.7374	121.1513
		P^-1:
			0.1938	-0.0601	-0.046
			-0.0601	0.1465	0.0166
			-0.046	0.0166	0.1024


===========================================================================================
===========================================================================================
S17:
	q_c:	314.0	182.0	81.5
	ub :	341.2475	201.5736	85.8321
	lb :	299.5642	161.4826	60.689

	==================================================================================
	Q1:
		Shape: Polyhedra
		q_c:	317.0	197.5	71.5
		ub :	323.4246	200.9754	77.203
		lb :	310.5754	194.0246	65.797
		A:
			0.1472	-0.9197	-0.3639
			0.1624	-0.9714	0.1731
			-0.778	0.5891	-0.2185
			0.5043	0.8084	-0.3036
			-0.748	0.6276	0.216
			-0.456	-0.663	-0.5937
			0.0941	0.925	0.3682
			0.8811	0.0948	-0.4634
			-0.4635	0.368	-0.8061
			-0.0941	-0.925	-0.3682
			-0.8811	-0.0948	0.4634
			0.4635	-0.368	0.8061
		b:
			-158.7153
			-125.6079
			-142.1286
			301.8075
			-93.515
			-315.5104
			240.8242
			270.4021
			-128.899
			-236.8242
			-259.4021
			134.899
	==================================================================================
	Q2:
		Shape: Hybrid
		q_c:	309.5	169.0	75.5
		ub :	319.4358	176.5174	85.8321
		lb :	299.5642	161.4826	65.1679
		P^-1:
			0.0289	0.0187	0.0098
			0.0187	0.0618	0.0217
			0.0098	0.0217	0.0318
		A:
			0.6723	0.7168	0.1847
			-0.3883	0.8319	0.3963
			0.1864	0.7556	-0.6279
			0.3816	0.5067	0.7731
			0.7324	-0.1453	-0.6652
			-0.7073	0.7063	0.0297
		b:
			345.6655
			54.095
			142.7592
			264.7947
			157.107
			-92.3489
	==================================================================================
	Q3:
		Shape: Polyhedra
		q_c:	325.5	183.5	72.0
		ub :	334.8312	191.7622	83.311
		lb :	316.1688	175.2378	60.689
		A:
			-0.7599	0.3184	0.5667
			0.4904	-0.7218	0.4884
			-0.5991	-0.5911	0.54
			0.3083	-0.5508	0.7756
			-0.586	0.5976	-0.5472
			-0.2484	0.9551	-0.1616
			0.8895	0.2389	0.3895
			0.0308	-0.8819	0.4705
			0.4559	-0.4065	-0.7918
			-0.8895	-0.2389	-0.3895
			-0.0308	0.8819	-0.4705
			-0.4559	0.4065	0.7918
		b:
			-139.1007
			66.4969
			-258.8854
			59.6843
			-116.1303
			87.5909
			366.9123
			-114.4214
			26.299
			-355.9123
			121.4214
			-7.299
	==================================================================================
	Q4:
		Shape: Hybrid
		q_c:	332.5	178.0	70.5
		ub :	341.2475	181.8948	76.3821
		lb :	323.7525	174.1052	64.6179
		P^-1:
			0.0238	0.007	0.0298
			0.007	0.1391	0.0232
			0.0298	0.0232	0.1238
		A:
			0.1397	-0.2286	0.9634
			0.0902	0.086	0.9922
			-0.4232	-0.7563	-0.4989
			-0.7555	-0.5678	-0.3269
			-0.1654	-0.0542	-0.9847
			0.0682	-0.9976	-0.0116
		b:
			75.4641
			117.0551
			-308.5152
			-371.0983
			-132.4456
			-154.1842
	==================================================================================
	Q5:
		Shape: Hybrid
		q_c:	321.0	195.0	71.5
		ub :	328.6401	201.5736	78.9076
		lb :	313.3599	188.4264	64.0924
		P^-1:
			0.0475	-0.0003	0.0231
			-0.0003	0.0837	-0.0298
			0.0231	-0.0298	0.0702
		A:
			-0.311	0.7303	-0.6083
			0.2324	-0.1674	0.9581
			0.0627	0.9679	-0.2435
			0.3078	0.6707	-0.6749
			0.282	0.487	0.8266
			-0.6634	0.2988	0.686
		b:
			0.6106
			112.7267
			193.3184
			183.6251
			247.5402
			-101.1253
	==================================================================================
	Q6:
		Shape: Polyhedra
		q_c:	330.5	174.0	75.0
		ub :	336.9913	182.4353	84.4748
		lb :	324.0087	165.5647	65.5252
		A:
			0.8259	0.4659	-0.3175
			0.5707	-0.8201	-0.0426
			0.3481	0.3196	0.8813
			-0.031	-0.6396	-0.768
			0.586	-0.8036	-0.1041
			-0.8844	-0.4461	0.137
			0.0806	0.8858	0.4571
			-0.4096	0.4475	-0.7949
			-0.9087	-0.1232	0.3989
			-0.0806	-0.8858	-0.4571
			0.4096	-0.4475	0.7949
			0.9087	0.1232	-0.3989
		b:
			334.0625
			48.4491
			243.0319
			-173.5328
			51.6095
			-355.7465
			220.549
			-110.1398
			-288.3278
			-209.549
			124.1398
			295.3278


===========================================================================================
===========================================================================================
S18:
	q_c:	391.5	237.0	129.0
	ub :	398.7179	247.3539	135.5508
	lb :	380.5519	232.2129	119.8962

	==================================================================================
	Q1:
		Shape: Polyhedra
		q_c:	384.0	243.5	132.0
		ub :	387.4481	247.3539	135.5508
		lb :	380.5519	239.6461	128.4492
		A:
			0.9379	0.1118	-0.3283
			0.0854	0.9481	0.3063
			0.1955	-0.8941	0.403
			0.6759	-0.5962	-0.4333
			0.3473	0.8927	-0.2872
			-0.3458	0.8096	0.4743
			0.7288	0.5982	0.3331
			-0.1098	-0.3782	0.9192
			0.6758	-0.7065	-0.21
			-0.7288	-0.5982	-0.3331
			0.1098	0.3782	-0.9192
			-0.6758	0.7065	0.21
		b:
			346.3804
			306.3877
			-87.1805
			59.2199
			315.2654
			129.0387
			472.0033
			-10.3947
			61.7719
			-467.0033
			15.3947
			-57.7719
	==================================================================================
	Q2:
		Shape: Ellipse
		q_c:	395.5	241.0	130.0
		ub :	398.7179	244.1984	132.6963
		lb :	392.2821	237.8016	127.3037
		P^-1:
			0.25	0.0	0.0
			0.0	0.25	0.0
			0.0	0.0	0.25
	==================================================================================
	Q3:
		Shape: Polyhedra
		q_c:	386.5	242.0	128.5
		ub :	390.7666	247.3353	133.9016
		lb :	382.2334	236.6647	123.0984
		A:
			-0.5459	0.3121	-0.7776
			-0.8881	0.4567	-0.0517
			0.217	0.9486	0.2304
			0.6187	-0.3159	0.7193
			-0.9955	0.0741	-0.0586
			0.4723	-0.5974	-0.6481
			0.4981	0.6388	0.5864
			0.8657	-0.3273	-0.3788
			-0.0501	0.6963	-0.716
			-0.4981	-0.6388	-0.5864
			-0.8657	0.3273	0.3788
			0.0501	-0.6963	0.716
		b:
			-232.0378
			-236.3031
			346.1748
			258.4004
			-371.3422
			-42.2971
			425.452
			209.7083
			60.6358
			-419.452
			-203.7083
			-53.6358
	==================================================================================
	Q4:
		Shape: Polyhedra
		q_c:	388.5	236.0	124.0
		ub :	393.0507	239.7871	128.1038
		lb :	383.9493	232.2129	119.8962
		A:
			0.9632	-0.2444	0.1116
			0.5621	0.8125	0.1547
			0.545	-0.7191	-0.4311
			-0.8819	0.2152	0.4195
			0.0412	-0.9987	0.0297
			-0.8344	0.4592	-0.3049
			0.4343	0.2504	0.8653
			-0.7476	-0.4356	0.5013
			0.5024	-0.8646	-0.002
			-0.4343	-0.2504	-0.8653
			0.7476	0.4356	-0.5013
			-0.5024	0.8646	0.002
		b:
			332.9437
			432.1488
			-9.1895
			-237.149
			-213.7479
			-251.2056
			338.1143
			-328.0886
			-7.11
			-332.1143
			334.0886
			11.11
	==================================================================================
	Q5:
		Shape: Ellipse
		q_c:	389.5	242.0	125.0
		ub :	394.1604	245.4706	129.6661
		lb :	384.8396	238.5294	120.3339
		P^-1:
			0.1354	-0.0459	0.0261
			-0.0459	0.1976	-0.0493
			0.0261	-0.0493	0.1392
	==================================================================================
	Q6:
		Shape: Hybrid
		q_c:	394.0	242.5	125.5
		ub :	398.521	245.3803	130.0145
		lb :	389.479	239.6197	120.9855
		P^-1:
			0.1718	-0.0909	0.0926
			-0.0909	0.3368	-0.1041
			0.0926	-0.1041	0.1775
		A:
			-0.1783	-0.9171	0.3564
			-0.7926	-0.3331	-0.5108
			-0.7059	0.6344	0.315
			-0.017	0.919	-0.3939
			0.4646	0.1102	0.8786
			0.6422	0.3355	0.6893
		b:
			-246.603
			-455.4433
			-82.6822
			167.7719
			321.7234
			422.5441


===========================================================================================
===========================================================================================
S19:
	q_c:	65.0	371.0	130.5
	ub :	93.4134	395.4911	149.4462
	lb :	40.3297	349.486	107.5424

	==================================================================================
	Q1:
		Shape: Ellipse
		q_c:	69.0	380.0	121.0
		ub :	77.9953	387.9257	129.7016
		lb :	60.0047	372.0743	112.2984
		P^-1:
			0.0283	0.0128	-0.0018
			0.0128	0.0412	-0.0025
			-0.0018	-0.0025	0.0159
	==================================================================================
	Q2:
		Shape: Polyhedra
		q_c:	58.5	373.0	133.5
		ub :	66.2976	378.1156	141.0166
		lb :	50.7024	367.8844	125.9834
		A:
			0.3887	-0.8946	-0.2203
			0.339	0.6178	0.7095
			-0.4529	-0.6563	0.6034
			0.1272	-0.9046	-0.4067
			0.2406	0.9674	0.0786
			-0.6393	0.769	0.0012
			0.3577	0.9333	0.0313
			0.8994	-0.3353	-0.2803
			-0.2511	0.1284	-0.9594
			-0.3577	-0.9333	-0.0313
			-0.8994	0.3353	0.2803
			0.2511	-0.1284	0.9594
		b:
			-335.759
			349.5209
			-186.3876
			-380.2409
			388.0209
			254.9741
			375.736
			-103.864
			-88.8595
			-370.736
			115.864
			100.8595
	==================================================================================
	Q3:
		Shape: Ellipse
		q_c:	68.0	371.5	137.5
		ub :	76.2348	385.0739	149.4462
		lb :	59.7652	357.9261	125.5538
		P^-1:
			0.0913	0.0296	0.0275
			0.0296	0.0209	0.0059
			0.0275	0.0059	0.025
	==================================================================================
	Q4:
		Shape: Hybrid
		q_c:	60.5	385.5	136.5
		ub :	68.1304	395.4911	146.3368
		lb :	52.8696	375.5089	126.6632
		P^-1:
			0.0564	0.0188	0.0115
			0.0188	0.0357	0.024
			0.0115	0.024	0.0434
		A:
			0.1746	-0.6546	-0.7356
			-0.3862	-0.6624	-0.6419
			0.4058	-0.8582	-0.3144
			-0.9689	-0.188	-0.1607
			-0.9754	-0.2189	0.0259
			-0.918	-0.051	0.3932
		b:
			-339.3791
			-364.3902
			-344.6631
			-150.6304
			-137.3394
			-18.4632
	==================================================================================
	Q5:
		Shape: Hybrid
		q_c:	52.5	378.5	133.0
		ub :	64.6703	391.9213	144.1198
		lb :	40.3297	365.0787	121.8802
		P^-1:
			0.0136	-0.0029	-0.0016
			-0.0029	0.0169	-0.0034
			-0.0016	-0.0034	0.0219
		A:
			0.575	-0.383	-0.723
			-0.5896	0.0248	0.8073
			-0.5406	0.8189	0.1928
			-0.1139	0.4896	0.8645
			0.4976	0.6095	-0.6171
			-0.3271	-0.6536	-0.6825
		b:
			-206.8951
			89.6685
			311.4513
			298.685
			179.0563
			-349.7963
	==================================================================================
	Q6:
		Shape: Ellipse
		q_c:	82.0	358.0	119.0
		ub :	93.4134	366.514	130.4576
		lb :	70.5866	349.486	107.5424
		P^-1:
			0.0251	-0.0035	0.0096
			-0.0035	0.0342	-0.0053
			0.0096	-0.0053	0.0223


===========================================================================================
===========================================================================================
S20:
	q_c:	418.5	343.0	458.5
	ub :	448.2107	365.3625	487.9963
	lb :	387.6487	319.8221	443.1223

	==================================================================================
	Q1:
		Shape: Ellipse
		q_c:	438.5	331.0	465.0
		ub :	443.0265	336.1471	470.0935
		lb :	433.9735	325.8529	459.9065
		P^-1:
			0.0666	-0.0146	-0.0129
			-0.0146	0.1149	0.0464
			-0.0129	0.0464	0.1036
	==================================================================================
	Q2:
		Shape: Polyhedra
		q_c:	401.0	352.0	466.5
		ub :	414.3513	365.3625	477.0514
		lb :	387.6487	338.6375	455.9486
		A:
			-0.0423	0.2287	-0.9726
			0.1549	-0.6306	0.7605
			0.061	0.174	-0.9829
			-0.8032	-0.5062	-0.3141
			0.2434	0.3099	0.9191
			-0.6164	-0.1857	0.7652
			0.0651	0.5027	0.862
			-0.8129	0.5277	-0.2463
			-0.5787	-0.6847	0.443
			-0.0651	-0.5027	-0.862
			0.8129	-0.5277	0.2463
			0.5787	0.6847	-0.443
		b:
			-383.0834
			203.6579
			-366.141
			-639.1604
			641.4851
			51.2736
			610.6796
			-244.1427
			-259.4341
			-599.6796
			266.1427
			273.4341
	==================================================================================
	Q3:
		Shape: Hybrid
		q_c:	411.5	331.0	453.0
		ub :	420.4763	342.1779	462.8777
		lb :	402.5237	319.8221	443.1223
		P^-1:
			0.0446	-0.0133	0.0101
			-0.0133	0.0195	-0.0151
			0.0101	-0.0151	0.0415
		A:
			0.754	-0.3226	0.5722
			0.1839	-0.1865	0.9651
			-0.6267	0.5744	-0.5267
			0.2332	-0.0745	0.9696
			0.9184	-0.3726	0.1329
			0.3806	-0.2509	0.8901
		b:
			464.8291
			454.0897
			-304.0232
			513.9442
			317.3061
			479.3412
	==================================================================================
	Q4:
		Shape: Hybrid
		q_c:	436.0	351.5	479.5
		ub :	448.2107	363.8799	487.9963
		lb :	423.7893	339.1201	471.0037
		P^-1:
			0.017	-0.004	0.0046
			-0.004	0.0191	-0.0077
			0.0046	-0.0077	0.0355
		A:
			0.0346	-0.2092	-0.9773
			0.369	0.9164	-0.1549
			0.6643	-0.3581	0.6561
			0.1333	0.7494	0.6486
			-0.1017	-0.2072	-0.973
			-0.8965	0.3555	-0.2643
		b:
			-523.4262
			414.2367
			481.6608
			637.7663
			-580.1496
			-388.2194
	==================================================================================
	Q5:
		Shape: Hybrid
		q_c:	435.0	338.5	469.5
		ub :	445.0447	348.1753	478.3994
		lb :	424.9553	328.8247	460.6006
		P^-1:
			0.0157	0.0002	0.0003
			0.0002	0.0139	0.0001
			0.0003	0.0001	0.0177
		A:
			-0.3636	0.5717	0.7355
			0.0924	0.4748	-0.8752
			0.2787	0.8873	0.3676
			0.466	0.5046	0.7268
			0.5302	0.2071	-0.8222
			0.0956	0.7347	-0.6716
		b:
			384.871
			-206.0007
			598.6433
			718.7676
			-81.2649
			-20.6864
	==================================================================================
	Q6:
		Shape: Hybrid
		q_c:	426.0	352.0	467.0
		ub :	434.237	362.4894	477.6324
		lb :	417.763	341.5106	456.3676
		P^-1:
			0.0434	0.0	0.0074
			0.0	0.0325	0.0147
			0.0074	0.0147	0.0273
		A:
			-0.4634	0.4549	-0.7604
			0.9797	0.1347	-0.1484
			0.2328	-0.7259	-0.6472
			0.8376	-0.184	-0.5144
			0.9886	-0.0268	0.148
			-0.7053	-0.6935	-0.1468
		b:
			-387.4453
			398.7146
			-455.9336
			55.4451
			483.3542
			-609.8499


===========================================================================================
===========================================================================================
S21:
	q_c:	127.0	271.0	390.0
	ub :	143.2179	287.435	401.2901
	lb :	115.4157	258.3591	378.4301

	==================================================================================
	Q1:
		Shape: Polyhedra
		q_c:	134.0	269.5	396.0
		ub :	140.1985	276.2457	401.2901
		lb :	127.8015	262.7543	390.7099
		A:
			0.3929	0.4462	-0.8041
			0.2729	0.9617	-0.0253
			-0.1081	-0.9475	0.3008
			-0.4818	-0.7908	-0.3775
			-0.9088	0.197	0.3679
			0.1906	0.9207	0.3407
			0.6123	0.7706	0.1768
			-0.2548	0.404	-0.8786
			-0.7485	0.4929	0.4437
			-0.6123	-0.7706	-0.1768
			0.2548	-0.404	0.8786
			0.7485	-0.4929	-0.4437
		b:
			-141.7554
			290.4581
			-146.3672
			-422.2623
			80.301
			413.2075
			364.7409
			-269.6733
			211.2428
			-354.7409
			276.6733
			-205.2428
	==================================================================================
	Q2:
		Shape: Hybrid
		q_c:	128.0	278.0	392.0
		ub :	132.1591	283.2631	397.0506
		lb :	123.8409	272.7369	386.9494
		P^-1:
			0.2112	0.0688	0.018
			0.0688	0.1266	-0.0178
			0.018	-0.0178	0.0858
		A:
			-0.9268	0.2949	-0.2324
			0.7694	-0.3313	-0.5461
			-0.046	-0.962	0.2691
			0.9619	0.2368	0.1368
			0.2138	0.5531	-0.8052
			-0.8565	-0.4643	0.2254
		b:
			-126.0125
			-205.0962
			-165.9103
			243.6924
			-132.5028
			-149.2249
	==================================================================================
	Q3:
		Shape: Polyhedra
		q_c:	122.5	264.0	389.0
		ub :	129.5843	269.6409	396.2449
		lb :	115.4157	258.3591	381.7551
		A:
			0.4029	0.2444	-0.882
			0.1191	-0.9794	-0.1628
			-0.5269	-0.8495	-0.0265
			0.0238	0.7923	0.6096
			-0.1322	0.9903	-0.0422
			-0.9844	0.0685	-0.1618
			0.6427	0.2399	0.7275
			-0.7526	0.375	0.5412
			-0.143	-0.8954	0.4216
			-0.6427	-0.2399	-0.7275
			0.7526	-0.375	-0.5412
			0.143	0.8954	-0.4216
		b:
			-225.0165
			-303.5063
			-295.5622
			453.6764
			232.3596
			-160.7311
			429.5894
			222.3425
			-86.9139
			-420.5894
			-212.3425
			92.9139
	==================================================================================
	Q4:
		Shape: Polyhedra
		q_c:	133.0	272.0	389.0
		ub :	136.6309	274.4269	392.2102
		lb :	129.3691	269.5731	385.7898
		A:
			-0.157	0.9751	-0.1566
			-0.2206	0.7601	0.6112
			0.3261	0.9453	-0.0018
			0.6886	-0.0527	0.7233
			0.8535	0.2106	0.4766
			0.7704	-0.5879	0.2467
			0.4313	0.5196	0.7375
			-0.8995	0.1845	0.396
			0.0697	-0.8342	0.547
			-0.4313	-0.5196	-0.7375
			0.8995	-0.1845	-0.396
			-0.0697	0.8342	-0.547
		b:
			184.7965
			417.4867
			301.3407
			360.5612
			358.5375
			40.7778
			487.6058
			87.6011
			-3.8612
			-483.6058
			-81.6011
			5.8612
	==================================================================================
	Q5:
		Shape: Polyhedra
		q_c:	137.5	281.5	385.0
		ub :	143.2179	287.435	391.5699
		lb :	131.7821	275.565	378.4301
		A:
			0.8495	0.4615	0.2557
			0.1358	0.6576	0.741
			0.4483	-0.8873	0.1083
			0.4328	-0.6808	0.591
			-0.3413	0.6553	0.6738
			0.406	0.8999	-0.159
			0.5908	0.7396	0.3224
			0.7344	-0.3275	-0.5944
			-0.3341	0.5879	-0.7367
			-0.5908	-0.7396	-0.3224
			-0.7344	0.3275	0.5944
			0.3341	-0.5879	0.7367
		b:
			347.9133
			492.065
			-142.0966
			100.3456
			400.255
			251.2705
			416.0537
			-216.5703
			-159.0606
			-411.0537
			223.5703
			169.0606
	==================================================================================
	Q6:
		Shape: Polyhedra
		q_c:	131.5	269.0	395.5
		ub :	134.6877	273.8031	400.2895
		lb :	128.3123	264.1969	390.7105
		A:
			0.6319	-0.1288	0.7643
			0.2221	-0.59	0.7763
			0.7644	0.3397	-0.548
			0.5802	0.3754	0.7228
			0.3712	0.1198	0.9208
			0.6188	0.7801	0.0919
			0.8749	0.2928	0.3859
			-0.0652	-0.7182	0.6928
			0.48	-0.6312	-0.6093
			-0.8749	-0.2928	-0.3859
			0.0652	0.7182	-0.6928
			-0.48	0.6312	0.6093
		b:
			352.872
			180.3853
			-22.082
			465.1813
			447.703
			329.783
			347.9172
			75.2103
			-344.141
			-344.9172
			-69.2103
			351.141


===========================================================================================
===========================================================================================
S22:
	q_c:	446.5	258.5	293.5
	ub :	458.9946	273.3198	305.9582
	lb :	442.2931	253.0308	289.8511

	==================================================================================
	Q1:
		Shape: Polyhedra
		q_c:	448.0	267.5	296.0
		ub :	453.7069	272.6518	301.3789
		lb :	442.2931	262.3482	290.6211
		A:
			-0.7048	0.4871	0.5158
			-0.8607	0.3607	0.3593
			-0.7529	-0.2826	-0.5944
			0.4859	0.3636	0.7948
			-0.6353	0.664	-0.3943
			-0.9686	0.2047	-0.1407
			0.437	0.8994	0.0084
			0.8119	-0.3985	0.4266
			0.387	-0.1796	-0.9044
			-0.437	-0.8994	-0.0084
			-0.8119	0.3985	-0.4266
			-0.387	0.1796	0.9044
		b:
			-28.6615
			-178.9264
			-585.4895
			553.944
			-220.6842
			-417.6747
			442.3635
			386.406
			-137.89
			-435.3635
			-380.406
			146.89
	==================================================================================
	Q2:
		Shape: Ellipse
		q_c:	452.5	261.0	298.0
		ub :	458.9946	267.1248	304.9449
		lb :	446.0054	254.8752	291.0551
		P^-1:
			0.0587	0.0074	0.0024
			0.0074	0.0711	-0.0128
			0.0024	-0.0128	0.0637
	==================================================================================
	Q3:
		Shape: Ellipse
		q_c:	449.0	256.5	301.5
		ub :	452.8672	259.9692	305.9582
		lb :	445.1328	253.0308	297.0418
		P^-1:
			0.2985	0.0607	0.1738
			0.0607	0.2297	-0.0316
			0.1738	-0.0316	0.2287
	==================================================================================
	Q4:
		Shape: Ellipse
		q_c:	447.0	267.5	300.0
		ub :	449.8991	273.3198	305.6992
		lb :	444.1009	261.6802	294.3008
		P^-1:
			0.394	0.0476	-0.1203
			0.0476	0.0583	-0.0221
			-0.1203	-0.0221	0.1041
	==================================================================================
	Q5:
		Shape: Ellipse
		q_c:	452.0	257.5	299.0
		ub :	455.4125	261.346	301.1979
		lb :	448.5875	253.654	296.8021
		P^-1:
			1.0035	-0.0489	-1.5989
			-0.0489	0.1275	0.135
			-1.5989	0.135	3.1402
	==================================================================================
	Q6:
		Shape: Ellipse
		q_c:	455.0	263.5	295.5
		ub :	457.9957	268.2246	301.1489
		lb :	452.0043	258.7754	289.8511
		P^-1:
			0.2432	-0.0028	-0.035
			-0.0028	0.0987	-0.0247
			-0.035	-0.0247	0.0685


===========================================================================================
===========================================================================================
S23:
	q_c:	62.5	102.5	336.5
	ub :	72.3811	110.8654	343.0524
	lb :	54.4083	91.2931	325.8518

	==================================================================================
	Q1:
		Shape: Polyhedra
		q_c:	69.0	101.5	339.5
		ub :	72.3811	104.6197	343.0524
		lb :	65.6189	98.3803	335.9476
		A:
			-0.7082	0.0523	-0.7041
			-0.2746	0.5145	0.8123
			-0.5222	-0.8449	-0.116
			-0.2131	-0.7197	0.6608
			-0.938	0.0494	-0.3431
			-0.8427	-0.5325	-0.0794
			0.0966	0.5939	0.7987
			-0.0819	0.8045	-0.5883
			-0.9919	-0.0086	0.1263
			-0.0966	-0.5939	-0.7987
			0.0819	-0.8045	0.5883
			0.9919	0.0086	-0.1263
		b:
			-280.0013
			311.6418
			-158.6575
			138.6963
			-173.3275
			-136.3491
			340.6031
			-121.7386
			-23.4298
			-335.6031
			125.7386
			29.4298
	==================================================================================
	Q2:
		Shape: Polyhedra
		q_c:	66.5	98.5	338.0
		ub :	70.7687	102.1949	342.348
		lb :	62.2313	94.8051	333.652
		A:
			0.5215	-0.8046	0.284
			-0.5915	0.1729	0.7875
			0.7192	-0.6032	-0.3449
			-0.8594	0.1806	0.4783
			-0.211	-0.925	-0.3159
			0.9808	-0.0412	0.1909
			0.6163	0.1872	0.7649
			-0.6448	0.6776	0.3537
			-0.4521	-0.7112	0.5383
			-0.6163	-0.1872	-0.7649
			0.6448	-0.6776	-0.3537
			0.4521	0.7112	-0.5383
		b:
			53.7089
			246.1442
			-126.1549
			124.4778
			-209.4165
			128.3114
			320.9717
			145.409
			84.3313
			-314.9717
			-141.409
			-79.3313
	==================================================================================
	Q3:
		Shape: Hybrid
		q_c:	61.5	106.0	334.5
		ub :	65.2484	109.2991	338.6984
		lb :	57.7516	102.7009	330.3016
		P^-1:
			0.314	0.0096	-0.1807
			0.0096	0.1115	-0.0105
			-0.1807	-0.0105	0.1925
		A:
			-0.5752	0.7488	0.3293
			0.6604	-0.1381	-0.7381
			0.3987	0.2926	-0.8691
			0.9249	0.359	-0.1248
			0.9263	-0.2991	-0.2291
			0.6418	0.6457	-0.4138
		b:
			155.9257
			-219.9127
			-233.5495
			54.8386
			-49.9701
			-29.0655
	==================================================================================
	Q4:
		Shape: Ellipse
		q_c:	64.0	99.0	337.5
		ub :	69.7083	104.4673	342.4424
		lb :	58.2917	93.5327	332.5576
		P^-1:
			0.0942	0.0066	-0.013
			0.0066	0.0851	-0.0068
			-0.013	-0.0068	0.0951
	==================================================================================
	Q5:
		Shape: Ellipse
		q_c:	68.0	107.0	330.5
		ub :	71.6861	110.8654	333.9885
		lb :	64.3139	103.1346	327.0115
		P^-1:
			0.1623	-0.0068	0.0126
			-0.0068	0.1798	-0.0366
			0.0126	-0.0366	0.2279
	==================================================================================
	Q6:
		Shape: Ellipse
		q_c:	58.5	96.0	329.5
		ub :	62.5917	100.7069	333.1482
		lb :	54.4083	91.2931	325.8518
		P^-1:
			0.1128	-0.0294	0.0306
			-0.0294	0.1427	-0.1511
			0.0306	-0.1511	0.3625


===========================================================================================
===========================================================================================
S24:
	q_c:	19.0	355.0	449.0
	ub :	44.3688	375.4309	475.3855
	lb :	0.0145	327.2074	429.7461

	==================================================================================
	Q1:
		Shape: Polyhedra
		q_c:	19.5	349.0	462.5
		ub :	23.9216	357.6987	471.7932
		lb :	15.0784	340.3013	453.2068
		A:
			-0.9572	-0.2623	-0.1219
			0.7191	-0.6929	-0.0531
			0.8187	0.4906	0.2984
			-0.7193	-0.4566	-0.5236
			0.0612	0.9975	-0.036
			0.782	-0.6197	-0.0667
			0.2678	0.7787	0.5674
			0.1027	0.5625	-0.8204
			-0.958	0.278	0.0706
			-0.2678	-0.7787	-0.5674
			-0.1027	-0.5625	0.8204
			0.958	-0.278	-0.0706
		b:
			-163.2313
			-248.7843
			329.087
			-411.4352
			338.6103
			-228.6909
			543.901
			-173.1493
			113.4909
			-534.901
			189.1493
			-108.4909
	==================================================================================
	Q2:
		Shape: Ellipse
		q_c:	28.0	360.5	442.5
		ub :	42.031	371.3548	455.2539
		lb :	13.969	349.6452	429.7461
		P^-1:
			0.0126	-0.0022	-0.003
			-0.0022	0.0169	-0.0013
			-0.003	-0.0013	0.0161
	==================================================================================
	Q3:
		Shape: Hybrid
		q_c:	33.5	364.0	455.5
		ub :	44.3688	375.4309	465.3404
		lb :	22.6312	352.5691	445.6596
		P^-1:
			0.0217	0.0012	0.0013
			0.0012	0.0216	0.0016
			0.0013	0.0016	0.0186
		A:
			0.2679	0.8428	-0.4668
			-0.9583	0.2856	-0.011
			-0.8336	-0.3374	0.4373
			-0.1311	0.665	0.7352
			-0.5263	-0.8408	0.1267
			0.9726	0.2261	0.0545
		b:
			107.0343
			70.5111
			52.2481
			576.2562
			-262.4324
			143.172
	==================================================================================
	Q4:
		Shape: Polyhedra
		q_c:	15.5	336.5	460.5
		ub :	24.262	345.7926	465.3494
		lb :	6.738	327.2074	455.6506
		A:
			-0.5637	0.1086	-0.8188
			0.2907	-0.0922	0.9524
			0.8167	-0.4587	0.3502
			0.5859	-0.1916	0.7874
			0.1124	0.1161	-0.9869
			0.6278	-0.1112	0.7704
			0.3814	0.9238	0.0332
			0.8017	-0.3127	-0.5094
			-0.4602	0.2209	-0.8599
			-0.3814	-0.9238	-0.0332
			-0.8017	0.3127	0.5094
			0.4602	-0.2209	0.8599
		b:
			-347.3826
			414.1482
			23.8712
			308.9951
			-409.7123
			329.1909
			339.5403
			-320.8696
			-327.3026
			-324.5403
			333.8696
			330.3026
	==================================================================================
	Q5:
		Shape: Ellipse
		q_c:	20.0	352.5	440.0
		ub :	29.632	362.4791	449.5682
		lb :	10.368	342.5209	430.4318
		P^-1:
			0.0384	0.0057	-0.011
			0.0057	0.0303	0.0115
			-0.011	0.0115	0.0363
	==================================================================================
	Q6:
		Shape: Polyhedra
		q_c:	13.0	350.5	462.5
		ub :	25.9855	360.0655	475.3855
		lb :	0.0145	340.9345	449.6145
		A:
			-0.1443	-0.8536	-0.5005
			-0.9448	0.3011	-0.1288
			-0.9223	0.0247	0.3857
			-0.3647	0.7344	-0.5724
			0.7189	-0.4032	0.5663
			-0.8369	0.3021	-0.4565
			0.5485	0.7094	0.4427
			-0.6858	0.0787	0.7235
			0.4784	-0.7004	0.5296
			-0.5485	-0.7094	-0.4427
			0.6858	-0.0787	-0.7235
			-0.4784	0.7004	-0.5296
		b:
			-525.339
			40.9358
			184.1369
			-6.5199
			135.7048
			-109.9142
			467.5098
			362.8043
			11.1802
			-453.5098
			-343.8043
			-0.1802


===========================================================================================
===========================================================================================
S25:
	q_c:	19.0	174.5	327.5
	ub :	36.4375	186.5528	339.6232
	lb :	3.6947	157.0993	316.1843

	==================================================================================
	Q1:
		Shape: Hybrid
		q_c:	31.0	167.5	330.0
		ub :	36.4375	172.3981	332.8343
		lb :	25.5625	162.6019	327.1657
		P^-1:
			0.1153	-0.0998	0.0077
			-0.0998	0.1724	-0.0121
			0.0077	-0.0121	0.1623
		A:
			0.0415	-0.7464	-0.6643
			0.7229	-0.5756	0.3823
			0.5424	0.6107	-0.577
			-0.761	0.6379	-0.118
			-0.1564	0.6156	-0.7724
			-0.5276	0.4837	-0.6984
		b:
			-340.9275
			53.4508
			-68.0666
			45.5666
			-155.1192
			-164.5453
	==================================================================================
	Q2:
		Shape: Ellipse
		q_c:	20.0	169.5	334.0
		ub :	25.005	176.37	339.6232
		lb :	14.995	162.63	328.3768
		P^-1:
			0.5454	-0.0901	-0.4633
			-0.0901	0.0643	0.1043
			-0.4633	0.1043	0.4859
	==================================================================================
	Q3:
		Shape: Ellipse
		q_c:	27.0	164.0	321.5
		ub :	33.3714	170.9007	326.8157
		lb :	20.6286	157.0993	316.1843
		P^-1:
			0.0711	0.0371	-0.0115
			0.0371	0.0703	-0.0058
			-0.0115	-0.0058	0.0653
	==================================================================================
	Q4:
		Shape: Hybrid
		q_c:	25.0	173.0	330.5
		ub :	32.2266	180.3551	338.0283
		lb :	17.7734	165.6449	322.9717
		P^-1:
			0.0401	-0.0018	0.0017
			-0.0018	0.0617	-0.0207
			0.0017	-0.0207	0.0598
		A:
			0.8062	-0.5853	-0.0863
			-0.9797	0.1327	-0.1502
			-0.5024	-0.3717	0.7807
			0.1179	0.3123	-0.9426
			0.9346	-0.0927	0.3434
			0.7515	0.0192	-0.6595
		b:
			-106.5798
			-48.0128
			183.5573
			-252.4001
			123.9079
			-192.8466
	==================================================================================
	Q5:
		Shape: Ellipse
		q_c:	9.5	181.0	333.5
		ub :	15.3053	186.5528	338.3494
		lb :	3.6947	175.4472	328.6506
		P^-1:
			0.118	-0.0625	0.0537
			-0.0625	0.1111	-0.0659
			0.0537	-0.0659	0.1519
	==================================================================================
	Q6:
		Shape: Ellipse
		q_c:	12.0	177.5	329.0
		ub :	17.254	183.5589	334.5054
		lb :	6.746	171.4411	323.4946
		P^-1:
			0.0929	-0.0209	-0.0102
			-0.0209	0.0836	-0.0022
			-0.0102	-0.0022	0.0787


===========================================================================================
===========================================================================================
