3D_45_20_6_d                l = 3

===========================================================================================
===========================================================================================
S1:
	q_c:    371.5000    211.5000    487.5000
	ub :    378.0000    237.0000    509.0000
	lb :    365.0000    186.0000    466.0000

	==================================================================================
	Q1:
		Shape: Polyhedra
		q_c:    367.5000    214.0000    493.5000
		ub :    371.5761    217.7655    497.2451
		lb :    363.4239    210.2345    489.7549
		A:
			    0.7378    0.1950    0.6463
			    -0.9194    -0.1007    -0.3802
			    0.5840    0.1102    0.8043
			    0.4616    -0.8628    0.2060
			    0.6964    -0.5637    -0.4442
			    -0.5470    0.7995    0.2480
			    0.3955    0.8952    0.2056
			    0.5985    -0.0814    -0.7970
			    -0.6967    0.4383    -0.5679
			    -0.3955    -0.8952    -0.2056
			    -0.5985    0.0814    0.7970
			    0.6967    -0.4383    0.5679
		b:
			    634.2115
			    -544.6936
			    637.4177
			    89.0289
			    -81.4391
			    94.9521
			    441.3662
			    -188.3047
			    -440.5191
			    -435.3662
			    193.3047
			    444.5191
	==================================================================================
	Q2:
		Shape: Ellipse
		q_c:    376.5000    218.5000    480.5000
		ub :    380.5061    222.8749    485.0224
		lb :    372.4939    214.1251    475.9776
		P^-1: 
			    0.1591    0.0579    0.0317
			    0.0579    0.1811    0.0383
			    0.0317    0.0383    0.1320
	==================================================================================
	Q3:
		Shape: Ellipse
		q_c:    376.5000    216.0000    486.0000
		ub :    380.8222    220.2173    490.6078
		lb :    372.1778    211.7827    481.3922
		P^-1: 
			    0.1316    -0.0106    -0.0217
			    -0.0106    0.1561    -0.0081
			    -0.0217    -0.0081    0.1435
	==================================================================================
	Q4:
		Shape: Ellipse
		q_c:    378.5000    214.5000    492.0000
		ub :    383.4766    219.5941    495.3854
		lb :    373.5234    209.4059    488.6146
		P^-1: 
			    0.1456    0.0600    0.0411
			    0.0600    0.1073    0.0156
			    0.0411    0.0156    0.2196
	==================================================================================
	Q5:
		Shape: Ellipse
		q_c:    372.0000    213.5000    487.0000
		ub :    376.0981    217.3451    489.9990
		lb :    367.9019    209.6549    484.0010
		P^-1: 
			    0.0862    -0.0209    0.0071
			    -0.0209    0.1771    -0.0378
			    0.0071    -0.0378    0.2283
	==================================================================================
	Q6:
		Shape: Polyhedra
		q_c:    366.5000    217.5000    486.0000
		ub :    370.0624    221.1887    490.2127
		lb :    362.9376    213.8113    481.7873
		A:
			    -0.8519    -0.5126    -0.1073
			    0.1209    -0.7852    0.6074
			    0.7455    0.6619    -0.0781
			    0.1398    0.4803    -0.8659
			    -0.8721    -0.3612    0.3300
			    0.8171    -0.4782    0.3220
			    0.6827    0.2886    0.6713
			    -0.7307    0.2722    0.6261
			    -0.0020    -0.9179    0.3967
			    -0.6827    -0.2886    -0.6713
			    0.7307    -0.2722    -0.6261
			    0.0020    0.9179    -0.3967
		b:
			    -473.5725
			    171.1904
			    381.6501
			    -262.5104
			    -235.1288
			    354.4364
			    641.2262
			    98.6930
			    -5.0624
			    -637.2262
			    -92.6930
			    10.0624


===========================================================================================
===========================================================================================
S2:
	q_c:    20.0000    301.5000    205.0000
	ub :    40.0000    318.0000    208.0000
	lb :    0.0000    285.0000    202.0000

	==================================================================================
	Q1:
		Shape: Ellipse
		q_c:    21.5000    301.0000    205.0000
		ub :    23.5027    303.1634    207.3186
		lb :    19.4973    298.8366    202.6814
		P^-1: 
			    0.6565    -0.1916    0.1901
			    -0.1916    0.6175    -0.1717
			    0.1901    -0.1717    0.6149
	==================================================================================
	Q2:
		Shape: Hybrid
		q_c:    21.5000    303.5000    205.5000
		ub :    23.2064    304.9000    207.2480
		lb :    19.7936    302.1000    203.7520
		P^-1: 
			    1.2559    0.7568    0.7734
			    0.7568    2.7709    1.3399
			    0.7734    1.3399    1.4177
		A:
			    0.2125    -0.9642    -0.1585
			    0.1658    -0.6118    -0.7734
			    -0.9816    -0.0702    -0.1777
			    -0.1226    -0.8211    -0.5574
			    0.4157    -0.3285    -0.8481
			    -0.9142    -0.3470    -0.2092
		b:
			    -320.1375
			    -340.3925
			    -78.1962
			    -366.0828
			    -264.0434
			    -167.3010
	==================================================================================
	Q3:
		Shape: Hybrid
		q_c:    22.0000    304.0000    205.0000
		ub :    23.2313    306.8506    207.8685
		lb :    20.7687    301.1494    202.1315
		P^-1: 
			    3.6600    -0.9165    -0.5652
			    -0.9165    0.4963    0.1519
			    -0.5652    0.1519    0.3437
		A:
			    -0.9887    0.1252    0.0826
			    0.8203    -0.2366    -0.5208
			    0.9498    -0.2304    -0.2118
			    0.8575    -0.3419    -0.3845
			    0.9823    -0.1051    -0.1551
			    0.8934    -0.4453    -0.0595
		b:
			    33.5839
			    -160.0002
			    -92.3118
			    -163.4317
			    -41.8110
			    -127.5277
	==================================================================================
	Q4:
		Shape: Hybrid
		q_c:    19.0000    301.5000    207.5000
		ub :    21.5164    303.7338    209.7240
		lb :    16.4836    299.2662    205.2760
		P^-1: 
			    0.6034    0.3546    0.0233
			    0.3546    0.6499    0.1149
			    0.0233    0.1149    0.4411
		A:
			    0.3841    0.8925    0.2365
			    -0.6407    -0.1786    -0.7467
			    0.5754    -0.4957    -0.6505
			    0.6088    0.7520    0.2527
			    -0.7490    0.6111    -0.2560
			    0.7102    0.6917    0.1309
		b:
			    326.0740
			    -219.9835
			    -272.3816
			    291.2420
			    118.3906
			    249.7159
	==================================================================================
	Q5:
		Shape: Ellipse
		q_c:    20.0000    299.5000    203.5000
		ub :    22.4202    301.9635    206.0077
		lb :    17.5798    297.0365    200.9923
		P^-1: 
			    0.6559    -0.1192    -0.3404
			    -0.1192    0.3965    -0.0090
			    -0.3404    -0.0090    0.6420
	==================================================================================
	Q6:
		Shape: Ellipse
		q_c:    18.5000    300.5000    203.5000
		ub :    20.8083    302.6395    205.0430
		lb :    16.1917    298.3605    201.9570
		P^-1: 
			    0.4859    -0.0036    -0.1459
			    -0.0036    0.4448    0.0126
			    -0.1459    0.0126    0.9583


===========================================================================================
===========================================================================================
S3:
	q_c:    473.5000    448.0000    431.5000
	ub :    498.0000    474.0000    462.0000
	lb :    449.0000    422.0000    401.0000

	==================================================================================
	Q1:
		Shape: Hybrid
		q_c:    490.5000    434.5000    445.0000
		ub :    507.6029    452.8733    462.9841
		lb :    473.3971    416.1267    427.0159
		P^-1: 
			    0.0120    0.0009    -0.0057
			    0.0009    0.0062    -0.0012
			    -0.0057    -0.0012    0.0119
		A:
			    -0.2537    -0.5995    -0.7591
			    -0.6956    -0.0663    -0.7154
			    -0.4255    -0.8730    -0.2383
			    -0.2188    -0.0698    0.9733
			    0.9529    0.1691    -0.2518
			    0.6569    -0.7117    -0.2488
		b:
			    -713.8497
			    -679.4390
			    -685.0840
			    301.0073
			    434.1350
			    -90.0862
	==================================================================================
	Q2:
		Shape: Polyhedra
		q_c:    495.5000    466.0000    439.0000
		ub :    510.9229    479.2370    454.7761
		lb :    480.0771    452.7630    423.2239
		A:
			    -0.6322    0.7189    0.2891
			    0.7489    0.3337    0.5726
			    -0.0756    0.5452    -0.8349
			    0.5800    0.4725    0.6636
			    -0.7872    0.0674    -0.6130
			    -0.6150    -0.2454    -0.7494
			    0.6797    0.2243    0.6984
			    -0.1251    0.9736    -0.1909
			    -0.7228    0.0424    0.6898
			    -0.6797    -0.2243    -0.6984
			    0.1251    -0.9736    0.1909
			    0.7228    -0.0424    -0.6898
		b:
			    162.3695
			    782.5951
			    -138.2907
			    803.9299
			    -622.1871
			    -743.8592
			    751.8821
			    319.9036
			    -20.0662
			    -743.8821
			    -295.9036
			    51.0662
	==================================================================================
	Q3:
		Shape: Ellipse
		q_c:    501.0000    468.0000    414.0000
		ub :    519.2134    487.8452    424.4514
		lb :    482.7866    448.1548    403.5486
		P^-1: 
			    0.0071    0.0025    0.0003
			    0.0025    0.0060    -0.0008
			    0.0003    -0.0008    0.0138
	==================================================================================
	Q4:
		Shape: Polyhedra
		q_c:    459.5000    461.5000    419.5000
		ub :    471.0831    478.2706    436.6682
		lb :    447.9169    444.7294    402.3318
		A:
			    -0.5885    -0.7995    -0.1199
			    0.0170    0.9165    0.3996
			    0.7510    0.0862    0.6546
			    0.0917    -0.2483    0.9643
			    0.8512    0.2380    -0.4677
			    -0.7236    0.6805    0.1153
			    0.9861    0.1658    0.0147
			    0.1514    -0.9303    0.3340
			    0.0691    -0.3271    -0.9424
			    -0.9861    -0.1658    -0.0147
			    -0.1514    0.9303    -0.3340
			    -0.0691    0.3271    0.9424
		b:
			    -679.0790
			    611.0442
			    670.6446
			    345.2909
			    315.0059
			    40.9783
			    544.7847
			    -208.1414
			    -500.5825
			    -526.7847
			    231.1414
			    528.5825
	==================================================================================
	Q5:
		Shape: Ellipse
		q_c:    477.0000    451.0000    440.5000
		ub :    492.8793    466.8546    457.2534
		lb :    461.1207    435.1454    423.7466
		P^-1: 
			    0.0210    0.0115    0.0062
			    0.0115    0.0142    0.0063
			    0.0062    0.0063    0.0112
	==================================================================================
	Q6:
		Shape: Ellipse
		q_c:    495.5000    461.5000    452.5000
		ub :    519.8659    481.7360    477.5845
		lb :    471.1341    441.2640    427.4155
		P^-1: 
			    0.0046    0.0001    -0.0002
			    0.0001    0.0050    -0.0001
			    -0.0002    -0.0001    0.0047


===========================================================================================
===========================================================================================
S4:
	q_c:    60.5000    114.0000    383.5000
	ub :    80.0000    123.0000    401.0000
	lb :    41.0000    105.0000    366.0000

	==================================================================================
	Q1:
		Shape: Hybrid
		q_c:    59.0000    118.5000    388.5000
		ub :    62.4558    122.2414    392.4056
		lb :    55.5442    114.7586    384.5944
		P^-1: 
			    0.2237    -0.0305    -0.0273
			    -0.0305    0.1746    0.0131
			    -0.0273    0.0131    0.1717
		A:
			    -0.3228    -0.8356    -0.4445
			    0.1702    0.8849    0.4335
			    -0.7953    -0.5038    -0.3371
			    -0.4583    -0.1434    0.8772
			    0.7474    -0.4837    0.4555
			    -0.0943    -0.5440    0.8338
		b:
			    -289.2764
			    284.7722
			    -236.1280
			    298.0521
			    165.0501
			    255.3862
	==================================================================================
	Q2:
		Shape: Hybrid
		q_c:    66.0000    119.0000    382.5000
		ub :    72.3387    126.1941    386.9361
		lb :    59.6613    111.8059    378.0639
		P^-1: 
			    0.0667    0.0240    0.0018
			    0.0240    0.0426    -0.0000
			    0.0018    -0.0000    0.0626
		A:
			    -0.1474    -0.9858    -0.0804
			    -0.8658    0.0208    -0.5000
			    -0.8829    -0.0520    0.4667
			    0.7435    0.6638    -0.0810
			    -0.2559    -0.6020    0.7564
			    0.8189    0.1925    -0.5407
		b:
			    -154.4237
			    -243.4257
			    116.5126
			    98.9545
			    203.2654
			    -127.6891
	==================================================================================
	Q3:
		Shape: Polyhedra
		q_c:    61.5000    122.5000    391.0000
		ub :    69.3691    128.5077    398.3602
		lb :    53.6309    116.4923    383.6398
		A:
			    0.5614    -0.0289    0.8270
			    0.1228    -0.8196    -0.5596
			    0.6845    0.4538    0.5705
			    -0.7320    -0.5415    -0.4135
			    0.6540    0.6935    0.3022
			    0.4190    0.7418    0.5236
			    0.3028    0.7289    0.6140
			    0.7950    0.1621    -0.5846
			    -0.5257    0.6651    -0.5304
			    -0.3028    -0.7289    -0.6140
			    -0.7950    -0.1621    0.5846
			    0.5257    -0.6651    0.5304
		b:
			    358.7042
			    -308.6771
			    323.8383
			    -269.8082
			    246.4173
			    323.5140
			    349.9822
			    -154.3151
			    -152.7309
			    -345.9822
			    165.3151
			    163.7309
	==================================================================================
	Q4:
		Shape: Polyhedra
		q_c:    59.0000    110.0000    379.0000
		ub :    64.8402    116.0303    385.5815
		lb :    53.1598    103.9697    372.4185
		A:
			    0.6320    -0.5750    0.5196
			    0.8430    0.4890    -0.2241
			    0.0804    -0.2505    0.9648
			    0.2353    0.7625    0.6027
			    0.4614    0.0273    0.8867
			    -0.5884    -0.7982    -0.1295
			    0.6794    0.3479    0.6460
			    0.7227    -0.1649    -0.6712
			    -0.1270    0.9229    -0.3634
			    -0.6794    -0.3479    -0.6460
			    -0.7227    0.1649    0.6712
			    0.1270    -0.9229    0.3634
		b:
			    175.1504
			    22.5189
			    346.8546
			    329.9730
			    369.9883
			    -167.6452
			    326.6995
			    -225.8985
			    -39.2120
			    -319.6995
			    233.8985
			    48.2120
	==================================================================================
	Q5:
		Shape: Polyhedra
		q_c:    61.0000    103.5000    380.5000
		ub :    66.4883    108.8369    386.3605
		lb :    55.5117    98.1631    374.6395
		A:
			    -0.9323    0.3368    -0.1317
			    0.8545    0.2274    -0.4670
			    0.6230    0.7018    -0.3456
			    0.8806    -0.4566    -0.1270
			    -0.7566    0.2386    0.6088
			    0.8175    -0.4119    0.4025
			    0.0981    0.9135    0.3948
			    0.4635    0.3091    -0.8305
			    -0.8807    0.2645    -0.3930
			    -0.0981    -0.9135    -0.3948
			    -0.4635    -0.3091    0.8305
			    0.8807    -0.2645    0.3930
		b:
			    -68.1768
			    -98.3746
			    -17.3520
			    -37.9837
			    213.8093
			    164.3696
			    254.2402
			    -252.2345
			    -171.9054
			    -247.2402
			    259.2345
			    179.9054
	==================================================================================
	Q6:
		Shape: Polyhedra
		q_c:    53.0000    118.0000    386.5000
		ub :    58.6597    123.8908    389.6604
		lb :    47.3403    112.1092    383.3396
		A:
			    -0.1120    -0.2420    -0.9638
			    -0.6005    -0.7601    0.2483
			    0.8424    -0.0377    -0.5375
			    0.1100    0.3920    -0.9134
			    -0.0916    0.3164    -0.9442
			    -0.7283    -0.1307    -0.6727
			    0.5971    0.5032    0.6247
			    0.6399    -0.7684    0.0074
			    0.4837    0.3953    -0.7808
			    -0.5971    -0.5032    -0.6247
			    -0.6399    0.7684    -0.0074
			    -0.4837    -0.3953    0.7808
		b:
			    -404.6202
			    -23.1695
			    -164.2805
			    -298.5992
			    -329.8910
			    -311.0585
			    334.9697
			    -48.8991
			    -227.5083
			    -329.9697
			    58.8991
			    231.5083


===========================================================================================
===========================================================================================
S5:
	q_c:    57.0000    357.0000    426.0000
	ub :    82.0000    362.0000    450.0000
	lb :    32.0000    352.0000    402.0000

	==================================================================================
	Q1:
		Shape: Polyhedra
		q_c:    58.0000    357.0000    431.5000
		ub :    60.6547    359.4420    433.8667
		lb :    55.3453    354.5580    429.1333
		A:
			    -0.7459    0.1898    -0.6384
			    0.1913    0.8915    -0.4106
			    0.2912    0.3160    0.9030
			    -0.3965    0.3984    -0.8271
			    0.4070    0.2627    0.8748
			    -0.6340    0.2379    0.7359
			    0.6223    0.7025    0.3453
			    0.4085    -0.6678    0.6223
			    0.6677    -0.2462    -0.7025
			    -0.6223    -0.7025    -0.3453
			    -0.4085    0.6678    -0.6223
			    -0.6677    0.2462    0.7025
		b:
			    -249.5936
			    153.6418
			    521.0356
			    -236.5558
			    496.5626
			    367.1900
			    437.8788
			    54.8006
			    -350.8073
			    -433.8788
			    -52.8006
			    353.8073
	==================================================================================
	Q2:
		Shape: Ellipse
		q_c:    58.5000    358.0000    422.5000
		ub :    62.4557    361.0309    426.0016
		lb :    54.5443    354.9691    418.9984
		P^-1: 
			    0.1413    0.0855    0.0154
			    0.0855    0.3849    0.0906
			    0.0154    0.0906    0.1894
	==================================================================================
	Q3:
		Shape: Polyhedra
		q_c:    53.5000    352.5000    430.5000
		ub :    57.7911    356.8785    432.7220
		lb :    49.2089    348.1215    428.2780
		A:
			    0.3467    -0.8662    0.3598
			    -0.3888    0.8620    -0.3252
			    0.2171    0.0677    0.9738
			    0.8643    -0.0746    -0.4975
			    0.9234    0.0622    0.3787
			    0.0123    0.4606    0.8875
			    0.5927    0.7923    0.1449
			    0.7887    -0.6074    0.0950
			    0.1633    0.0580    -0.9849
			    -0.5927    -0.7923    -0.1449
			    -0.7887    0.6074    -0.0950
			    -0.1633    -0.0580    0.9849
		b:
			    -129.2716
			    145.6512
			    456.5742
			    -191.8663
			    237.3131
			    547.3127
			    376.8720
			    -128.5243
			    -393.3097
			    -369.8720
			    133.5243
			    396.3097
	==================================================================================
	Q4:
		Shape: Polyhedra
		q_c:    53.5000    357.0000    428.0000
		ub :    57.9991    360.9925    431.4441
		lb :    49.0009    353.0075    424.5559
		A:
			    0.2533    -0.8891    0.3812
			    0.0855    -0.9495    -0.3019
			    0.8244    -0.5411    -0.1660
			    -0.2802    -0.8627    -0.4210
			    -0.6335    -0.3026    0.7121
			    -0.9639    0.2360    0.1231
			    0.7894    0.5615    0.2483
			    0.4286    -0.2144    -0.8777
			    -0.4396    0.7992    -0.4099
			    -0.7894    -0.5615    -0.2483
			    -0.4286    0.2144    0.8777
			    0.4396    -0.7992    0.4099
		b:
			    -138.6340
			    -461.0647
			    -217.9057
			    -500.0864
			    165.3253
			    88.0234
			    352.4365
			    -427.2764
			    88.3736
			    -345.4365
			    431.2764
			    -84.3736
	==================================================================================
	Q5:
		Shape: Polyhedra
		q_c:    55.0000    360.0000    425.0000
		ub :    58.6429    363.4619    427.9271
		lb :    51.3571    356.5381    422.0729
		A:
			    -0.8011    -0.3730    -0.4681
			    0.7472    0.2067    0.6317
			    -0.7343    0.5624    0.3802
			    0.0202    -0.6714    0.7408
			    0.3874    0.5321    -0.7529
			    0.0317    0.8458    -0.5325
			    0.0505    0.3081    0.9500
			    -0.3951    0.8798    -0.2643
			    -0.9172    -0.3620    0.1661
			    -0.0505    -0.3081    -0.9500
			    0.3951    -0.8798    0.2643
			    0.9172    0.3620    -0.1661
		b:
			    -374.5979
			    386.4573
			    325.9604
			    76.3861
			    -104.6184
			    82.1189
			    519.4468
			    184.6454
			    -107.1791
			    -515.4468
			    -180.6454
			    113.1791
	==================================================================================
	Q6:
		Shape: Ellipse
		q_c:    53.0000    359.0000    422.5000
		ub :    56.8365    362.7004    425.2621
		lb :    49.1635    355.2996    419.7379
		P^-1: 
			    0.2151    -0.0447    -0.1001
			    -0.0447    0.2007    -0.0703
			    -0.1001    -0.0703    0.3898


===========================================================================================
===========================================================================================
S6:
	q_c:    334.5000    446.0000    406.0000
	ub :    347.0000    458.0000    437.0000
	lb :    322.0000    434.0000    375.0000

	==================================================================================
	Q1:
		Shape: Ellipse
		q_c:    337.0000    439.0000    398.0000
		ub :    343.3340    445.3380    404.4260
		lb :    330.6660    432.6620    391.5740
		P^-1: 
			    0.0469    -0.0101    0.0188
			    -0.0101    0.0464    -0.0276
			    0.0188    -0.0276    0.0908
	==================================================================================
	Q2:
		Shape: Hybrid
		q_c:    332.0000    436.5000    413.0000
		ub :    338.4447    443.1916    418.9290
		lb :    325.5553    429.8084    407.0710
		P^-1: 
			    0.0987    0.0436    -0.0213
			    0.0436    0.0642    -0.0394
			    -0.0213    -0.0394    0.1065
		A:
			    0.0394    0.9628    -0.2672
			    -0.4400    -0.3928    -0.8075
			    0.7816    0.6113    0.1238
			    -0.0538    -0.3008    0.9522
			    -0.9115    -0.1633    -0.3776
			    0.9777    0.2085    0.0230
		b:
			    326.3852
			    -648.3049
			    579.4657
			    245.7512
			    -527.6353
			    427.1706
	==================================================================================
	Q3:
		Shape: Polyhedra
		q_c:    344.0000    444.5000    412.5000
		ub :    350.0506    450.6888    417.4575
		lb :    337.9494    438.3112    407.5425
		A:
			    -0.1224    -0.6350    0.7628
			    -0.3016    -0.6786    0.6698
			    -0.8963    -0.3419    -0.2825
			    -0.1738    0.9701    -0.1693
			    -0.8217    -0.5691    -0.0324
			    -0.0843    0.8330    0.5469
			    0.3793    0.6252    0.6821
			    0.5502    0.4403    -0.7095
			    -0.7439    0.6444    -0.1770
			    -0.3793    -0.6252    -0.6821
			    -0.5502    -0.4403    0.7095
			    0.7439    -0.6444    0.1770
		b:
			    -6.6907
			    -126.3038
			    -573.1876
			    305.5762
			    -545.8065
			    570.6204
			    693.2421
			    94.8298
			    -37.9674
			    -686.2421
			    -89.8298
			    46.9674
	==================================================================================
	Q4:
		Shape: Polyhedra
		q_c:    334.0000    449.5000    411.5000
		ub :    340.2747    455.5495    416.7257
		lb :    327.7253    443.4505    406.2743
		A:
			    -0.2766    -0.9604    0.0331
			    -0.2596    0.2335    -0.9371
			    -0.8769    -0.0216    0.4801
			    0.4157    -0.8137    -0.4063
			    -0.6122    -0.2797    -0.7396
			    0.0278    0.7845    0.6195
			    0.6915    0.7211    0.0431
			    0.7058    -0.6871    0.1724
			    0.1539    -0.0888    -0.9841
			    -0.6915    -0.7211    -0.0431
			    -0.7058    0.6871    -0.1724
			    -0.1539    0.0888    0.9841
		b:
			    -506.2006
			    -363.0549
			    -100.7833
			    -390.2024
			    -630.1588
			    621.2029
			    577.3226
			    1.3065
			    -388.9564
			    -568.3226
			    5.6935
			    397.9564
	==================================================================================
	Q5:
		Shape: Hybrid
		q_c:    329.5000    439.0000    403.5000
		ub :    337.0363    446.7362    411.9588
		lb :    321.9637    431.2638    395.0412
		P^-1: 
			    0.0339    0.0009    0.0021
			    0.0009    0.0399    -0.0003
			    0.0021    -0.0003    0.0392
		A:
			    0.5816    0.8111    -0.0616
			    0.5750    -0.4469    -0.6853
			    0.0594    -0.0584    0.9965
			    0.1333    0.8926    0.4306
			    0.4361    0.4642    -0.7710
			    -0.4460    0.8160    0.3678
		b:
			    525.5001
			    -280.4439
			    398.5512
			    612.0425
			    39.0710
			    362.3980
	==================================================================================
	Q6:
		Shape: Hybrid
		q_c:    331.5000    445.0000    417.0000
		ub :    340.8437    453.2178    423.9664
		lb :    322.1563    436.7822    410.0336
		P^-1: 
			    0.0343    0.0366    -0.0348
			    0.0366    0.1226    -0.1059
			    -0.0348    -0.1059    0.1412
		A:
			    0.4282    0.8887    -0.1640
			    -0.6050    -0.6245    0.4939
			    0.1247    -0.9832    -0.1331
			    -0.2615    -0.9179    0.2984
			    0.6549    0.7324    0.1862
			    -0.0213    -0.9974    0.0693
		b:
			    471.9720
			    -270.1932
			    -446.9945
			    -368.2884
			    624.9802
			    -418.2011


===========================================================================================
===========================================================================================
S7:
	q_c:    517.0000    452.0000    244.0000
	ub :    523.0000    483.0000    259.0000
	lb :    511.0000    421.0000    229.0000

	==================================================================================
	Q1:
		Shape: Polyhedra
		q_c:    518.0000    447.5000    238.0000
		ub :    522.0338    451.7539    241.9831
		lb :    513.9662    443.2461    234.0169
		A:
			    0.1390    -0.8469    0.5133
			    -0.3734    -0.9277    -0.0021
			    0.0665    -0.5458    0.8353
			    -0.1366    -0.9441    0.3002
			    -0.2664    0.8794    -0.3946
			    0.1569    -0.9733    0.1678
			    0.5275    0.5571    0.6414
			    -0.8279    0.5066    0.2408
			    -0.1908    -0.6580    0.7284
			    -0.5275    -0.5571    -0.6414
			    0.8279    -0.5066    -0.2408
			    0.1908    0.6580    -0.7284
		b:
			    -182.6723
			    -606.4959
			    -8.8604
			    -419.5500
			    163.7530
			    -311.9996
			    678.1906
			    -142.2987
			    -217.9438
			    -672.1906
			    147.2987
			    221.9438
	==================================================================================
	Q2:
		Shape: Ellipse
		q_c:    518.0000    451.0000    247.5000
		ub :    522.5848    455.9752    252.0631
		lb :    513.4152    446.0248    242.9369
		P^-1: 
			    0.1612    0.0152    0.0696
			    0.0152    0.1048    0.0396
			    0.0696    0.0396    0.1768
	==================================================================================
	Q3:
		Shape: Polyhedra
		q_c:    517.0000    457.5000    249.5000
		ub :    519.4083    460.6995    252.9797
		lb :    514.5917    454.3005    246.0203
		A:
			    -0.2798    -0.8400    -0.4648
			    0.9740    0.1888    -0.1253
			    0.6625    0.7056    -0.2513
			    0.7194    0.6422    0.2646
			    0.2470    0.9299    0.2726
			    0.5551    0.0114    -0.8317
			    0.2558    0.8275    0.4998
			    -0.1900    0.5500    -0.8133
			    -0.9479    0.1131    0.2979
			    -0.2558    -0.8275    -0.4998
			    0.1900    -0.5500    0.8133
			    0.9479    -0.1131    -0.2979
		b:
			    -642.9494
			    560.2454
			    604.5972
			    733.6400
			    623.1589
			    86.6093
			    637.5261
			    -47.0328
			    -362.5035
			    -633.5261
			    52.0328
			    365.5035
	==================================================================================
	Q4:
		Shape: Polyhedra
		q_c:    510.0000    458.0000    241.5000
		ub :    513.9703    461.8589    244.3456
		lb :    506.0297    454.1411    238.6544
		A:
			    -0.1681    -0.7766    -0.6072
			    -0.5254    0.4281    0.7353
			    -0.9514    -0.1982    -0.2356
			    -0.4148    0.6738    -0.6115
			    -0.8971    -0.2018    0.3930
			    0.5768    0.4265    -0.6967
			    0.3101    0.9493    0.0520
			    0.9474    -0.3131    0.0662
			    0.0791    0.0287    -0.9965
			    -0.3101    -0.9493    -0.0520
			    -0.9474    0.3131    -0.0662
			    -0.0791    -0.0287    0.9965
		b:
			    -585.2044
			    108.4095
			    -629.9119
			    -47.7889
			    -452.1291
			    324.0017
			    608.4643
			    358.7720
			    -184.6511
			    -602.4643
			    -352.7720
			    189.6511
	==================================================================================
	Q5:
		Shape: Ellipse
		q_c:    515.0000    459.0000    241.5000
		ub :    519.8933    464.1467    245.8043
		lb :    510.1067    453.8533    237.1957
		P^-1: 
			    0.1082    0.0131    0.0010
			    0.0131    0.0526    -0.0044
			    0.0010    -0.0044    0.1108
	==================================================================================
	Q6:
		Shape: Hybrid
		q_c:    512.5000    450.5000    243.5000
		ub :    516.0043    452.3717    247.0810
		lb :    508.9957    448.6283    239.9190
		P^-1: 
			    2.2748    -0.7055    -1.8280
			    -0.7055    3.7115    -0.7475
			    -1.8280    -0.7475    2.0630
		A:
			    0.6376    0.0861    -0.7656
			    0.0244    -0.9458    0.3237
			    0.6732    -0.1208    -0.7295
			    -0.1662    -0.8030    0.5724
			    0.0436    0.9456    -0.3225
			    -0.6791    0.6262    0.3829
		b:
			    179.5233
			    -334.4999
			    113.3508
			    -307.1933
			    370.1091
			    27.5338


===========================================================================================
===========================================================================================
S8:
	q_c:    141.0000    116.0000    187.0000
	ub :    165.0000    133.0000    196.0000
	lb :    117.0000    99.0000    178.0000

	==================================================================================
	Q1:
		Shape: Ellipse
		q_c:    135.0000    118.0000    187.0000
		ub :    140.8734    123.2050    193.4148
		lb :    129.1266    112.7950    180.5852
		P^-1: 
			    0.0785    0.0064    0.0348
			    0.0064    0.0619    -0.0003
			    0.0348    -0.0003    0.0732
	==================================================================================
	Q2:
		Shape: Ellipse
		q_c:    139.5000    121.5000    188.0000
		ub :    145.3880    128.2692    193.9509
		lb :    133.6120    114.7308    182.0491
		P^-1: 
			    0.0761    -0.0098    -0.0029
			    -0.0098    0.0642    -0.0052
			    -0.0029    -0.0052    0.0532
	==================================================================================
	Q3:
		Shape: Polyhedra
		q_c:    142.5000    125.5000    182.0000
		ub :    147.9993    131.5999    188.5566
		lb :    137.0007    119.4001    175.4434
		A:
			    -0.6558    0.6746    0.3387
			    0.3199    -0.2073    0.9245
			    0.0678    0.7311    0.6789
			    -0.5857    0.4863    0.6485
			    0.2615    0.7106    0.6532
			    -0.0144    -0.5222    -0.8527
			    0.7507    0.2935    0.5918
			    -0.6012    0.6748    0.4281
			    -0.2737    -0.6772    0.6830
			    -0.7507    -0.2935    -0.5918
			    0.6012    -0.6748    -0.4281
			    0.2737    0.6772    -0.6830
		b:
			    55.3749
			    192.0976
			    227.9733
			    98.3657
			    248.5217
			    -219.6317
			    255.0230
			    79.4194
			    5.3163
			    -248.0230
			    -74.4194
			    4.6837
	==================================================================================
	Q4:
		Shape: Polyhedra
		q_c:    137.5000    122.5000    198.0000
		ub :    142.6246    127.6596    202.2876
		lb :    132.3754    117.3404    193.7124
		A:
			    -0.0414    0.0377    0.9984
			    -0.4783    0.7924    -0.3787
			    0.3642    -0.2176    -0.9056
			    0.8677    0.2650    0.4205
			    -0.6866    -0.3256    -0.6501
			    -0.2243    -0.2773    0.9342
			    0.2833    0.9335    0.2198
			    0.0896    0.2024    -0.9752
			    -0.9548    0.2960    -0.0263
			    -0.2833    -0.9335    -0.2198
			    -0.0896    -0.2024    0.9752
			    0.9548    -0.2960    0.0263
		b:
			    200.1162
			    -39.9136
			    -152.3005
			    238.8349
			    -259.3317
			    123.6840
			    200.3271
			    -152.4745
			    -96.2375
			    -193.3271
			    159.4745
			    104.2375
	==================================================================================
	Q5:
		Shape: Hybrid
		q_c:    135.5000    112.0000    189.5000
		ub :    142.2862    117.8087    196.3083
		lb :    128.7138    106.1913    182.6917
		P^-1: 
			    0.0654    0.0115    0.0023
			    0.0115    0.0639    0.0112
			    0.0023    0.0112    0.0642
		A:
			    -0.5684    -0.6354    -0.5226
			    -0.1937    0.4558    0.8687
			    0.9769    -0.0031    0.2135
			    0.9332    0.1401    -0.3308
			    0.3970    0.8285    -0.3951
			    -0.5157    -0.2751    -0.8114
		b:
			    -245.4746
			    191.4827
			    174.7232
			    81.6235
			    74.0107
			    -252.4670
	==================================================================================
	Q6:
		Shape: Polyhedra
		q_c:    144.0000    123.5000    186.0000
		ub :    147.3009    125.3376    187.9673
		lb :    140.6991    121.6624    184.0327
		A:
			    0.2204    0.0029    0.9754
			    0.2121    0.7930    -0.5711
			    0.5145    -0.4062    -0.7552
			    -0.0450    -0.7618    -0.6463
			    0.4476    -0.8447    -0.2936
			    -0.4509    -0.5943    -0.6660
			    0.2642    0.1477    0.9531
			    -0.1076    0.9865    -0.1231
			    -0.9585    -0.0700    0.2765
			    -0.2642    -0.1477    -0.9531
			    0.1076    -0.9865    0.1231
			    0.9585    0.0700    -0.2765
		b:
			    214.5515
			    24.0456
			    -114.3560
			    -219.4940
			    -92.5991
			    -260.8040
			    234.5623
			    84.9512
			    -92.2303
			    -232.5623
			    -81.9512
			    98.2303


===========================================================================================
===========================================================================================
S9:
	q_c:    496.0000    208.5000    125.5000
	ub :    512.0000    235.0000    143.0000
	lb :    480.0000    182.0000    108.0000

	==================================================================================
	Q1:
		Shape: Ellipse
		q_c:    496.5000    211.5000    128.5000
		ub :    499.9716    217.4448    133.4780
		lb :    493.0284    205.5552    123.5220
		P^-1: 
			    0.8022    -0.1855    0.3356
			    -0.1855    0.0790    -0.0874
			    0.3356    -0.0874    0.2144
	==================================================================================
	Q2:
		Shape: Polyhedra
		q_c:    508.5000    201.5000    123.5000
		ub :    514.0303    208.0242    129.7579
		lb :    502.9697    194.9758    117.2421
		A:
			    -0.9898    0.1419    0.0122
			    0.2954    0.5290    -0.7956
			    0.6694    0.2805    -0.6880
			    -0.5704    -0.5802    0.5814
			    -0.7023    0.3632    0.6123
			    -0.6072    0.0856    0.7899
			    0.9852    0.1461    0.0895
			    -0.0582    -0.2057    0.9769
			    0.1611    -0.9676    -0.1942
			    -0.9852    -0.1461    -0.0895
			    0.0582    0.2057    -0.9769
			    -0.1611    0.9676    0.1942
		b:
			    -468.6571
			    163.5112
			    316.7150
			    -330.3103
			    -203.4669
			    -189.0924
			    545.9732
			    54.5872
			    -132.0204
			    -536.9732
			    -44.5872
			    142.0204
	==================================================================================
	Q3:
		Shape: Hybrid
		q_c:    510.0000    217.5000    121.0000
		ub :    519.3103    226.5658    130.5654
		lb :    500.6897    208.4342    111.4346
		P^-1: 
			    0.0232    0.0015    -0.0029
			    0.0015    0.0460    -0.0201
			    -0.0029    -0.0201    0.0374
		A:
			    0.0419    0.6380    -0.7689
			    -0.6939    0.0665    -0.7170
			    -0.7328    -0.6052    0.3111
			    0.1507    -0.9711    -0.1851
			    -0.2557    -0.8594    -0.4428
			    -0.3823    -0.7521    0.5369
		b:
			    69.2814
			    -421.7464
			    -464.2277
			    -152.9120
			    -366.3456
			    -291.2443
	==================================================================================
	Q4:
		Shape: Ellipse
		q_c:    509.0000    198.0000    127.0000
		ub :    515.0755    204.6010    134.3965
		lb :    502.9245    191.3990    119.6035
		P^-1: 
			    0.0736    0.0170    0.0351
			    0.0170    0.0539    0.0087
			    0.0351    0.0087    0.0661
	==================================================================================
	Q5:
		Shape: Ellipse
		q_c:    497.0000    205.0000    139.0000
		ub :    507.0194    214.2407    148.2482
		lb :    486.9806    195.7593    129.7518
		P^-1: 
			    0.0292    -0.0052    0.0018
			    -0.0052    0.0237    -0.0020
			    0.0018    -0.0020    0.0242
	==================================================================================
	Q6:
		Shape: Ellipse
		q_c:    509.5000    196.0000    136.5000
		ub :    516.6640    199.2348    143.3777
		lb :    502.3360    192.7652    129.6223
		P^-1: 
			    0.1647    0.0923    0.1411
			    0.0923    0.3842    0.0326
			    0.1411    0.0326    0.1633


===========================================================================================
===========================================================================================
S10:
	q_c:    221.0000    377.5000    50.5000
	ub :    248.0000    388.0000    65.0000
	lb :    194.0000    367.0000    36.0000

	==================================================================================
	Q1:
		Shape: Hybrid
		q_c:    218.5000    369.5000    55.5000
		ub :    226.7864    377.6191    63.0582
		lb :    210.2136    361.3809    47.9418
		P^-1: 
			    0.0458    0.0007    -0.0121
			    0.0007    0.0381    -0.0066
			    -0.0121    -0.0066    0.0516
		A:
			    0.6846    -0.6651    -0.2983
			    0.0473    -0.1761    -0.9832
			    -0.4612    0.2394    -0.8544
			    -0.2570    -0.3882    0.8850
			    0.6852    -0.7233    0.0854
			    0.5337    0.7351    -0.4181
		b:
			    -109.9150
			    -106.5916
			    -56.7564
			    -148.3083
			    -109.8205
			    367.5766
	==================================================================================
	Q2:
		Shape: Hybrid
		q_c:    229.0000    374.0000    44.0000
		ub :    236.1407    383.8464    53.7856
		lb :    221.8593    364.1536    34.2144
		P^-1: 
			    0.0237    -0.0000    -0.0000
			    -0.0000    0.0226    -0.0015
			    -0.0000    -0.0015    0.0215
		A:
			    -0.8349    -0.4589    0.3038
			    0.8023    0.2935    -0.5198
			    -0.5776    -0.2838    -0.7654
			    0.5053    0.7739    0.3818
			    0.8431    0.5375    0.0166
			    -0.1984    0.6392    0.7430
		b:
			    -346.2115
			    273.9020
			    -268.5154
			    425.4942
			    398.1295
			    230.0378
	==================================================================================
	Q3:
		Shape: Hybrid
		q_c:    226.0000    380.0000    48.0000
		ub :    231.7570    386.5014    53.9998
		lb :    220.2430    373.4986    42.0002
		P^-1: 
			    0.1120    0.0285    -0.0455
			    0.0285    0.0654    -0.0147
			    -0.0455    -0.0147    0.0945
		A:
			    0.2834    -0.5126    -0.8105
			    0.6319    -0.3580    -0.6874
			    0.7728    -0.2631    -0.5776
			    0.1719    0.8034    0.5700
			    0.8446    0.5249    -0.1056
			    0.9893    -0.1382    -0.0466
		b:
			    -167.2234
			    -24.1933
			    48.8825
			    374.3030
			    387.0026
			    171.1765
	==================================================================================
	Q4:
		Shape: Hybrid
		q_c:    227.5000    367.5000    57.5000
		ub :    236.1028    376.3697    64.3749
		lb :    218.8972    358.6303    50.6251
		P^-1: 
			    0.0271    0.0117    -0.0204
			    0.0117    0.0418    -0.0338
			    -0.0204    -0.0338    0.0863
		A:
			    0.5226    0.5479    0.6532
			    0.5868    0.7156    -0.3790
			    -0.5191    -0.8257    0.2209
			    0.0638    -0.2991    0.9521
			    0.8501    -0.5191    0.0886
			    -0.9399    -0.3372    -0.0535
		b:
			    362.8504
			    377.7740
			    -405.2330
			    -38.3912
			    13.1854
			    -335.8232
	==================================================================================
	Q5:
		Shape: Polyhedra
		q_c:    213.5000    385.0000    59.0000
		ub :    218.4238    391.1253    65.0027
		lb :    208.5762    378.8747    52.9973
		A:
			    -0.1227    0.8650    0.4866
			    0.3680    0.9127    -0.1778
			    -0.6667    -0.7055    -0.2405
			    -0.5191    -0.0336    -0.8541
			    -0.9222    -0.1602    0.3520
			    -0.0293    0.3499    0.9363
			    0.6332    0.5308    0.5634
			    0.1840    -0.8102    0.5565
			    0.7518    -0.2487    -0.6107
			    -0.6332    -0.5308    -0.5634
			    -0.1840    0.8102    -0.5565
			    -0.7518    0.2487    0.6107
		b:
			    338.9461
			    423.5596
			    -424.5463
			    -170.3474
			    -234.9932
			    186.8341
			    376.2659
			    -235.3068
			    31.2492
			    -369.2659
			    244.3068
			    -26.2492
	==================================================================================
	Q6:
		Shape: Hybrid
		q_c:    222.5000    370.0000    49.0000
		ub :    229.1901    376.5045    54.3853
		lb :    215.8099    363.4955    43.6147
		P^-1: 
			    0.0743    0.0308    0.0345
			    0.0308    0.0874    0.0426
			    0.0345    0.0426    0.0971
		A:
			    0.3065    0.9472    0.0941
			    0.5853    -0.0078    -0.8108
			    0.3167    0.8045    -0.5026
			    -0.1956    -0.2964    -0.9348
			    -0.3921    -0.6405    -0.6603
			    0.8307    0.5453    0.1126
		b:
			    425.5040
			    90.7674
			    346.5965
			    -197.1756
			    -355.3101
			    394.2435


===========================================================================================
===========================================================================================
S11:
	q_c:    183.5000    398.0000    383.0000
	ub :    205.0000    411.0000    415.0000
	lb :    162.0000    385.0000    351.0000

	==================================================================================
	Q1:
		Shape: Ellipse
		q_c:    179.5000    400.5000    383.0000
		ub :    187.0093    408.2404    390.3838
		lb :    171.9907    392.7596    375.6162
		P^-1: 
			    0.0764    -0.0324    0.0173
			    -0.0324    0.0441    -0.0231
			    0.0173    -0.0231    0.0603
	==================================================================================
	Q2:
		Shape: Ellipse
		q_c:    190.5000    399.5000    382.5000
		ub :    200.9840    409.2221    392.2936
		lb :    180.0160    389.7779    372.7064
		P^-1: 
			    0.0300    0.0011    0.0103
			    0.0011    0.0235    0.0038
			    0.0103    0.0038    0.0279
	==================================================================================
	Q3:
		Shape: Hybrid
		q_c:    183.5000    409.5000    382.0000
		ub :    187.5986    415.9719    388.1895
		lb :    179.4014    403.0281    375.8105
		P^-1: 
			    0.7708    0.1803    -0.3655
			    0.1803    0.0928    -0.0952
			    -0.3655    -0.0952    0.2258
		A:
			    -0.9122    0.2794    0.2997
			    -0.9127    -0.0329    0.4072
			    0.3212    0.1500    -0.9350
			    -0.8240    -0.3457    0.4489
			    -0.6107    -0.3107    0.7283
			    0.2720    -0.9077    -0.3195
		b:
			    63.4832
			    -24.5800
			    -233.8759
			    -120.6408
			    40.4952
			    -439.6923
	==================================================================================
	Q4:
		Shape: Ellipse
		q_c:    179.5000    395.0000    384.5000
		ub :    185.2360    401.0347    389.0486
		lb :    173.7640    388.9653    379.9514
		P^-1: 
			    0.0511    0.0057    -0.0038
			    0.0057    0.0693    -0.0181
			    -0.0038    -0.0181    0.1026
	==================================================================================
	Q5:
		Shape: Ellipse
		q_c:    191.5000    387.5000    376.0000
		ub :    197.5652    394.3570    381.8290
		lb :    185.4348    380.6430    370.1710
		P^-1: 
			    0.0799    -0.0403    -0.0023
			    -0.0403    0.0589    0.0015
			    -0.0023    0.0015    0.0331
	==================================================================================
	Q6:
		Shape: Polyhedra
		q_c:    171.0000    389.5000    377.0000
		ub :    177.8260    396.8848    385.8423
		lb :    164.1740    382.1152    368.1577
		A:
			    -0.9389    0.2544    -0.2317
			    0.5191    0.8181    -0.2475
			    0.6305    -0.0417    -0.7751
			    0.6467    0.7237    0.2407
			    0.2239    -0.9743    -0.0243
			    -0.1348    0.9812    0.1384
			    0.3605    0.5249    0.7710
			    -0.1832    0.8504    -0.4933
			    -0.9146    0.0365    0.4027
			    -0.3605    -0.5249    -0.7710
			    0.1832    -0.8504    0.4933
			    0.9146    -0.0365    -0.4027
		b:
			    -144.2434
			    318.9163
			    -196.1403
			    489.0024
			    -345.4361
			    416.5016
			    563.2863
			    118.4123
			    13.6545
			    -550.2863
			    -109.4123
			    -5.6545


===========================================================================================
===========================================================================================
S12:
	q_c:    188.5000    303.0000    437.0000
	ub :    206.0000    314.0000    456.0000
	lb :    171.0000    292.0000    418.0000

	==================================================================================
	Q1:
		Shape: Polyhedra
		q_c:    190.5000    292.5000    434.5000
		ub :    195.2806    297.4939    439.6721
		lb :    185.7194    287.5061    429.3279
		A:
			    0.0343    0.2977    -0.9540
			    -0.6479    0.5214    -0.5553
			    0.5648    0.6746    0.4753
			    -0.1808    0.7756    -0.6048
			    0.7430    -0.2310    0.6281
			    0.2140    0.6485    -0.7305
			    0.8346    0.3218    0.4471
			    -0.0715    -0.7415    0.6671
			    0.5462    -0.5887    -0.5959
			    -0.8346    -0.3218    -0.4471
			    0.0715    0.7415    -0.6671
			    -0.5462    0.5887    0.5959
		b:
			    -318.2436
			    -209.7566
			    514.1713
			    -68.5080
			    348.9717
			    -85.1595
			    449.3818
			    60.8520
			    -321.5529
			    -445.3818
			    -57.8520
			    332.5529
	==================================================================================
	Q2:
		Shape: Ellipse
		q_c:    189.0000    303.5000    427.5000
		ub :    196.3421    310.6768    432.8100
		lb :    181.6579    296.3232    422.1900
		P^-1: 
			    0.0579    0.0241    0.0033
			    0.0241    0.0573    -0.0034
			    0.0033    -0.0034    0.0812
	==================================================================================
	Q3:
		Shape: Hybrid
		q_c:    180.0000    295.5000    434.5000
		ub :    185.9269    301.7878    440.8566
		lb :    174.0731    289.2122    428.1434
		P^-1: 
			    0.0605    0.0110    0.0107
			    0.0110    0.0759    -0.0056
			    0.0107    -0.0056    0.0762
		A:
			    0.7361    0.6465    -0.2006
			    0.0441    0.1341    0.9900
			    -0.0621    0.4233    0.9039
			    0.7999    -0.2406    -0.5499
			    -0.6740    -0.5355    0.5089
			    0.3332    -0.8894    -0.3130
		b:
			    238.3201
			    479.6550
			    508.7750
			    -163.3269
			    -56.3958
			    -336.4461
	==================================================================================
	Q4:
		Shape: Polyhedra
		q_c:    190.5000    309.5000    446.0000
		ub :    195.3921    317.8137    452.9138
		lb :    185.6079    301.1863    439.0862
		A:
			    -0.8507    0.5219    -0.0623
			    -0.8578    0.5004    0.1171
			    -0.8393    0.4060    0.3616
			    -0.4063    0.5712    0.7132
			    0.5543    0.6629    -0.5033
			    -0.9195    0.2506    -0.3029
			    0.1861    0.9575    0.2202
			    -0.9523    0.1207    0.2802
			    0.2417    -0.2619    0.9343
			    -0.1861    -0.9575    -0.2202
			    0.9523    -0.1207    -0.2802
			    -0.2417    0.2619    -0.9343
		b:
			    -24.6041
			    47.2095
			    130.2989
			    422.6083
			    91.5976
			    -229.1926
			    437.0301
			    -16.6206
			    386.7133
			    -423.0301
			    21.6206
			    -376.7133
	==================================================================================
	Q5:
		Shape: Hybrid
		q_c:    177.5000    308.0000    430.0000
		ub :    184.4207    311.7367    436.5816
		lb :    170.5793    304.2633    423.4184
		P^-1: 
			    0.0779    -0.0344    0.0640
			    -0.0344    0.2002    -0.0576
			    0.0640    -0.0576    0.1108
		A:
			    0.7406    -0.3019    0.6003
			    0.6853    -0.0770    0.7242
			    -0.7171    -0.3455    -0.6054
			    -0.6686    -0.1208    -0.7338
			    0.3150    0.9439    -0.0991
			    -0.5823    -0.0655    -0.8103
		b:
			    298.2700
			    410.9699
			    -491.9516
			    -469.5913
			    305.8918
			    -470.2172
	==================================================================================
	Q6:
		Shape: Hybrid
		q_c:    181.0000    296.5000    443.5000
		ub :    184.8979    305.3154    452.0731
		lb :    177.1021    287.6846    434.9269
		P^-1: 
			    0.1556    -0.0217    0.0086
			    -0.0217    0.0314    -0.0062
			    0.0086    -0.0062    0.0297
		A:
			    0.8961    -0.0014    0.4439
			    -0.8636    -0.3202    0.3894
			    -0.6377    -0.0153    -0.7701
			    -0.6517    0.0863    0.7535
			    -0.8636    0.0328    0.5032
			    -0.8729    0.4229    -0.2434
		b:
			    360.8570
			    -75.7628
			    -457.9842
			    245.5305
			    79.2316
			    -138.8293


===========================================================================================
===========================================================================================
S13:
	q_c:    313.0000    413.5000    345.5000
	ub :    338.0000    429.0000    371.0000
	lb :    288.0000    398.0000    320.0000

	==================================================================================
	Q1:
		Shape: Ellipse
		q_c:    309.5000    430.5000    349.5000
		ub :    317.2341    440.1390    358.2089
		lb :    301.7659    420.8610    340.7911
		P^-1: 
			    0.1086    0.0442    0.0507
			    0.0442    0.0426    0.0254
			    0.0507    0.0254    0.0496
	==================================================================================
	Q2:
		Shape: Polyhedra
		q_c:    300.5000    420.5000    331.0000
		ub :    309.2987    427.9180    339.3759
		lb :    291.7013    413.0820    322.6241
		A:
			    0.4652    0.2551    -0.8477
			    0.8655    0.4975    0.0580
			    0.3215    -0.3147    -0.8931
			    0.8008    0.1836    0.5701
			    -0.0596    0.0841    -0.9947
			    0.8758    0.2097    -0.4348
			    0.3065    0.9162    0.2580
			    0.8076    -0.1069    -0.5800
			    -0.5038    0.3861    -0.7727
			    -0.3065    -0.9162    -0.2580
			    -0.8076    0.1069    0.5800
			    0.5038    -0.3861    0.7727
		b:
			    -27.8978
			    494.0899
			    -325.6328
			    511.5133
			    -306.8142
			    213.3612
			    568.2749
			    11.7571
			    -240.3118
			    -557.2749
			    0.2429
			    249.3118
	==================================================================================
	Q3:
		Shape: Hybrid
		q_c:    313.5000    407.0000    341.5000
		ub :    321.0855    414.7483    350.0393
		lb :    305.9145    399.2517    332.9607
		P^-1: 
			    0.0766    0.0435    0.0470
			    0.0435    0.0621    0.0431
			    0.0470    0.0431    0.0727
		A:
			    -0.1533    -0.3514    -0.9236
			    0.0959    0.4617    0.8818
			    -0.5704    -0.2770    0.7733
			    -0.9210    -0.0161    -0.3892
			    0.7456    0.2637    0.6119
			    0.4379    0.7299    0.5249
		b:
			    -503.7263
			    521.8515
			    -22.6086
			    -425.1925
			    551.8778
			    615.3025
	==================================================================================
	Q4:
		Shape: Hybrid
		q_c:    312.5000    402.5000    332.0000
		ub :    321.4281    411.4679    341.9118
		lb :    303.5719    393.5321    322.0882
		P^-1: 
			    0.0363    0.0087    0.0019
			    0.0087    0.0340    0.0113
			    0.0019    0.0113    0.0325
		A:
			    0.0883    -0.9041    0.4181
			    -0.2296    0.2345    0.9446
			    -0.7080    0.7029    -0.0682
			    0.7675    0.6146    -0.1824
			    0.2929    0.6084    0.7376
			    0.2621    -0.1151    -0.9581
		b:
			    -192.9948
			    339.4433
			    43.2218
			    429.5890
			    583.6868
			    -279.1234
	==================================================================================
	Q5:
		Shape: Ellipse
		q_c:    303.0000    416.5000    337.0000
		ub :    311.7914    424.3449    346.1403
		lb :    294.2086    408.6551    327.8597
		P^-1: 
			    0.0644    0.0381    0.0186
			    0.0381    0.0783    -0.0042
			    0.0186    -0.0042    0.0334
	==================================================================================
	Q6:
		Shape: Ellipse
		q_c:    306.0000    418.5000    345.5000
		ub :    312.1448    426.6362    352.9752
		lb :    299.8552    410.3638    338.0248
		P^-1: 
			    0.0616    0.0046    -0.0032
			    0.0046    0.0397    0.0158
			    -0.0032    0.0158    0.0515


===========================================================================================
===========================================================================================
S14:
	q_c:    123.0000    90.0000    492.5000
	ub :    133.0000    112.0000    518.0000
	lb :    113.0000    68.0000    467.0000

	==================================================================================
	Q1:
		Shape: Polyhedra
		q_c:    128.0000    80.5000    491.5000
		ub :    131.8409    84.2909    497.9713
		lb :    124.1591    76.7091    485.0287
		A:
			    -0.8393    -0.2309    -0.4923
			    0.5026    0.2935    0.8132
			    -0.9385    -0.0777    -0.3364
			    -0.7709    -0.0398    -0.6357
			    -0.8980    0.3581    -0.2558
			    0.5750    0.5944    0.5622
			    0.9574    0.0800    0.2774
			    0.0702    -0.9965    0.0453
			    0.2801    -0.0239    -0.9597
			    -0.9574    -0.0800    -0.2774
			    -0.0702    0.9965    -0.0453
			    -0.2801    0.0239    0.9597
		b:
			    -365.4973
			    491.8550
			    -289.7099
			    -411.3172
			    -209.4782
			    401.1286
			    267.3474
			    -45.4975
			    -431.7516
			    -263.3474
			    52.4975
			    443.7516
	==================================================================================
	Q2:
		Shape: Hybrid
		q_c:    123.0000    97.0000    486.5000
		ub :    127.2942    100.5600    492.1496
		lb :    118.7058    93.4400    480.8504
		P^-1: 
			    0.1999    -0.0135    -0.0884
			    -0.0135    0.1117    0.0009
			    -0.0884    0.0009    0.0895
		A:
			    0.4005    -0.7620    -0.5088
			    0.2457    -0.8301    0.5006
			    0.9188    -0.2431    -0.3110
			    0.7252    -0.6748    0.1366
			    -0.9333    -0.3587    -0.0192
			    -0.1667    0.7395    0.6521
		b:
			    -270.3085
			    195.8416
			    -60.6961
			    92.3588
			    -156.7634
			    371.0147
	==================================================================================
	Q3:
		Shape: Hybrid
		q_c:    129.5000    97.0000    500.5000
		ub :    134.2395    102.0620    505.8349
		lb :    124.7605    91.9380    495.1651
		P^-1: 
			    0.0991    -0.0197    -0.0152
			    -0.0197    0.1646    -0.0938
			    -0.0152    -0.0938    0.1467
		A:
			    0.5178    0.0795    0.8518
			    -0.2339    0.9640    0.1264
			    0.9317    0.0540    -0.3591
			    0.0160    -0.8001    -0.5997
			    -0.2805    -0.6450    0.7108
			    -0.8042    0.5809    -0.1255
		b:
			    504.0381
			    128.7598
			    -51.8191
			    -372.4991
			    258.0222
			    -108.8538
	==================================================================================
	Q4:
		Shape: Ellipse
		q_c:    119.5000    97.5000    486.0000
		ub :    127.4623    105.8456    491.9258
		lb :    111.5377    89.1544    480.0742
		P^-1: 
			    0.0848    0.0445    -0.0454
			    0.0445    0.0557    -0.0058
			    -0.0454    -0.0058    0.1189
	==================================================================================
	Q5:
		Shape: Polyhedra
		q_c:    124.5000    92.0000    502.5000
		ub :    130.1961    99.1130    509.5679
		lb :    118.8039    84.8870    495.4321
		A:
			    0.8367    0.1111    -0.5362
			    -0.0307    0.0103    0.9995
			    -0.9959    0.0722    -0.0539
			    0.6646    0.3687    -0.6499
			    0.5159    -0.4770    0.7115
			    0.9656    -0.1038    -0.2384
			    0.8890    0.3668    0.2741
			    0.0834    -0.7183    0.6908
			    0.4502    -0.5913    -0.6691
			    -0.8890    -0.3668    -0.2741
			    -0.0834    0.7183    -0.6908
			    -0.4502    0.5913    0.6691
		b:
			    -150.7525
			    503.8379
			    -140.5586
			    -205.7767
			    381.7676
			    -4.9136
			    285.6482
			    295.4060
			    -329.5825
			    -278.6482
			    -287.4060
			    339.5825
	==================================================================================
	Q6:
		Shape: Polyhedra
		q_c:    132.0000    82.0000    500.0000
		ub :    135.2874    87.7622    502.7257
		lb :    128.7126    76.2378    497.2743
		A:
			    -0.7870    -0.2348    0.5705
			    -0.0324    0.8078    -0.5885
			    -0.5190    -0.3458    0.7817
			    -0.6950    -0.3934    0.6019
			    0.6976    -0.1578    0.6989
			    -0.2597    -0.2367    0.9362
			    0.9067    0.1108    0.4070
			    -0.3710    -0.2493    0.8945
			    0.2005    -0.9621    -0.1850
			    -0.9067    -0.1108    -0.4070
			    0.3710    0.2493    -0.8945
			    -0.2005    0.9621    0.1850
		b:
			    163.4752
			    -228.5072
			    295.1460
			    178.3717
			    430.6522
			    415.4562
			    334.2468
			    378.8406
			    -139.4016
			    -330.2468
			    -376.8406
			    150.4016


===========================================================================================
===========================================================================================
S15:
	q_c:    333.5000    175.5000    300.0000
	ub :    354.0000    195.0000    322.0000
	lb :    313.0000    156.0000    278.0000

	==================================================================================
	Q1:
		Shape: Hybrid
		q_c:    318.5000    170.0000    283.0000
		ub :    336.1220    181.3354    299.9719
		lb :    300.8780    158.6646    266.0281
		P^-1: 
			    0.0098    0.0065    -0.0010
			    0.0065    0.0253    0.0018
			    -0.0010    0.0018    0.0076
		A:
			    0.5906    -0.8010    -0.0980
			    0.2748    -0.9030    0.3303
			    -0.4798    -0.8765    0.0386
			    0.2313    0.6267    0.7442
			    -0.5983    -0.7578    -0.2605
			    -0.1958    -0.9260    -0.3229
		b:
			    31.3902
			    34.3240
			    -287.6678
			    397.1276
			    -388.7717
			    -307.6152
	==================================================================================
	Q2:
		Shape: Ellipse
		q_c:    325.0000    177.0000    308.0000
		ub :    338.6976    194.8700    325.0548
		lb :    311.3024    159.1300    290.9452
		P^-1: 
			    0.0271    -0.0141    -0.0098
			    -0.0141    0.0156    0.0026
			    -0.0098    0.0026    0.0125
	==================================================================================
	Q3:
		Shape: Polyhedra
		q_c:    335.5000    182.5000    323.0000
		ub :    345.4386    195.5057    335.7751
		lb :    325.5614    169.4943    310.2249
		A:
			    0.7553    0.0420    -0.6540
			    0.9609    0.2741    0.0399
			    0.9495    -0.1105    0.2935
			    0.7639    0.3759    -0.5246
			    -0.9596    -0.1599    0.2313
			    -0.0040    -0.4157    -0.9095
			    0.5839    0.5216    0.6221
			    -0.1668    -0.6728    0.7207
			    0.7945    -0.5246    -0.3059
			    -0.5839    -0.5216    -0.6221
			    0.1668    0.6728    -0.7207
			    -0.7945    0.5246    0.3059
		b:
			    57.6598
			    391.7955
			    399.3115
			    163.9527
			    -269.4875
			    -364.2799
			    498.0275
			    64.0421
			    77.9990
			    -486.0275
			    -44.0421
			    -65.9990
	==================================================================================
	Q4:
		Shape: Ellipse
		q_c:    344.0000    182.5000    295.0000
		ub :    356.3164    192.1273    307.4451
		lb :    331.6836    172.8727    282.5549
		P^-1: 
			    0.0300    -0.0202    -0.0118
			    -0.0202    0.0362    0.0149
			    -0.0118    0.0149    0.0225
	==================================================================================
	Q5:
		Shape: Hybrid
		q_c:    343.0000    151.5000    281.5000
		ub :    356.5568    166.7244    294.2918
		lb :    329.4432    136.2756    268.7082
		P^-1: 
			    0.0094    0.0007    0.0003
			    0.0007    0.0116    -0.0019
			    0.0003    -0.0019    0.0147
		A:
			    -0.6915    -0.5504    -0.4679
			    -0.6586    -0.6358    -0.4025
			    0.3569    0.9289    -0.0993
			    -0.7903    -0.4459    0.4203
			    0.4592    0.4641    -0.7575
			    -0.0412    0.2546    0.9662
		b:
			    -446.7115
			    -429.9659
			    240.3449
			    -214.8592
			    19.0950
			    301.1796
	==================================================================================
	Q6:
		Shape: Ellipse
		q_c:    351.0000    184.5000    303.0000
		ub :    363.0794    197.9647    312.2272
		lb :    338.9206    171.0353    293.7728
		P^-1: 
			    0.0265    0.0086    0.0033
			    0.0086    0.0126    -0.0009
			    0.0033    -0.0009    0.0300


===========================================================================================
===========================================================================================
S16:
	q_c:    447.0000    27.5000    324.0000
	ub :    467.0000    40.0000    343.0000
	lb :    427.0000    15.0000    305.0000

	==================================================================================
	Q1:
		Shape: Hybrid
		q_c:    440.0000    29.0000    324.5000
		ub :    445.4949    34.8470    327.6032
		lb :    434.5051    23.1530    321.3968
		P^-1: 
			    0.1075    -0.0625    0.0006
			    -0.0625    0.0856    0.0011
			    0.0006    0.0011    0.1111
		A:
			    -0.3491    0.7953    0.4957
			    -0.6164    -0.0621    0.7850
			    0.2926    -0.9214    -0.2559
			    -0.8344    0.2559    -0.4881
			    -0.7565    0.2631    0.5988
			    -0.9771    0.1250    -0.1720
		b:
			    32.2511
			    -15.9730
			    21.2919
			    -516.2698
			    -129.1138
			    -479.7660
	==================================================================================
	Q2:
		Shape: Hybrid
		q_c:    442.5000    40.0000    316.0000
		ub :    448.2800    44.8982    321.5563
		lb :    436.7200    35.1018    310.4437
		P^-1: 
			    0.0908    -0.0126    0.0053
			    -0.0126    0.0989    -0.0072
			    0.0053    -0.0072    0.0846
		A:
			    0.0007    0.8541    0.5202
			    0.5445    0.8084    0.2236
			    0.0834    -0.4297    -0.8991
			    -0.7704    0.5488    0.3246
			    -0.8106    0.0237    -0.5852
			    0.7374    -0.1764    0.6520
		b:
			    200.7132
			    345.9292
			    -262.4200
			    -214.6284
			    -540.8443
			    527.0119
	==================================================================================
	Q3:
		Shape: Hybrid
		q_c:    455.0000    23.5000    331.5000
		ub :    462.9134    31.4410    337.2251
		lb :    447.0866    15.5590    325.7749
		P^-1: 
			    0.0554    0.0190    -0.0271
			    0.0190    0.0493    -0.0226
			    -0.0271    -0.0226    0.0795
		A:
			    -0.3430    0.2798    0.8967
			    0.7103    -0.1779    -0.6810
			    -0.1235    -0.8996    0.4188
			    0.3473    0.0390    -0.9369
			    0.7415    -0.2532    -0.6213
			    -0.3555    -0.2252    -0.9072
		b:
			    150.4629
			    95.8288
			    64.1902
			    -149.6297
			    128.3293
			    -464.5063
	==================================================================================
	Q4:
		Shape: Polyhedra
		q_c:    450.0000    29.0000    322.5000
		ub :    458.4592    38.0784    332.6233
		lb :    441.5408    19.9216    312.3767
		A:
			    -0.8106    0.2618    0.5239
			    -0.8659    -0.3255    -0.3798
			    0.4785    -0.7931    -0.3769
			    -0.5503    0.8050    -0.2216
			    0.0002    -0.9517    -0.3070
			    0.8208    -0.3010    -0.4854
			    0.7461    0.2751    0.6064
			    -0.2223    -0.7554    0.6163
			    0.6277    -0.5947    -0.5024
			    -0.7461    -0.2751    -0.6064
			    0.2223    0.7554    -0.6163
			    -0.6277    0.5947    0.5024
		b:
			    -184.6266
			    -514.6454
			    73.9394
			    -290.2704
			    -121.1379
			    207.5513
			    546.2625
			    84.3071
			    105.6693
			    -532.2625
			    -69.3071
			    -100.6693
	==================================================================================
	Q5:
		Shape: Polyhedra
		q_c:    440.5000    17.0000    325.5000
		ub :    446.2191    25.0996    333.4891
		lb :    434.7809    8.9004    317.5109
		A:
			    0.3657    -0.6522    -0.6640
			    0.5432    -0.6795    -0.4932
			    -0.1507    -0.7029    -0.6952
			    0.9306    0.3169    -0.1833
			    -0.9192    0.2096    0.3333
			    0.5893    0.7048    0.3949
			    0.5904    0.5705    0.5710
			    0.0846    -0.7473    0.6591
			    0.8027    -0.3408    -0.4894
			    -0.5904    -0.5705    -0.5710
			    -0.0846    0.7473    -0.6591
			    -0.8027    0.3408    0.4894
		b:
			    -62.4785
			    70.3876
			    -299.5835
			    359.8372
			    -290.0962
			    405.6175
			    461.1132
			    244.6119
			    190.9718
			    -450.1132
			    -233.6119
			    -185.9718
	==================================================================================
	Q6:
		Shape: Ellipse
		q_c:    445.0000    22.0000    312.5000
		ub :    454.6555    24.0398    321.9996
		lb :    435.3445    19.9602    303.0004
		P^-1: 
			    0.0229    0.0190    0.0040
			    0.0190    0.4426    -0.0209
			    0.0040    -0.0209    0.0246


===========================================================================================
===========================================================================================
S17:
	q_c:    401.0000    277.0000    180.0000
	ub :    411.0000    306.0000    206.0000
	lb :    391.0000    248.0000    154.0000

	==================================================================================
	Q1:
		Shape: Ellipse
		q_c:    394.5000    276.0000    174.5000
		ub :    402.7038    283.8520    183.2640
		lb :    386.2962    268.1480    165.7360
		P^-1: 
			    0.0480    0.0210    0.0183
			    0.0210    0.0556    0.0082
			    0.0183    0.0082    0.0417
	==================================================================================
	Q2:
		Shape: Ellipse
		q_c:    392.5000    269.5000    189.5000
		ub :    400.5743    276.9677    197.8186
		lb :    384.4257    262.0323    181.1814
		P^-1: 
			    0.0430    -0.0026    0.0075
			    -0.0026    0.0483    0.0030
			    0.0075    0.0030    0.0405
	==================================================================================
	Q3:
		Shape: Hybrid
		q_c:    411.0000    281.0000    176.5000
		ub :    417.4673    287.0151    182.8407
		lb :    404.5327    274.9849    170.1593
		P^-1: 
			    0.0406    -0.0004    0.0022
			    -0.0004    0.0403    -0.0015
			    0.0022    -0.0015    0.0485
		A:
			    -0.6458    0.2694    0.7144
			    0.5796    -0.5924    -0.5596
			    -0.2009    -0.4358    -0.8774
			    0.0153    0.7739    0.6331
			    0.6741    0.6910    -0.2609
			    -0.3402    0.3580    -0.8695
		b:
			    -60.9767
			    -24.2984
			    -357.4300
			    338.1422
			    427.9134
			    -190.4153
	==================================================================================
	Q4:
		Shape: Ellipse
		q_c:    399.0000    285.0000    179.5000
		ub :    406.4925    292.3850    188.1630
		lb :    391.5075    277.6150    170.8370
		P^-1: 
			    0.0965    0.0831    0.0608
			    0.0831    0.1242    0.0754
			    0.0608    0.0754    0.0808
	==================================================================================
	Q5:
		Shape: Polyhedra
		q_c:    392.5000    278.0000    188.0000
		ub :    398.0587    282.7812    192.7025
		lb :    386.9413    273.2188    183.2975
		A:
			    -0.9615    0.1875    0.2008
			    -0.1187    -0.7616    -0.6371
			    0.5903    0.8035    -0.0769
			    0.8444    0.5280    0.0904
			    -0.1800    0.7744    0.6065
			    -0.6352    -0.5279    0.5637
			    0.2611    0.6210    0.7391
			    -0.0271    -0.7606    0.6486
			    0.9649    -0.1894    -0.1818
			    -0.2611    -0.6210    -0.7391
			    0.0271    0.7606    -0.6486
			    -0.9649    0.1894    0.1818
		b:
			    -282.5370
			    -375.5061
			    443.9282
			    499.1804
			    261.8027
			    -286.2464
			    416.5601
			    -97.1407
			    296.9081
			    -411.5601
			    103.1407
			    -286.9081
	==================================================================================
	Q6:
		Shape: Hybrid
		q_c:    409.0000    276.5000    182.5000
		ub :    416.3601    283.1446    190.4272
		lb :    401.6399    269.8554    174.5728
		P^-1: 
			    0.0476    -0.0020    -0.0030
			    -0.0020    0.0470    -0.0035
			    -0.0030    -0.0035    0.0441
		A:
			    -0.6191    -0.6357    0.4611
			    -0.6638    -0.1611    -0.7303
			    0.6984    -0.6860    -0.2040
			    0.7801    -0.3205    0.5374
			    0.9528    -0.1327    -0.2730
			    -0.8993    0.3004    -0.3178
		b:
			    -342.5282
			    -446.6583
			    61.0227
			    330.9346
			    305.4453
			    -340.3889


===========================================================================================
===========================================================================================
S18:
	q_c:    227.5000    262.0000    375.5000
	ub :    249.0000    285.0000    396.0000
	lb :    206.0000    239.0000    355.0000

	==================================================================================
	Q1:
		Shape: Hybrid
		q_c:    247.5000    240.5000    366.5000
		ub :    264.9056    253.2719    383.6035
		lb :    230.0944    227.7281    349.3965
		P^-1: 
			    0.0055    -0.0005    0.0014
			    -0.0005    0.0157    -0.0039
			    0.0014    -0.0039    0.0099
		A:
			    0.2477    -0.8427    -0.4781
			    -0.3006    -0.8951    -0.3294
			    0.2941    -0.1042    0.9501
			    0.3921    0.9099    -0.1354
			    0.1506    0.1707    -0.9737
			    0.1074    -0.9907    -0.0841
		b:
			    -309.5010
			    -404.2475
			    402.2430
			    271.7278
			    -271.6293
			    -237.4215
	==================================================================================
	Q2:
		Shape: Ellipse
		q_c:    229.5000    280.0000    384.5000
		ub :    236.8399    295.7025    395.6592
		lb :    222.1601    264.2975    373.3408
		P^-1: 
			    0.1936    -0.0196    -0.0998
			    -0.0196    0.0065    0.0111
			    -0.0998    0.0111    0.0643
	==================================================================================
	Q3:
		Shape: Ellipse
		q_c:    236.0000    241.0000    373.5000
		ub :    247.3357    253.0011    384.8256
		lb :    224.6643    228.9989    362.1744
		P^-1: 
			    0.0243    -0.0011    0.0071
			    -0.0011    0.0149    0.0043
			    0.0071    0.0043    0.0266
	==================================================================================
	Q4:
		Shape: Polyhedra
		q_c:    210.5000    247.5000    387.5000
		ub :    220.5021    261.4557    402.2240
		lb :    200.4979    233.5443    372.7760
		A:
			    -0.9048    0.3048    -0.2972
			    -0.7579    0.6518    -0.0278
			    -0.7026    0.6904    -0.1724
			    -0.8880    0.4337    0.1532
			    -0.7239    0.6546    0.2180
			    0.4850    -0.8735    -0.0426
			    0.2011    0.6675    0.7170
			    0.4913    0.5645    -0.6633
			    -0.8475    0.4856    -0.2144
			    -0.2011    -0.6675    -0.7170
			    -0.4913    -0.5645    0.6633
			    0.8475    -0.4856    0.2144
		b:
			    -226.6975
			    -5.2551
			    -39.9825
			    -15.4092
			    99.1351
			    -124.7237
			    494.3514
			    -2.4015
			    -138.2922
			    -476.3514
			    25.4015
			    144.2922
	==================================================================================
	Q5:
		Shape: Polyhedra
		q_c:    235.5000    257.5000    387.5000
		ub :    247.1478    268.9776    402.4653
		lb :    223.8522    246.0224    372.5347
		A:
			    0.3003    -0.8915    0.3391
			    -0.1001    -0.9901    0.0983
			    -0.1406    0.9490    -0.2822
			    -0.4746    0.8797    -0.0284
			    -0.2510    0.7951    0.5521
			    -0.6922    0.5081    -0.5126
			    0.0677    0.1740    0.9824
			    -0.8611    0.5076    -0.0306
			    -0.5040    -0.8438    0.1842
			    -0.0677    -0.1740    -0.9824
			    0.8611    -0.5076    0.0306
			    0.5040    0.8438    -0.1842
		b:
			    -19.3563
			    -234.2945
			    109.1259
			    112.3648
			    370.7206
			    -220.2868
			    455.4402
			    -74.4261
			    -259.5934
			    -427.4402
			    93.4261
			    269.5934
	==================================================================================
	Q6:
		Shape: Hybrid
		q_c:    234.5000    268.0000    359.5000
		ub :    252.0870    285.4589    375.4607
		lb :    216.9130    250.5411    343.5393
		P^-1: 
			    0.0095    -0.0002    -0.0019
			    -0.0002    0.0101    -0.0019
			    -0.0019    -0.0019    0.0097
		A:
			    0.6173    -0.4437    0.6497
			    0.3335    -0.6087    0.7200
			    -0.7508    -0.4011    -0.5248
			    0.1413    0.9795    0.1438
			    0.5317    -0.7036    0.4715
			    0.0718    0.3195    -0.9449
		b:
			    265.4480
			    179.2718
			    -464.8764
			    353.4213
			    111.0765
			    -231.9652


===========================================================================================
===========================================================================================
S19:
	q_c:    190.5000    105.5000    412.5000
	ub :    202.0000    133.0000    438.0000
	lb :    179.0000    78.0000    387.0000

	==================================================================================
	Q1:
		Shape: Ellipse
		q_c:    197.5000    100.5000    424.0000
		ub :    206.4299    109.5591    434.5551
		lb :    188.5701    91.4409    413.4449
		P^-1: 
			    0.0274    -0.0025    0.0058
			    -0.0025    0.0276    0.0005
			    0.0058    0.0005    0.0262
	==================================================================================
	Q2:
		Shape: Hybrid
		q_c:    199.0000    102.0000    410.5000
		ub :    203.1612    107.0572    414.9267
		lb :    194.8388    96.9428    406.0733
		P^-1: 
			    0.1676    -0.0416    0.0190
			    -0.0416    0.0887    -0.0677
			    0.0190    -0.0677    0.2031
		A:
			    0.0012    0.2478    -0.9688
			    0.7265    -0.4626    0.5081
			    -0.4574    -0.5605    0.6904
			    -0.4294    -0.4355    0.7911
			    -0.2143    -0.4205    0.8816
			    0.9288    -0.2731    0.2504
		b:
			    -371.0087
			    307.0558
			    136.9019
			    196.3212
			    277.5847
			    261.0661
	==================================================================================
	Q3:
		Shape: Polyhedra
		q_c:    188.5000    104.5000    408.0000
		ub :    195.8804    113.2023    414.6333
		lb :    181.1196    95.7977    401.3667
		A:
			    -0.2306    0.7690    -0.5962
			    0.3610    0.6731    -0.6455
			    -0.1174    -0.3738    -0.9201
			    0.5643    -0.4902    -0.6642
			    -0.7055    0.0660    -0.7056
			    -0.4629    0.4157    0.7829
			    0.8737    0.4678    0.1336
			    0.4861    -0.8273    -0.2816
			    -0.0213    0.3110    -0.9502
			    -0.8737    -0.4678    -0.1336
			    -0.4861    0.8273    0.2816
			    0.0213    -0.3110    0.9502
		b:
			    -201.2896
			    -120.2343
			    -431.5543
			    -210.1960
			    -409.1815
			    281.0766
			    273.0642
			    -103.7328
			    -354.6891
			    -263.0642
			    115.7328
			    363.6891
	==================================================================================
	Q4:
		Shape: Hybrid
		q_c:    180.5000    106.5000    415.0000
		ub :    185.3780    111.5292    419.1865
		lb :    175.6220    101.4708    410.8135
		P^-1: 
			    0.2107    0.0066    -0.1707
			    0.0066    0.0960    -0.0493
			    -0.1707    -0.0493    0.3113
		A:
			    -0.5123    -0.4876    0.7070
			    -0.5977    -0.6902    0.4078
			    -0.2624    0.7245    -0.6374
			    -0.9476    -0.0403    0.3169
			    -0.5668    -0.8065    -0.1683
			    -0.6970    0.5541    0.4551
		b:
			    150.1499
			    -10.2055
			    -232.6796
			    -42.1953
			    -254.9830
			    123.7778
	==================================================================================
	Q5:
		Shape: Polyhedra
		q_c:    197.5000    115.0000    422.0000
		ub :    202.9163    120.1189    428.3962
		lb :    192.0837    109.8811    415.6038
		A:
			    0.4293    0.6878    0.5853
			    0.7654    -0.6424    0.0381
			    0.6137    -0.7231    -0.3170
			    -0.9070    0.1160    0.4049
			    -0.8069    0.2716    0.5245
			    0.7386    0.6741    0.0086
			    0.3292    0.1688    0.9291
			    0.5929    0.7288    -0.3425
			    -0.7349    0.6636    0.1399
			    -0.3292    -0.1688    -0.9291
			    -0.5929    -0.7288    0.3425
			    0.7349    -0.6636    -0.1399
		b:
			    415.6349
			    95.1010
			    -93.9013
			    8.0236
			    95.9775
			    231.5585
			    481.4862
			    60.8911
			    -8.3075
			    -471.4862
			    -51.8911
			    11.3075
	==================================================================================
	Q6:
		Shape: Polyhedra
		q_c:    194.0000    113.0000    421.0000
		ub :    200.9190    119.3339    426.2994
		lb :    187.0810    106.6661    415.7006
		A:
			    -0.3707    -0.8331    0.4105
			    -0.9954    -0.0556    -0.0779
			    -0.9668    -0.2544    -0.0230
			    -0.1272    -0.8509    0.5097
			    0.7100    0.4540    -0.5382
			    -0.4878    -0.4204    0.7651
			    0.5257    0.3409    0.7794
			    -0.6935    0.7023    0.1607
			    -0.4926    -0.6250    0.6056
			    -0.5257    -0.3409    -0.7794
			    0.6935    -0.7023    -0.1607
			    0.4926    0.6250    -0.6056
		b:
			    8.9388
			    -227.6969
			    -222.0436
			    96.4640
			    -35.4453
			    181.8784
			    473.1258
			    17.9594
			    90.2726
			    -464.1258
			    -6.9594
			    -87.2726


===========================================================================================
===========================================================================================
S20:
	q_c:    522.0000    331.0000    507.0000
	ub :    543.0000    350.0000    538.0000
	lb :    501.0000    312.0000    476.0000

	==================================================================================
	Q1:
		Shape: Ellipse
		q_c:    517.0000    310.5000    518.5000
		ub :    534.7100    323.8759    537.0512
		lb :    499.2900    297.1241    499.9488
		P^-1: 
			    0.0056    0.0001    0.0001
			    0.0001    0.0204    -0.0069
			    0.0001    -0.0069    0.0091
	==================================================================================
	Q2:
		Shape: Hybrid
		q_c:    537.0000    322.0000    523.5000
		ub :    546.1236    332.4281    531.2660
		lb :    527.8764    311.5719    515.7340
		P^-1: 
			    0.0348    -0.0079    -0.0073
			    -0.0079    0.0279    -0.0117
			    -0.0073    -0.0117    0.0423
		A:
			    0.6918    -0.1513    0.7061
			    0.0192    0.3026    -0.9529
			    0.0388    0.1219    -0.9918
			    0.3050    0.9151    -0.2637
			    -0.0236    0.6018    0.7983
			    0.4705    0.4510    0.7585
		b:
			    696.0913
			    -388.6503
			    -456.3434
			    324.6481
			    603.7727
			    800.2011
	==================================================================================
	Q3:
		Shape: Ellipse
		q_c:    514.5000    345.5000    497.5000
		ub :    516.1607    354.1205    501.4415
		lb :    512.8393    336.8795    493.5585
		P^-1: 
			    0.4444    -0.0007    -0.0002
			    -0.0007    0.0470    -0.1148
			    -0.0002    -0.1148    0.4113
	==================================================================================
	Q4:
		Shape: Hybrid
		q_c:    522.0000    324.0000    496.5000
		ub :    530.9463    329.7104    506.1155
		lb :    513.0537    318.2896    486.8845
		P^-1: 
			    0.0654    -0.0156    -0.0455
			    -0.0156    0.0856    -0.0002
			    -0.0455    -0.0002    0.0541
		A:
			    0.5431    0.0209    -0.8394
			    0.6080    -0.1841    -0.7723
			    -0.3898    0.9206    -0.0226
			    0.1139    -0.1376    -0.9839
			    0.3175    -0.8846    0.3415
			    0.6073    -0.7587    -0.2355
		b:
			    -124.1937
			    -123.7826
			    85.6189
			    -468.7329
			    51.5648
			    -43.9551
	==================================================================================
	Q5:
		Shape: Polyhedra
		q_c:    531.0000    344.0000    503.0000
		ub :    541.3981    353.8444    514.0052
		lb :    520.6019    334.1556    491.9948
		A:
			    -0.2290    -0.8506    -0.4733
			    0.0069    0.5764    0.8171
			    0.1584    0.7223    0.6732
			    -0.1874    -0.8205    -0.5400
			    0.6754    0.6479    0.3523
			    -0.0220    0.4647    0.8852
			    0.3242    0.7457    0.5821
			    -0.8207    -0.0843    0.5652
			    0.4705    -0.6609    0.5846
			    -0.3242    -0.7457    -0.5821
			    0.8207    0.0843    -0.5652
			    -0.4705    0.6609    -0.5846
		b:
			    -649.3654
			    615.9429
			    673.3647
			    -650.7920
			    761.6607
			    597.2179
			    723.4765
			    -175.4978
			    328.5411
			    -719.4765
			    185.4978
			    -304.5411
	==================================================================================
	Q6:
		Shape: Ellipse
		q_c:    526.0000    337.5000    517.5000
		ub :    540.3606    353.4734    533.5145
		lb :    511.6394    321.5266    501.4855
		P^-1: 
			    0.0148    0.0009    -0.0035
			    0.0009    0.0104    -0.0024
			    -0.0035    -0.0024    0.0119


===========================================================================================
===========================================================================================
