3D_40_10_6_a                l = 3

===========================================================================================
===========================================================================================
S1:
	q_c:    396.5000    289.0000    126.5000
	ub :    418.0000    305.0000    143.0000
	lb :    375.0000    273.0000    110.0000

	==================================================================================
	Q1:
		Shape: Ellipse
		q_c:    395.0000    298.5000    140.5000
		ub :    405.2263    308.8711    148.7260
		lb :    384.7737    288.1289    132.2740
		P^-1: 
			    0.0273    -0.0042    0.0053
			    -0.0042    0.0287    -0.0062
			    0.0053    -0.0062    0.0314
	==================================================================================
	Q2:
		Shape: Hybrid
		q_c:    389.5000    301.5000    133.5000
		ub :    400.3835    311.9436    144.8592
		lb :    378.6165    291.0564    122.1408
		P^-1: 
			    0.0217    0.0003    0.0080
			    0.0003    0.0100    0.0002
			    0.0080    0.0002    0.0172
		A:
			    0.9018    -0.2251    -0.3688
			    0.8816    0.1508    0.4473
			    0.8778    -0.4536    0.1543
			    0.8277    0.2784    0.4873
			    -0.7948    -0.1737    -0.5815
			    0.0074    -0.8597    0.5108
		b:
			    239.9913
			    451.7944
			    230.4347
			    474.7835
			    -436.4433
			    -181.5072
	==================================================================================
	Q3:
		Shape: Ellipse
		q_c:    403.5000    274.5000    137.0000
		ub :    414.4112    282.9164    149.4645
		lb :    392.5888    266.0836    124.5355
		P^-1: 
			    0.0320    0.0067    0.0088
			    0.0067    0.0283    0.0030
			    0.0088    0.0030    0.0124
	==================================================================================
	Q4:
		Shape: Polyhedra
		q_c:    390.5000    278.5000    117.0000
		ub :    398.7524    286.6950    124.7039
		lb :    382.2476    270.3050    109.2961
		A:
			    0.3613    -0.9008    -0.2410
			    -0.7021    -0.6335    0.3251
			    0.3769    -0.1527    0.9136
			    0.3139    0.9274    -0.2034
			    -0.6672    0.2094    -0.7148
			    0.3812    -0.4591    0.8025
			    0.7954    0.5889    0.1430
			    0.4376    -0.7214    0.5368
			    0.4193    -0.3644    -0.8315
			    -0.7954    -0.5889    -0.1430
			    -0.4376    0.7214    -0.5368
			    -0.4193    0.3644    0.8315
		b:
			    -132.9415
			    -407.5622
			    216.4071
			    361.8811
			    -281.1645
			    119.5036
			    496.3654
			    37.2719
			    -29.5359
			    -486.3654
			    -28.2719
			    40.5359
	==================================================================================
	Q5:
		Shape: Hybrid
		q_c:    389.5000    274.5000    136.5000
		ub :    398.5929    286.8585    149.4915
		lb :    380.4071    262.1415    123.5085
		P^-1: 
			    0.0321    -0.0104    -0.0047
			    -0.0104    0.0216    0.0048
			    -0.0047    0.0048    0.0110
		A:
			    -0.8544    0.4706    0.2202
			    -0.4770    0.8749    -0.0844
			    0.9026    -0.2733    0.3325
			    0.9007    0.4331    0.0327
			    0.4034    -0.2278    -0.8862
			    -0.2377    -0.7291    -0.6418
		b:
			    -171.0508
			    46.9825
			    326.3301
			    479.0609
			    -20.3289
			    -374.6720
	==================================================================================
	Q6:
		Shape: Polyhedra
		q_c:    386.5000    286.5000    132.0000
		ub :    394.5029    295.7631    140.1015
		lb :    378.4971    277.2369    123.8985
		A:
			    -0.2121    0.2191    0.9524
			    0.4714    0.4878    -0.7347
			    -0.8014    -0.3061    0.5139
			    -0.3907    -0.2585    0.8835
			    0.3804    -0.3805    -0.8429
			    0.6781    -0.6745    -0.2920
			    0.9016    0.3877    0.1917
			    0.0937    -0.6079    0.7885
			    0.4222    -0.6929    -0.5844
			    -0.9016    -0.3877    -0.1917
			    -0.0937    0.6079    -0.7885
			    -0.4222    0.6929    0.5844
		b:
			    112.8531
			    229.3163
			    -324.3703
			    -103.5213
			    -66.2634
			    37.4152
			    489.8613
			    -30.3605
			    -104.9790
			    -479.8613
			    37.3605
			    119.9790


===========================================================================================
===========================================================================================
S2:
	q_c:    297.0000    37.5000    406.0000
	ub :    309.0000    56.0000    434.0000
	lb :    285.0000    19.0000    378.0000

	==================================================================================
	Q1:
		Shape: Ellipse
		q_c:    299.0000    27.5000    410.0000
		ub :    305.7093    31.4040    417.0061
		lb :    292.2907    23.5960    402.9939
		P^-1: 
			    0.2299    0.3811    0.0326
			    0.3811    0.8045    0.0653
			    0.0326    0.0653    0.0456
	==================================================================================
	Q2:
		Shape: Hybrid
		q_c:    297.0000    27.5000    412.0000
		ub :    300.0583    29.3448    417.3085
		lb :    293.9417    25.6552    406.6915
		P^-1: 
			    0.4011    -0.3037    0.0645
			    -0.3037    0.8374    -0.0574
			    0.0645    -0.0574    0.0515
		A:
			    -0.4145    -0.9033    -0.1108
			    0.6816    0.7200    -0.1305
			    0.7590    -0.6442    -0.0939
			    -0.8046    -0.4143    -0.4254
			    -0.9251    0.3797    -0.0061
			    -0.9689    -0.1104    0.2213
		b:
			    -192.3722
			    170.1651
			    170.1534
			    -423.7432
			    -265.6506
			    -197.5475
	==================================================================================
	Q3:
		Shape: Hybrid
		q_c:    304.5000    37.0000    409.0000
		ub :    309.6527    42.1682    414.2703
		lb :    299.3473    31.8318    403.7297
		P^-1: 
			    0.0494    -0.0000    0.0003
			    -0.0000    0.0494    0.0003
			    0.0003    0.0003    0.0400
		A:
			    -0.1223    0.8206    -0.5583
			    0.0573    -0.9657    0.2534
			    -0.2425    -0.7579    0.6056
			    0.5662    0.8077    0.1646
			    -0.5604    0.8268    0.0478
			    0.0947    -0.6840    -0.7233
		b:
			    -232.7879
			    87.6362
			    148.2508
			    271.8546
			    -118.2682
			    -289.8158
	==================================================================================
	Q4:
		Shape: Polyhedra
		q_c:    292.5000    42.5000    397.0000
		ub :    300.5811    50.5824    402.4895
		lb :    284.4189    34.4176    391.5105
		A:
			    -0.2479    0.9470    -0.2043
			    0.7885    0.5485    -0.2783
			    -0.4353    -0.1380    0.8896
			    0.8021    0.2206    -0.5550
			    0.2021    -0.5062    -0.8384
			    -0.0162    -0.4782    0.8781
			    0.5524    0.7586    0.3454
			    -0.1769    -0.2983    0.9379
			    0.8146    -0.5793    -0.0305
			    -0.5524    -0.7586    -0.3454
			    0.1769    0.2983    -0.9379
			    -0.8146    0.5793    0.0305
		b:
			    -108.0483
			    148.0241
			    224.2052
			    28.4161
			    -290.5455
			    327.6864
			    335.4682
			    311.9345
			    207.5139
			    -326.4682
			    -303.9345
			    -195.5139
	==================================================================================
	Q5:
		Shape: Polyhedra
		q_c:    301.5000    36.0000    407.5000
		ub :    306.7677    40.3516    411.9514
		lb :    296.2323    31.6484    403.0486
		A:
			    0.1353    -0.8312    0.5392
			    -0.7477    0.6602    0.0714
			    0.3118    -0.9458    -0.0903
			    -0.0029    -0.1826    -0.9832
			    0.4113    0.4149    -0.8116
			    -0.1600    -0.9068    0.3901
			    0.7698    0.4926    0.4060
			    0.1836    -0.7800    0.5983
			    0.6113    -0.3860    -0.6908
			    -0.7698    -0.4926    -0.4060
			    -0.1836    0.7800    -0.5983
			    -0.6113    0.3860    0.6908
		b:
			    232.1577
			    -170.2284
			    25.3891
			    -405.1368
			    -189.6424
			    80.3996
			    419.7495
			    272.5741
			    -108.5909
			    -410.7495
			    -269.5741
			    113.5909
	==================================================================================
	Q6:
		Shape: Hybrid
		q_c:    290.0000    44.0000    405.5000
		ub :    294.6159    50.2146    408.9551
		lb :    285.3841    37.7854    402.0449
		P^-1: 
			    0.2022    0.0523    0.0431
			    0.0523    0.0496    0.0060
			    0.0431    0.0060    0.1913
		A:
			    0.9864    -0.0660    -0.1507
			    -0.4104    -0.8403    0.3541
			    0.3488    -0.3373    0.8744
			    0.8428    0.4285    0.3259
			    0.0398    -0.1822    -0.9824
			    -0.9069    0.1461    0.3953
		b:
			    223.9780
			    -9.3340
			    442.8326
			    396.6098
			    -393.2641
			    -94.0352


===========================================================================================
===========================================================================================
S3:
	q_c:    321.5000    472.0000    513.0000
	ub :    349.0000    489.0000    536.0000
	lb :    294.0000    455.0000    490.0000

	==================================================================================
	Q1:
		Shape: Hybrid
		q_c:    322.0000    456.0000    510.5000
		ub :    329.9535    462.9565    518.8251
		lb :    314.0465    449.0435    502.1749
		P^-1: 
			    0.0319    0.0115    0.0157
			    0.0115    0.2885    0.2050
			    0.0157    0.2050    0.1728
		A:
			    -0.0387    0.8606    0.5078
			    0.2920    0.6327    0.7172
			    0.4165    -0.3381    -0.8439
			    0.5765    0.7754    0.2576
			    0.4347    0.7824    0.4460
			    -0.2198    0.8968    0.3839
		b:
			    640.1843
			    750.2304
			    -446.5259
			    674.3071
			    726.6599
			    535.9215
	==================================================================================
	Q2:
		Shape: Ellipse
		q_c:    333.5000    485.5000    513.0000
		ub :    344.3161    494.4970    522.6137
		lb :    322.6839    476.5030    503.3863
		P^-1: 
			    0.0266    0.0185    0.0065
			    0.0185    0.0471    0.0118
			    0.0065    0.0118    0.0223
	==================================================================================
	Q3:
		Shape: Hybrid
		q_c:    317.0000    462.5000    505.5000
		ub :    326.5626    470.0886    516.5654
		lb :    307.4374    454.9114    494.4346
		P^-1: 
			    0.0433    0.0285    0.0050
			    0.0285    0.1247    -0.0569
			    0.0050    -0.0569    0.0505
		A:
			    -0.6290    -0.6563    0.4167
			    -0.8863    0.3124    -0.3418
			    -0.6026    0.6766    -0.4232
			    0.1366    0.8189    -0.5575
			    -0.6707    -0.7223    0.1687
			    -0.6643    0.2282    -0.7118
		b:
			    -289.3754
			    -305.0095
			    -88.4199
			    141.6419
			    -459.2560
			    -461.7974
	==================================================================================
	Q4:
		Shape: Ellipse
		q_c:    314.5000    486.5000    511.0000
		ub :    324.0614    494.6303    520.2537
		lb :    304.9386    478.3697    501.7463
		P^-1: 
			    0.0982    0.1002    0.0333
			    0.1002    0.1443    0.0633
			    0.0333    0.0633    0.0586
	==================================================================================
	Q5:
		Shape: Polyhedra
		q_c:    306.5000    481.5000    520.0000
		ub :    312.6653    488.7249    526.3551
		lb :    300.3347    474.2751    513.6449
		A:
			    -0.6980    0.5670    0.4373
			    -0.0668    -0.0675    -0.9955
			    0.4128    0.5519    0.7246
			    -0.1148    0.2772    0.9539
			    0.0820    0.3861    0.9188
			    -0.9001    -0.1764    -0.3985
			    0.5227    0.2501    0.8150
			    0.2412    0.8736    -0.4227
			    -0.8177    0.4175    0.3963
			    -0.5227    -0.2501    -0.8150
			    -0.2412    -0.8736    0.4227
			    0.8177    -0.4175    -0.3963
		b:
			    290.4933
			    -567.0828
			    772.3307
			    597.8258
			    692.0514
			    -564.5781
			    707.4227
			    280.2496
			    160.4793
			    -701.4227
			    -269.2496
			    -152.4793
	==================================================================================
	Q6:
		Shape: Hybrid
		q_c:    320.5000    467.0000    504.5000
		ub :    333.0040    477.4561    516.3085
		lb :    307.9960    456.5439    492.6915
		P^-1: 
			    0.0220    -0.0087    0.0074
			    -0.0087    0.0268    -0.0086
			    0.0074    -0.0086    0.0206
		A:
			    -0.2537    -0.2323    -0.9390
			    -0.9138    0.3248    -0.2437
			    -0.5489    0.6567    -0.5172
			    0.4918    -0.8675    -0.0750
			    0.7217    -0.2390    0.6496
			    -0.6154    0.7833    0.0875
		b:
			    -658.2986
			    -260.4405
			    -127.6985
			    -281.5306
			    450.7698
			    216.5607


===========================================================================================
===========================================================================================
S4:
	q_c:    24.0000    210.5000    228.0000
	ub :    48.0000    223.0000    249.0000
	lb :    0.0000    198.0000    207.0000

	==================================================================================
	Q1:
		Shape: Ellipse
		q_c:    19.0000    216.0000    214.5000
		ub :    26.4387    221.7467    222.2734
		lb :    11.5613    210.2533    206.7266
		P^-1: 
			    0.0483    -0.0169    0.0067
			    -0.0169    0.0715    -0.0060
			    0.0067    -0.0060    0.0255
	==================================================================================
	Q2:
		Shape: Hybrid
		q_c:    38.0000    218.5000    223.0000
		ub :    45.6197    228.6127    231.4811
		lb :    30.3803    208.3873    214.5189
		P^-1: 
			    0.0412    -0.0008    -0.0088
			    -0.0008    0.0294    -0.0197
			    -0.0088    -0.0197    0.0475
		A:
			    0.2521    -0.9209    0.2973
			    0.5185    -0.6778    -0.5212
			    -0.7498    0.6492    0.1276
			    0.0599    0.3308    -0.9418
			    0.1048    -0.1482    0.9834
			    -0.6301    -0.7764    0.0148
		b:
			    -121.6480
			    -239.9541
			    145.4928
			    -133.0832
			    194.0529
			    -185.6492
	==================================================================================
	Q3:
		Shape: Ellipse
		q_c:    18.0000    199.0000    218.0000
		ub :    22.5881    205.6670    225.1015
		lb :    13.4119    192.3330    210.8985
		P^-1: 
			    0.2130    0.0631    0.0526
			    0.0631    0.0838    -0.0083
			    0.0526    -0.0083    0.0627
	==================================================================================
	Q4:
		Shape: Polyhedra
		q_c:    17.0000    219.5000    214.0000
		ub :    23.7707    227.1142    222.4283
		lb :    10.2293    211.8858    205.5717
		A:
			    0.6596    0.5283    0.5346
			    -0.0592    0.5977    0.7995
			    0.8800    0.0088    0.4748
			    0.6372    0.7167    0.2834
			    -0.0328    -0.9711    -0.2364
			    -0.2259    0.9482    0.2232
			    0.4948    0.8169    0.2964
			    0.0104    0.3355    -0.9420
			    -0.8690    0.4691    0.1575
			    -0.4948    -0.8169    -0.2964
			    -0.0104    -0.3355    0.9420
			    0.8690    -0.4691    -0.1575
		b:
			    245.4080
			    306.4764
			    123.9211
			    231.9271
			    -260.3924
			    256.7238
			    254.1546
			    -120.7599
			    127.9180
			    -248.1546
			    134.7599
			    -115.9180
	==================================================================================
	Q5:
		Shape: Polyhedra
		q_c:    11.0000    206.0000    228.0000
		ub :    17.8758    214.8788    236.6872
		lb :    4.1242    197.1212    219.3128
		A:
			    -0.8009    0.2508    -0.5437
			    -0.8136    -0.3831    0.4374
			    -0.9415    0.1492    -0.3022
			    0.5464    0.2238    0.8071
			    -0.7460    -0.2325    -0.6241
			    -0.0427    0.8484    0.5276
			    0.6026    0.4968    0.6246
			    -0.1537    0.8402    -0.5200
			    -0.7831    0.2174    0.5826
			    -0.6026    -0.4968    -0.6246
			    0.1537    -0.8402    0.5200
			    0.7831    -0.2174    -0.5826
		b:
			    -75.6993
			    17.1547
			    -43.6971
			    239.8521
			    -194.8800
			    299.3682
			    254.3722
			    60.3242
			    174.0049
			    -248.3722
			    -45.3242
			    -164.0049
	==================================================================================
	Q6:
		Shape: Ellipse
		q_c:    31.5000    224.5000    229.0000
		ub :    39.5448    233.0607    236.7576
		lb :    23.4552    215.9393    221.2424
		P^-1: 
			    0.0368    0.0020    -0.0034
			    0.0020    0.0158    -0.0011
			    -0.0034    -0.0011    0.0360


===========================================================================================
===========================================================================================
S5:
	q_c:    428.0000    417.0000    301.0000
	ub :    446.0000    435.0000    324.0000
	lb :    410.0000    399.0000    278.0000

	==================================================================================
	Q1:
		Shape: Ellipse
		q_c:    439.5000    406.0000    299.5000
		ub :    452.7763    419.6543    310.7362
		lb :    426.2237    392.3457    288.2638
		P^-1: 
			    0.0136    0.0029    0.0029
			    0.0029    0.0163    -0.0038
			    0.0029    -0.0038    0.0215
	==================================================================================
	Q2:
		Shape: Ellipse
		q_c:    419.5000    420.5000    303.5000
		ub :    425.7151    426.2563    311.3406
		lb :    413.2849    414.7437    295.6594
		P^-1: 
			    0.1770    0.2015    -0.0202
			    0.2015    0.2884    -0.0270
			    -0.0202    -0.0270    0.0205
	==================================================================================
	Q3:
		Shape: Polyhedra
		q_c:    424.5000    425.0000    289.0000
		ub :    433.9934    439.2482    299.9136
		lb :    415.0066    410.7518    278.0864
		A:
			    -0.5223    0.3025    0.7973
			    0.8875    -0.2391    0.3941
			    -0.3391    0.8240    0.4539
			    -0.5487    0.5178    0.6564
			    -0.1021    0.5989    0.7943
			    -0.0730    0.1003    -0.9923
			    0.8758    0.1289    0.4651
			    0.0468    0.9365    -0.3475
			    -0.4803    0.3261    0.8142
			    -0.8758    -0.1289    -0.4651
			    -0.0468    -0.9365    0.3475
			    0.4803    -0.3261    -0.8142
		b:
			    140.3430
			    397.9440
			    345.5860
			    181.1002
			    446.1689
			    -267.6446
			    569.4672
			    330.4279
			    173.0047
			    -552.4672
			    -304.4279
			    -167.0047
	==================================================================================
	Q4:
		Shape: Hybrid
		q_c:    439.5000    412.5000    311.5000
		ub :    448.5642    423.0964    320.6056
		lb :    430.4358    401.9036    302.3944
		P^-1: 
			    0.0228    0.0021    -0.0005
			    0.0021    0.0186    -0.0002
			    -0.0005    -0.0002    0.0178
		A:
			    0.6320    -0.2524    0.7327
			    0.9101    -0.1947    0.3657
			    -0.1324    0.8417    0.5235
			    0.3013    0.8547    -0.4226
			    -0.6135    0.6636    0.4281
			    0.7233    0.1585    -0.6721
		b:
			    405.9702
			    437.3641
			    456.2924
			    357.2039
			    141.6012
			    177.5512
	==================================================================================
	Q5:
		Shape: Hybrid
		q_c:    414.0000    422.5000    285.5000
		ub :    422.9867    432.9969    292.9303
		lb :    405.0133    412.0031    278.0697
		P^-1: 
			    0.0545    0.0185    -0.0151
			    0.0185    0.0284    0.0166
			    -0.0151    0.0166    0.0723
		A:
			    -0.6719    0.6344    0.3821
			    0.0451    0.6510    0.7577
			    0.5732    0.0157    0.8193
			    -0.2857    -0.9397    -0.1881
			    0.3310    0.3901    -0.8592
			    -0.3264    -0.4691    0.8206
		b:
			    104.3269
			    512.6405
			    482.0555
			    -564.4084
			    60.1274
			    -95.0731
	==================================================================================
	Q6:
		Shape: Hybrid
		q_c:    438.5000    429.0000    312.5000
		ub :    450.7153    441.9180    320.7917
		lb :    426.2847    416.0820    304.2083
		P^-1: 
			    0.0160    -0.0071    -0.0016
			    -0.0071    0.0188    -0.0065
			    -0.0016    -0.0065    0.0380
		A:
			    0.2211    -0.4857    0.8457
			    0.7221    -0.6767    0.1438
			    0.2760    -0.4240    0.8626
			    -0.4052    -0.4026    -0.8208
			    0.6418    -0.4064    -0.6503
			    -0.3649    0.4001    -0.8407
		b:
			    155.5058
			    75.1290
			    211.3882
			    -601.0696
			    -92.4106
			    -248.2109


===========================================================================================
===========================================================================================
S6:
	q_c:    496.0000    259.0000    174.5000
	ub :    511.0000    276.0000    188.0000
	lb :    481.0000    242.0000    161.0000

	==================================================================================
	Q1:
		Shape: Hybrid
		q_c:    493.5000    260.5000    180.0000
		ub :    499.9733    267.0355    186.2550
		lb :    487.0267    253.9645    173.7450
		P^-1: 
			    0.0630    0.0551    -0.0564
			    0.0551    0.1832    -0.1962
			    -0.0564    -0.1962    0.2713
		A:
			    0.1145    0.1844    -0.9762
			    -0.5734    -0.3725    0.7297
			    0.3015    0.4734    -0.8276
			    -0.5318    -0.4402    0.7234
			    -0.5457    -0.4117    0.7299
			    0.3827    0.9144    -0.1316
		b:
			    -68.6999
			    -246.7209
			    124.2680
			    -245.2752
			    -243.3993
			    406.7133
	==================================================================================
	Q2:
		Shape: Ellipse
		q_c:    490.5000    254.0000    167.5000
		ub :    497.4382    262.6011    176.7258
		lb :    483.5618    245.3989    158.2742
		P^-1: 
			    0.0611    -0.0323    -0.0192
			    -0.0323    0.0636    0.0288
			    -0.0192    0.0288    0.0399
	==================================================================================
	Q3:
		Shape: Ellipse
		q_c:    508.0000    253.0000    185.5000
		ub :    518.3406    263.4411    197.3525
		lb :    497.6594    242.5589    173.6475
		P^-1: 
			    0.0204    -0.0000    -0.0000
			    -0.0000    0.0204    -0.0000
			    -0.0000    -0.0000    0.0204
	==================================================================================
	Q4:
		Shape: Polyhedra
		q_c:    496.5000    268.5000    184.5000
		ub :    503.3005    275.4878    187.8549
		lb :    489.6995    261.5122    181.1451
		A:
			    -0.4412    0.1687    -0.8814
			    -0.6024    0.3715    -0.7064
			    -0.1292    0.4342    -0.8915
			    -0.4989    -0.1812    -0.8475
			    0.1334    0.1530    0.9792
			    0.6033    -0.3415    0.7207
			    0.8077    0.5896    0.0009
			    0.5279    -0.7224    -0.4466
			    -0.2627    0.3612    -0.8947
			    -0.8077    -0.5896    -0.0009
			    -0.5279    0.7224    0.4466
			    0.2627    -0.3612    0.8947
		b:
			    -334.8684
			    -327.5664
			    -110.8374
			    -449.9334
			    290.8988
			    342.8858
			    563.9894
			    -8.7841
			    -197.5254
			    -554.9894
			    19.7841
			    199.5254
	==================================================================================
	Q5:
		Shape: Polyhedra
		q_c:    484.0000    244.5000    178.5000
		ub :    491.1778    252.1004    186.5678
		lb :    476.8222    236.8996    170.4322
		A:
			    -0.7042    -0.6742    0.2228
			    0.7364    -0.6684    0.1042
			    0.1538    0.9671    -0.2025
			    -0.2475    -0.0066    -0.9689
			    -0.2908    -0.7683    0.5702
			    -0.2343    -0.6357    -0.7355
			    0.0939    0.7360    0.6704
			    0.8771    0.2574    -0.4055
			    -0.4710    0.6261    -0.6214
			    -0.0939    -0.7360    -0.6704
			    -0.8771    -0.2574    0.4055
			    0.4710    -0.6261    0.6214
		b:
			    -460.5448
			    216.0544
			    279.4762
			    -289.7802
			    -222.0025
			    -395.1349
			    350.0818
			    420.5816
			    -181.8070
			    -340.0818
			    -409.5816
			    189.8070
	==================================================================================
	Q6:
		Shape: Ellipse
		q_c:    498.0000    265.0000    181.0000
		ub :    508.7832    276.0854    188.4342
		lb :    487.2168    253.9146    173.5658
		P^-1: 
			    0.0159    0.0008    -0.0032
			    0.0008    0.0179    -0.0083
			    -0.0032    -0.0083    0.0468


===========================================================================================
===========================================================================================
S7:
	q_c:    447.5000    95.0000    498.5000
	ub :    464.0000    124.0000    509.0000
	lb :    431.0000    66.0000    488.0000

	==================================================================================
	Q1:
		Shape: Polyhedra
		q_c:    457.0000    95.5000    509.0000
		ub :    464.9738    104.4717    516.9561
		lb :    449.0262    86.5283    501.0439
		A:
			    -0.4932    -0.6807    -0.5417
			    0.2119    0.8017    0.5589
			    -0.9709    -0.1929    -0.1422
			    0.4470    0.3065    0.8404
			    -0.2392    0.3795    -0.8937
			    0.7090    0.1506    0.6889
			    0.0498    0.5406    0.8398
			    -0.7538    0.5720    -0.3235
			    -0.6552    -0.6169    0.4360
			    -0.0498    -0.5406    -0.8398
			    0.7538    -0.5720    0.3235
			    0.6552    0.6169    -0.4360
		b:
			    -561.3064
			    462.5531
			    -529.0516
			    666.0173
			    -522.7791
			    694.1052
			    506.3656
			    -448.9896
			    -130.9565
			    -497.3656
			    459.9896
			    141.9565
	==================================================================================
	Q2:
		Shape: Ellipse
		q_c:    440.5000    107.5000    500.5000
		ub :    448.7225    114.5325    507.6866
		lb :    432.2775    100.4675    493.3134
		P^-1: 
			    0.0395    0.0000    0.0018
			    0.0000    0.0400    -0.0000
			    0.0018    -0.0000    0.0336
	==================================================================================
	Q3:
		Shape: Ellipse
		q_c:    438.0000    89.0000    497.5000
		ub :    445.2298    94.4116    503.6434
		lb :    430.7702    83.5884    491.3566
		P^-1: 
			    0.0667    0.0596    0.0049
			    0.0596    0.1202    0.0112
			    0.0049    0.0112    0.0409
	==================================================================================
	Q4:
		Shape: Ellipse
		q_c:    444.5000    100.0000    506.5000
		ub :    448.4428    104.5991    510.4877
		lb :    440.5572    95.4009    502.5123
		P^-1: 
			    0.1111    0.0000    -0.0000
			    0.0000    0.1111    0.0000
			    -0.0000    0.0000    0.1111
	==================================================================================
	Q5:
		Shape: Polyhedra
		q_c:    441.5000    87.5000    509.5000
		ub :    451.6118    98.4497    519.9750
		lb :    431.3882    76.5503    499.0250
		A:
			    0.9632    -0.2042    -0.1747
			    -0.0643    0.5508    -0.8322
			    0.7842    0.5283    0.3255
			    0.3348    -0.6302    0.7006
			    -0.6706    -0.0270    -0.7413
			    0.2508    0.9613    -0.1137
			    0.2880    0.4899    0.8229
			    -0.7978    -0.3526    0.4891
			    0.5298    -0.7973    0.2893
			    -0.2880    -0.4899    -0.8229
			    0.7978    0.3526    -0.4891
			    -0.5298    0.7973    -0.2893
		b:
			    324.4909
			    -397.5984
			    564.6926
			    456.4977
			    -669.1843
			    143.4450
			    596.2421
			    -128.3616
			    318.5182
			    -582.2421
			    139.3616
			    -304.5182
	==================================================================================
	Q6:
		Shape: Hybrid
		q_c:    437.0000    93.5000    488.0000
		ub :    441.8155    99.8559    493.2584
		lb :    432.1845    87.1441    482.7416
		P^-1: 
			    0.1515    0.0292    -0.0123
			    0.0292    0.0594    0.0424
			    -0.0123    0.0424    0.1422
		A:
			    -0.0718    0.6996    -0.7109
			    -0.1179    0.4465    -0.8870
			    -0.3245    0.6122    -0.7211
			    0.1936    -0.2469    -0.9495
			    -0.5560    0.1072    -0.8242
			    0.4194    0.1314    -0.8983
		b:
			    -309.0195
			    -439.4171
			    -432.6180
			    -400.5699
			    -632.7630
			    -241.0238


===========================================================================================
===========================================================================================
S8:
	q_c:    96.0000    85.5000    196.0000
	ub :    116.0000    92.0000    219.0000
	lb :    76.0000    79.0000    173.0000

	==================================================================================
	Q1:
		Shape: Hybrid
		q_c:    90.0000    86.0000    201.0000
		ub :    95.3554    91.9410    206.9840
		lb :    84.6446    80.0590    195.0160
		P^-1: 
			    0.0879    0.0181    0.0158
			    0.0181    0.0870    0.0017
			    0.0158    0.0017    0.0803
		A:
			    -0.7212    0.4605    -0.5175
			    -0.2649    0.0962    -0.9595
			    -0.7162    0.2520    0.6508
			    0.6513    0.6239    -0.4320
			    -0.0228    -0.9287    -0.3701
			    -0.1267    0.2261    0.9658
		b:
			    -127.3270
			    -206.4960
			    90.4960
			    27.3251
			    -154.3280
			    204.3779
	==================================================================================
	Q2:
		Shape: Polyhedra
		q_c:    92.5000    90.0000    198.0000
		ub :    95.0749    92.1313    201.0651
		lb :    89.9251    87.8687    194.9349
		A:
			    0.2704    0.8563    -0.4400
			    -0.2950    -0.4746    0.8293
			    -0.1542    -0.7662    0.6238
			    0.7315    -0.5720    0.3711
			    0.2734    -0.9586    -0.0792
			    0.1830    0.8299    -0.5270
			    0.5007    0.3515    0.7911
			    -0.8653    0.2300    0.4454
			    -0.0254    -0.9075    0.4193
			    -0.5007    -0.3515    -0.7911
			    0.8653    -0.2300    -0.4454
			    0.0254    0.9075    -0.4193
		b:
			    16.0093
			    95.5980
			    41.3854
			    91.2551
			    -75.3761
			    -11.6998
			    237.0776
			    30.3551
			    0.0031
			    -232.0776
			    -27.3551
			    1.9969
	==================================================================================
	Q3:
		Shape: Hybrid
		q_c:    94.0000    89.0000    196.0000
		ub :    98.2958    93.0633    199.5784
		lb :    89.7042    84.9367    192.4216
		P^-1: 
			    0.1920    0.0720    -0.0349
			    0.0720    0.1606    0.0433
			    -0.0349    0.0433    0.2290
		A:
			    0.7880    0.3149    0.5290
			    -0.8690    -0.1327    -0.4767
			    0.3381    -0.1175    -0.9337
			    0.0680    0.7600    0.6464
			    0.8619    -0.5070    0.0081
			    -0.7324    0.6775    0.0681
		b:
			    207.1213
			    -185.3255
			    -160.6751
			    201.8783
			    39.6895
			    7.0523
	==================================================================================
	Q4:
		Shape: Ellipse
		q_c:    102.0000    85.5000    190.5000
		ub :    105.7266    89.1814    194.4405
		lb :    98.2734    81.8186    186.5595
		P^-1: 
			    0.1909    -0.0737    -0.1217
			    -0.0737    0.1791    0.1123
			    -0.1217    0.1123    0.2966
	==================================================================================
	Q5:
		Shape: Ellipse
		q_c:    98.0000    89.0000    190.5000
		ub :    101.8235    93.6418    194.7981
		lb :    94.1765    84.3582    186.2019
		P^-1: 
			    0.1881    0.0019    0.0473
			    0.0019    0.1097    0.0514
			    0.0473    0.0514    0.1939
	==================================================================================
	Q6:
		Shape: Hybrid
		q_c:    99.5000    82.5000    192.5000
		ub :    101.0547    86.0288    194.3406
		lb :    97.9453    78.9712    190.6594
		P^-1: 
			    0.9060    -0.0025    -0.2083
			    -0.0025    0.0818    -0.0066
			    -0.2083    -0.0066    0.5383
		A:
			    0.4326    -0.1736    0.8847
			    -0.4858    0.2413    0.8401
			    0.0342    -0.8655    0.4997
			    0.9297    0.2150    0.2992
			    0.9180    -0.3258    0.2262
			    -0.6054    0.3559    0.7119
		b:
			    200.1083
			    134.2414
			    30.7749
			    168.7769
			    109.0955
			    107.3107


===========================================================================================
===========================================================================================
S9:
	q_c:    57.5000    397.0000    82.0000
	ub :    64.0000    419.0000    92.0000
	lb :    51.0000    375.0000    72.0000

	==================================================================================
	Q1:
		Shape: Hybrid
		q_c:    55.0000    404.0000    89.0000
		ub :    61.5541    409.3311    95.0630
		lb :    48.4459    398.6689    82.9370
		P^-1: 
			    0.0752    0.0530    0.0132
			    0.0530    0.1199    0.0198
			    0.0132    0.0198    0.0449
		A:
			    -0.5598    -0.6122    -0.5585
			    -0.8563    -0.4860    -0.1751
			    -0.6362    -0.6730    -0.3773
			    -0.6015    -0.1411    -0.7863
			    -0.7539    0.4176    -0.5072
			    -0.4582    -0.8494    0.2618
		b:
			    -326.0154
			    -257.1029
			    -338.9956
			    -157.0478
			    85.7907
			    -343.1116
	==================================================================================
	Q2:
		Shape: Hybrid
		q_c:    61.0000    403.5000    78.5000
		ub :    64.3027    407.5299    82.1263
		lb :    57.6973    399.4701    74.8737
		P^-1: 
			    0.1600    -0.0000    0.0000
			    -0.0000    0.1600    -0.0000
			    0.0000    -0.0000    0.1600
		A:
			    -0.4386    -0.8074    0.3946
			    0.7402    -0.2529    0.6230
			    -0.2122    0.9569    0.1985
			    0.0043    0.5647    0.8253
			    0.1102    0.9824    0.1507
			    -0.5540    -0.4746    -0.6841
		b:
			    -320.3158
			    -6.7219
			    389.9733
			    294.1352
			    416.2083
			    -277.7233
	==================================================================================
	Q3:
		Shape: Ellipse
		q_c:    55.0000    398.0000    88.0000
		ub :    58.4755    401.9996    91.7336
		lb :    51.5245    394.0004    84.2664
		P^-1: 
			    0.1574    0.0173    -0.0027
			    0.0173    0.1504    -0.0589
			    -0.0027    -0.0589    0.2133
	==================================================================================
	Q4:
		Shape: Hybrid
		q_c:    64.0000    400.0000    88.5000
		ub :    69.5994    406.3486    93.6464
		lb :    58.4006    393.6514    83.3536
		P^-1: 
			    0.0738    0.0145    0.0021
			    0.0145    0.0658    -0.0191
			    0.0021    -0.0191    0.1026
		A:
			    -0.8133    -0.3772    0.4430
			    -0.5166    -0.7879    0.3352
			    -0.8214    0.5055    -0.2640
			    0.0308    0.4828    0.8752
			    -0.9332    0.2969    -0.2022
			    -0.7724    0.6197    -0.1390
		b:
			    -161.8392
			    -316.6943
			    128.8074
			    274.8439
			    43.5780
			    188.8614
	==================================================================================
	Q5:
		Shape: Hybrid
		q_c:    65.0000    390.0000    78.0000
		ub :    68.2735    393.5268    81.6770
		lb :    61.7265    386.4732    74.3230
		P^-1: 
			    0.2141    0.0437    -0.0425
			    0.0437    0.3093    0.1480
			    -0.0425    0.1480    0.2822
		A:
			    -0.9014    0.0868    0.4242
			    0.5427    0.8395    -0.0260
			    -0.9191    -0.2096    0.3337
			    0.8344    0.3630    -0.4148
			    0.2529    0.6649    0.7028
			    -0.0249    0.9273    0.3735
		b:
			    9.6075
			    361.8160
			    -114.1671
			    164.7048
			    331.4192
			    390.1329
	==================================================================================
	Q6:
		Shape: Polyhedra
		q_c:    59.5000    399.5000    78.0000
		ub :    65.5113    406.6088    84.6568
		lb :    53.4887    392.3912    71.3432
		A:
			    -0.8947    0.2837    0.3450
			    -0.8041    0.4859    0.3424
			    -0.0866    0.0318    -0.9957
			    -0.7346    -0.6732    0.0840
			    -0.5612    -0.1089    -0.8205
			    0.5898    -0.2775    -0.7584
			    0.1207    0.6524    0.7482
			    0.4357    0.6424    -0.6305
			    -0.8920    0.4021    -0.2067
			    -0.1207    -0.6524    -0.7482
			    -0.4357    -0.6424    0.6305
			    0.8920    -0.4021    0.2067
		b:
			    91.1221
			    177.0282
			    -65.9287
			    -301.7932
			    -136.8866
			    -130.7376
			    330.1868
			    237.8814
			    95.4318
			    -322.1868
			    -228.8814
			    -87.4318


===========================================================================================
===========================================================================================
S10:
	q_c:    408.0000    331.5000    78.0000
	ub :    432.0000    353.0000    90.0000
	lb :    384.0000    310.0000    66.0000

	==================================================================================
	Q1:
		Shape: Ellipse
		q_c:    403.5000    343.0000    70.0000
		ub :    407.8546    348.1045    75.6188
		lb :    399.1454    337.8955    64.3812
		P^-1: 
			    0.2328    0.1538    0.0936
			    0.1538    0.2362    0.1039
			    0.0936    0.1039    0.0970
	==================================================================================
	Q2:
		Shape: Ellipse
		q_c:    415.5000    329.0000    80.5000
		ub :    422.0615    335.0019    86.2786
		lb :    408.9385    322.9981    74.7214
		P^-1: 
			    0.0868    0.0407    -0.0330
			    0.0407    0.0935    -0.0358
			    -0.0330    -0.0358    0.0784
	==================================================================================
	Q3:
		Shape: Ellipse
		q_c:    402.0000    338.5000    87.5000
		ub :    406.2598    341.3211    90.2300
		lb :    397.7402    335.6789    84.7700
		P^-1: 
			    0.2918    0.3685    -0.0821
			    0.3685    0.8050    0.0866
			    -0.0821    0.0866    0.4102
	==================================================================================
	Q4:
		Shape: Hybrid
		q_c:    414.5000    329.5000    72.0000
		ub :    423.6637    338.8074    76.4477
		lb :    405.3363    320.1926    67.5523
		P^-1: 
			    0.0268    0.0038    0.0073
			    0.0038    0.0226    0.0036
			    0.0073    0.0036    0.0804
		A:
			    -0.2694    0.2256    -0.9362
			    0.1895    0.8052    -0.5619
			    -0.2450    0.8685    0.4310
			    -0.3828    0.0665    -0.9214
			    -0.5581    0.1312    -0.8194
			    0.6213    0.5254    0.5813
		b:
			    -102.4996
			    307.5888
			    220.3063
			    -200.9912
			    -244.3776
			    475.7486
	==================================================================================
	Q5:
		Shape: Ellipse
		q_c:    408.0000    344.5000    88.5000
		ub :    414.5165    349.9978    94.1670
		lb :    401.4835    339.0022    82.8330
		P^-1: 
			    0.0661    -0.0075    0.0003
			    -0.0075    0.0780    -0.0007
			    0.0003    -0.0007    0.0625
	==================================================================================
	Q6:
		Shape: Hybrid
		q_c:    412.0000    322.0000    80.0000
		ub :    416.5898    326.2197    85.3574
		lb :    407.4102    317.7803    74.6426
		P^-1: 
			    0.4150    0.4116    0.1682
			    0.4116    0.5672    0.2179
			    0.1682    0.2179    0.1619
		A:
			    0.9251    -0.2384    0.2957
			    0.0125    -0.7146    0.6994
			    0.6121    0.5453    0.5727
			    -0.4368    -0.3231    -0.8395
			    0.3976    0.7586    0.5162
			    0.5592    0.8153    0.1499
		b:
			    330.9047
			    -165.7108
			    474.6510
			    -349.0513
			    450.2704
			    505.6695


===========================================================================================
===========================================================================================
