3D_40_25_6_b                l = 3

===========================================================================================
===========================================================================================
S1:
	q_c:	382.5	406.0	74.5
	ub :	402.8061	419.7306	96.1617
	lb :	362.7843	392.074	57.8133

	==================================================================================
	Q1:
		Shape: Ellipse
		q_c:	393.0	399.0	63.5
		ub :	398.7294	405.926	69.1867
		lb :	387.2706	392.074	57.8133
		P^-1:
			0.5174	0.2654	-0.3976
			0.2654	0.1652	-0.2246
			-0.3976	-0.2246	0.3871
	==================================================================================
	Q2:
		Shape: Polyhedra
		q_c:	382.5	412.0	72.5
		ub :	390.47	419.0973	81.3837
		lb :	374.53	404.9027	63.6163
		A:
			0.5877	-0.6052	-0.537
			0.282	-0.9451	-0.1653
			-0.702	-0.5296	-0.4762
			0.4338	0.8955	0.0996
			-0.6597	-0.0633	-0.7489
			0.3406	-0.914	0.2204
			0.9564	0.0252	0.2911
			-0.2586	-0.391	0.8833
			0.1361	-0.92	-0.3674
			-0.9564	-0.0252	-0.2911
			0.2586	0.391	-0.8833
			-0.1361	0.92	0.3674
		b:
			-58.1803
			-288.4031
			-515.521
			547.463
			-326.7323
			-224.9297
			403.2904
			-189.9584
			-348.6483
			-391.2904
			201.9584
			358.6483
	==================================================================================
	Q3:
		Shape: Hybrid
		q_c:	369.0	408.0	83.0
		ub :	375.2157	417.6003	92.4177
		lb :	362.7843	398.3997	73.5823
		P^-1:
			0.0753	-0.0254	-0.0295
			-0.0254	0.0381	0.0249
			-0.0295	0.0249	0.0485
		A:
			0.8763	-0.4707	0.1022
			0.8782	-0.2547	-0.4048
			-0.9071	0.0509	0.4177
			0.2187	0.8347	-0.5054
			-0.4388	0.8967	0.0583
			-0.8113	-0.5832	0.0404
		b:
			142.8783
			188.2963
			-277.0104
			385.2388
			212.7493
			-529.6151
	==================================================================================
	Q4:
		Shape: Ellipse
		q_c:	392.0	406.0	82.0
		ub :	398.2423	414.5328	89.9627
		lb :	385.7577	397.4672	74.0373
		P^-1:
			0.0969	0.0282	-0.0533
			0.0282	0.0461	-0.035
			-0.0533	-0.035	0.0807
	==================================================================================
	Q5:
		Shape: Ellipse
		q_c:	392.0	411.5	75.5
		ub :	398.1986	417.1772	82.1868
		lb :	385.8014	405.8228	68.8132
		P^-1:
			0.0853	-0.0488	0.0203
			-0.0488	0.1155	-0.0252
			0.0203	-0.0252	0.0363
	==================================================================================
	Q6:
		Shape: Hybrid
		q_c:	393.0	411.0	87.5
		ub :	402.8061	419.7306	96.1617
		lb :	383.1939	402.2694	78.8383
		P^-1:
			0.0311	-0.002	-0.0155
			-0.002	0.0429	-0.0139
			-0.0155	-0.0139	0.0463
		A:
			-0.0354	0.9523	-0.303
			0.2868	0.4511	-0.8451
			-0.2824	-0.2163	0.9346
			-0.5956	-0.7869	0.1613
			-0.1908	-0.4688	0.8625
			0.9106	-0.0995	-0.4012
		b:
			353.5906
			226.2542
			-115.7419
			-539.6694
			-190.0154
			285.0261


===========================================================================================
===========================================================================================
S2:
	q_c:	128.5	456.5	177.5
	ub :	134.9143	465.108	184.2289
	lb :	120.9229	452.6968	171.8602

	==================================================================================
	Q1:
		Shape: Ellipse
		q_c:	128.5	456.5	179.5
		ub :	131.9459	459.5873	182.7522
		lb :	125.0541	453.4127	176.2478
		P^-1:
			0.25	0.0	0.0
			0.0	0.25	0.0
			0.0	0.0	0.25
	==================================================================================
	Q2:
		Shape: Hybrid
		q_c:	126.0	461.5	175.5
		ub :	129.6317	464.6978	178.683
		lb :	122.3683	458.3022	172.317
		P^-1:
			0.2282	-0.0369	-0.0112
			-0.0369	0.1876	-0.019
			-0.0112	-0.019	0.2442
		A:
			-0.3214	0.2807	-0.9044
			0.37	-0.1515	0.9166
			-0.4613	-0.6894	0.5585
			0.128	-0.2389	-0.9626
			-0.9298	-0.2659	0.2545
			-0.9749	-0.1403	0.1726
		b:
			-68.6421
			138.6321
			-277.0267
			-261.9947
			-194.0047
			-156.1255
	==================================================================================
	Q3:
		Shape: Polyhedra
		q_c:	126.5	461.0	176.5
		ub :	128.5309	464.3019	179.5621
		lb :	124.4691	457.6981	173.4379
		A:
			-0.9664	-0.1136	0.2307
			-0.5866	-0.3631	-0.7239
			-0.8017	0.2451	0.5452
			0.8455	-0.4228	0.3262
			0.8694	-0.3608	-0.3377
			-0.8418	-0.3647	0.3979
			0.1518	0.4855	0.8609
			-0.3163	0.8491	-0.4231
			-0.9364	-0.2081	0.2825
			-0.1518	-0.4855	-0.8609
			0.3163	-0.8491	0.4231
			0.9364	0.2081	-0.2825
		b:
			-132.8749
			-367.4885
			109.2072
			-28.3272
			-114.4202
			-203.2545
			396.9939
			279.2332
			-163.5418
			-392.9939
			-274.2332
			165.5418
	==================================================================================
	Q4:
		Shape: Hybrid
		q_c:	124.5	461.0	180.5
		ub :	128.0771	464.4957	184.2289
		lb :	120.9229	457.5043	176.7711
		P^-1:
			0.309	-0.1278	0.0742
			-0.1278	0.3146	0.0243
			0.0742	0.0243	0.182
		A:
			-0.5549	0.7857	0.2733
			-0.9056	-0.2412	-0.349
			-0.0849	0.9729	0.2151
			-0.4466	0.7429	0.4987
			-0.4656	0.885	0.0091
			0.5289	0.7485	-0.4001
		b:
			343.3671
			-285.6504
			477.8415
			377.9927
			352.4835
			340.7515
	==================================================================================
	Q5:
		Shape: Ellipse
		q_c:	132.5	454.5	178.5
		ub :	134.9143	456.3032	180.9863
		lb :	130.0857	452.6968	176.0137
		P^-1:
			0.2864	-0.1574	0.0344
			-0.1574	0.9311	-0.1488
			0.0344	-0.1488	0.2825
	==================================================================================
	Q6:
		Shape: Ellipse
		q_c:	127.0	461.0	175.0
		ub :	130.9559	465.108	178.1398
		lb :	123.0441	456.892	171.8602
		P^-1:
			0.2419	-0.1662	-0.0654
			-0.1662	0.2553	0.0576
			-0.0654	0.0576	0.1889


===========================================================================================
===========================================================================================
S3:
	q_c:	515.5	90.0	417.0
	ub :	529.9114	104.0665	428.3205
	lb :	498.8237	73.3555	399.4818

	==================================================================================
	Q1:
		Shape: Ellipse
		q_c:	509.5	98.5	411.5
		ub :	514.8302	104.0665	417.4229
		lb :	504.1698	92.9335	405.5771
		P^-1:
			0.0677	-0.0084	-0.0014
			-0.0084	0.076	0.0042
			-0.0014	0.0042	0.0335
	==================================================================================
	Q2:
		Shape: Polyhedra
		q_c:	522.0	88.5	412.5
		ub :	529.9114	95.324	419.6179
		lb :	514.0886	81.676	405.3821
		A:
			-0.5693	-0.817	-0.0917
			-0.3735	-0.5894	0.7163
			-0.0256	-0.6107	-0.7914
			0.9526	0.2955	-0.0719
			-0.6266	0.5447	-0.5573
			-0.2546	-0.8405	-0.4783
			0.3979	0.5772	0.7131
			-0.4692	0.796	-0.3825
			-0.7884	-0.1824	0.5875
			-0.3979	-0.5772	-0.7131
			0.4692	-0.796	0.3825
			0.7884	0.1824	-0.5875
		b:
			-403.2392
			53.8614
			-390.7633
			498.6851
			-503.5397
			-401.4874
			555.4307
			-326.7626
			-179.8151
			-550.4307
			337.7626
			190.8151
	==================================================================================
	Q3:
		Shape: Polyhedra
		q_c:	517.0	81.0	414.5
		ub :	524.171	88.6445	421.3173
		lb :	509.829	73.3555	407.6827
		A:
			-0.112	0.6883	-0.7168
			-0.8675	-0.0183	0.497
			-0.1875	-0.5449	0.8173
			0.1644	0.4262	0.8895
			0.2639	0.7736	0.576
			-0.7253	0.476	0.4974
			0.8661	0.4986	0.0364
			0.4712	-0.8386	0.2734
			0.1668	-0.2197	-0.9612
			-0.8661	-0.4986	-0.0364
			-0.4712	0.8386	-0.2734
			-0.1668	0.2197	0.9612
		b:
			-294.1062
			-239.0563
			202.8308
			493.5814
			442.9396
			-125.0407
			507.7223
			294.038
			-324.4766
			-498.7223
			-284.038
			335.4766
	==================================================================================
	Q4:
		Shape: Ellipse
		q_c:	511.0	97.0	414.5
		ub :	517.1806	101.6023	420.9884
		lb :	504.8194	92.3977	408.0116
		P^-1:
			0.0537	0.0004	0.0063
			0.0004	0.0806	0.0046
			0.0063	0.0046	0.0593
	==================================================================================
	Q5:
		Shape: Ellipse
		q_c:	506.5	80.0	421.5
		ub :	514.1763	85.0037	428.3205
		lb :	498.8237	74.9963	414.6795
		P^-1:
			0.0956	0.0324	-0.095
			0.0324	0.1119	-0.0586
			-0.095	-0.0586	0.1445
	==================================================================================
	Q6:
		Shape: Hybrid
		q_c:	516.5	90.5	408.0
		ub :	524.9862	98.9623	416.5182
		lb :	508.0138	82.0377	399.4818
		P^-1:
			0.0442	0.005	0.0161
			0.005	0.032	0.0017
			0.0161	0.0017	0.0471
		A:
			-0.8791	0.2564	-0.4019
			0.5854	0.7355	0.341
			0.9716	0.1383	0.192
			-0.7831	0.6044	-0.1466
			0.2075	-0.0954	0.9736
			-0.8449	-0.457	0.278
		b:
			-592.1525
			510.8179
			595.3636
			-406.1192
			498.355
			-361.0083


===========================================================================================
===========================================================================================
S4:
	q_c:	65.5	205.5	236.0
	ub :	76.0317	216.2061	244.8966
	lb :	56.592	193.3806	225.4659

	==================================================================================
	Q1:
		Shape: Polyhedra
		q_c:	63.5	200.0	233.5
		ub :	68.9675	204.7746	238.464
		lb :	58.0325	195.2254	228.536
		A:
			-0.5067	-0.3581	-0.7842
			-0.521	-0.8531	0.0297
			-0.5724	0.7261	-0.381
			0.3601	-0.9222	-0.1412
			-0.5068	-0.2701	-0.8186
			-0.0477	0.42	0.9063
			0.3078	0.2373	0.9214
			0.0793	0.9586	-0.2734
			-0.9482	0.1572	0.2762
			-0.3078	-0.2373	-0.9214
			-0.0793	-0.9586	0.2734
			0.9482	-0.1572	-0.2762
		b:
			-283.8217
			-193.1554
			23.6777
			-190.7528
			-274.2693
			295.8318
			285.1529
			136.4198
			40.2292
			-279.1529
			-129.4198
			-31.2292
	==================================================================================
	Q2:
		Shape: Polyhedra
		q_c:	61.0	211.0	229.5
		ub :	65.2741	214.6929	233.5341
		lb :	56.7259	207.3071	225.4659
		A:
			-0.0999	0.5194	-0.8487
			0.9112	0.1526	-0.3827
			-0.0856	-0.5352	0.8404
			0.7918	0.5759	-0.2035
			-0.8381	0.3957	-0.3756
			0.3522	0.8602	-0.3688
			0.6089	0.4925	0.6218
			-0.6586	-0.1231	0.7424
			0.4422	-0.8615	0.2495
			-0.6089	-0.4925	-0.6218
			0.6586	0.1231	-0.7424
			-0.4422	0.8615	-0.2495
		b:
			-88.7859
			2.4716
			77.222
			125.6092
			-51.3256
			120.8609
			286.2792
			106.7281
			-95.0609
			-281.2792
			-101.7281
			100.0609
	==================================================================================
	Q3:
		Shape: Polyhedra
		q_c:	61.5	211.0	240.5
		ub :	66.408	216.2061	244.8966
		lb :	56.592	205.7939	236.1034
		A:
			0.5735	0.769	0.2823
			-0.5831	-0.3653	0.7257
			0.3772	0.6483	0.6614
			-0.2834	0.7466	0.6019
			-0.7695	-0.5786	0.2702
			-0.1842	0.9778	-0.0995
			0.494	0.8148	0.3033
			0.8615	-0.5058	-0.0443
			0.1173	0.2832	-0.9518
			-0.494	-0.8148	-0.3033
			-0.8615	0.5058	0.0443
			-0.1173	-0.2832	0.9518
		b:
			268.4355
			65.0283
			322.136
			288.1619
			-101.2073
			174.3545
			278.2638
			-60.9011
			-158.4439
			-272.2638
			67.9011
			165.4439
	==================================================================================
	Q4:
		Shape: Hybrid
		q_c:	65.5	200.0	232.0
		ub :	71.1067	206.6194	238.3732
		lb :	59.8933	193.3806	225.6268
		P^-1:
			0.094	0.0428	-0.0415
			0.0428	0.0829	-0.0219
			-0.0415	-0.0219	0.0857
		A:
			-0.6447	0.2488	-0.7228
			-0.1459	0.8339	0.5322
			-0.758	-0.6017	-0.2517
			-0.9202	0.1531	0.3603
			0.3532	0.6989	0.6219
			0.9668	0.148	-0.2081
		b:
			-156.5708
			283.5656
			-226.1036
			56.4454
			309.883
			46.8466
	==================================================================================
	Q5:
		Shape: Polyhedra
		q_c:	62.0	200.5	237.5
		ub :	66.7598	204.0261	242.0969
		lb :	57.2402	196.9739	232.9031
		A:
			-0.331	-0.9043	-0.2696
			-0.3232	-0.9448	-0.0539
			-0.5413	-0.6995	-0.4666
			0.31	0.3012	0.9018
			0.5418	0.1603	-0.825
			0.0381	-0.9105	-0.4118
			0.4678	0.6708	0.5754
			-0.5131	0.7363	-0.4412
			-0.7196	-0.0889	0.6886
			-0.4678	-0.6708	-0.5754
			0.5131	-0.7363	0.4412
			0.7196	0.0889	-0.6886
		b:
			-264.0156
			-220.095
			-283.0661
			295.8754
			-126.748
			-275.8594
			301.6744
			14.0277
			104.615
			-298.6744
			-8.0277
			-97.615
	==================================================================================
	Q6:
		Shape: Hybrid
		q_c:	69.5	207.0	240.5
		ub :	76.0317	213.2167	244.7077
		lb :	62.9683	200.7833	236.2923
		P^-1:
			0.0696	-0.0227	-0.0286
			-0.0227	0.0621	0.0024
			-0.0286	0.0024	0.15
		A:
			-0.9851	0.1715	0.0108
			0.0433	-0.1203	-0.9918
			0.4648	-0.6705	-0.5783
			0.3329	0.0141	0.9429
			-0.5135	0.1504	0.8448
			-0.9634	0.029	-0.2664
		b:
			-27.6859
			-258.952
			-243.7282
			254.8078
			199.9723
			-121.9818


===========================================================================================
===========================================================================================
S5:
	q_c:	470.5	310.5	501.0
	ub :	489.5905	333.9438	519.9288
	lb :	446.8592	293.7723	479.052

	==================================================================================
	Q1:
		Shape: Hybrid
		q_c:	455.5	323.5	493.5
		ub :	464.1408	333.9438	504.2658
		lb :	446.8592	313.0562	482.7342
		P^-1:
			0.0245	0.0009	0.0014
			0.0009	0.0223	0.003
			0.0014	0.003	0.025
		A:
			-0.1233	0.1275	-0.9842
			-0.7665	-0.6138	-0.189
			-0.3276	0.7616	0.5592
			-0.9002	0.1552	-0.4068
			0.2157	0.0244	-0.9761
			0.4635	0.6838	-0.5636
		b:
			-497.141
			-637.6833
			376.4858
			-557.2267
			-372.0803
			158.0398
	==================================================================================
	Q2:
		Shape: Polyhedra
		q_c:	483.0	309.0	488.0
		ub :	489.5905	318.3372	496.948
		lb :	476.4095	299.6628	479.052
		A:
			0.2642	-0.9279	0.2631
			-0.7323	-0.5191	-0.4408
			-0.6442	0.4327	0.6308
			-0.768	-0.0343	-0.6395
			-0.5094	0.5877	-0.6286
			-0.7651	-0.4861	0.4223
			0.0763	0.7723	0.6306
			0.225	0.6028	-0.7655
			-0.9714	0.2003	-0.1277
			-0.0763	-0.7723	-0.6306
			-0.225	-0.6028	0.7655
			0.9714	-0.2003	0.1277
		b:
			-25.0202
			-723.3422
			136.191
			-688.1825
			-365.9359
			-308.3071
			589.7604
			-73.1472
			-464.6125
			-576.7604
			84.1472
			474.6125
	==================================================================================
	Q3:
		Shape: Hybrid
		q_c:	466.5	305.5	504.0
		ub :	476.7488	317.2277	514.7638
		lb :	456.2512	293.7723	493.2362
		P^-1:
			0.0281	0.0088	-0.0083
			0.0088	0.0228	-0.0038
			-0.0083	-0.0038	0.0251
		A:
			0.0631	0.4939	-0.8672
			-0.4227	-0.2415	0.8735
			-0.0597	0.996	-0.0663
			-0.7892	0.1203	0.6022
			-0.2276	-0.198	0.9534
			0.1961	0.3016	-0.9331
		b:
			-252.8487
			172.3458
			247.6828
			-24.3994
			317.396
			-283.0614
	==================================================================================
	Q4:
		Shape: Hybrid
		q_c:	472.0	322.5	510.0
		ub :	481.4261	332.111	519.9288
		lb :	462.5739	312.889	500.0712
		P^-1:
			0.0385	0.0097	0.0114
			0.0097	0.0298	-0.0076
			0.0114	-0.0076	0.0367
		A:
			0.0424	0.13	0.9906
			0.9522	0.1954	-0.235
			0.7785	0.6277	-0.0015
			-0.5818	0.1022	-0.8069
			-0.8878	0.4284	-0.1684
			-0.7679	0.0934	-0.6337
		b:
			570.92
			396.1226
			571.6152
			-650.8237
			-362.7135
			-653.1459
	==================================================================================
	Q5:
		Shape: Ellipse
		q_c:	480.5	319.5	501.5
		ub :	487.8494	329.1586	510.6066
		lb :	473.1506	309.8414	492.3934
		P^-1:
			0.0529	-0.0155	0.0063
			-0.0155	0.0333	-0.0013
			0.0063	-0.0013	0.0277
	==================================================================================
	Q6:
		Shape: Ellipse
		q_c:	467.5	308.5	513.0
		ub :	469.3897	313.0779	516.99
		lb :	465.6103	303.9221	509.01
		P^-1:
			0.8376	-0.1729	-0.2561
			-0.1729	0.1624	0.1578
			-0.2561	0.1578	0.3125


===========================================================================================
===========================================================================================
S6:
	q_c:	500.5	26.0	465.0
	ub :	511.6608	46.1406	481.6433
	lb :	475.3743	6.4077	440.4971

	==================================================================================
	Q1:
		Shape: Ellipse
		q_c:	483.5	16.0	468.0
		ub :	491.6257	21.4981	476.343
		lb :	475.3743	10.5019	459.657
		P^-1:
			0.0444	0.0333	-0.0059
			0.0333	0.0931	-0.0083
			-0.0059	-0.0083	0.0218
	==================================================================================
	Q2:
		Shape: Polyhedra
		q_c:	487.0	38.5	459.0
		ub :	496.4068	46.1406	467.0876
		lb :	477.5932	30.8594	450.9124
		A:
			0.722	-0.1488	-0.6757
			0.5648	0.2338	-0.7914
			0.4836	-0.8021	0.3503
			-0.5572	-0.2399	0.795
			0.0216	0.2061	0.9783
			-0.2049	-0.0169	0.9786
			0.8908	0.0663	0.4496
			-0.2418	0.9068	0.3452
			-0.3848	-0.4162	0.8238
			-0.8908	-0.0663	-0.4496
			0.2418	-0.9068	-0.3452
			0.3848	0.4162	-0.8238
		b:
			40.6396
			-75.7858
			371.7468
			87.6681
			472.823
			352.8581
			650.2246
			82.1326
			177.6912
			-635.2246
			-69.1326
			-171.6912
	==================================================================================
	Q3:
		Shape: Ellipse
		q_c:	487.5	19.0	453.5
		ub :	498.6848	31.5923	466.5029
		lb :	476.3152	6.4077	440.4971
		P^-1:
			0.0203	-0.0051	-0.0031
			-0.0051	0.0199	0.0043
			-0.0031	0.0043	0.017
	==================================================================================
	Q4:
		Shape: Hybrid
		q_c:	501.0	19.0	468.0
		ub :	511.6608	23.8207	478.2413
		lb :	490.3392	14.1793	457.7587
		P^-1:
			0.0213	-0.0158	0.0053
			-0.0158	0.1075	-0.0079
			0.0053	-0.0079	0.0216
		A:
			-0.2691	-0.7846	0.5585
			0.2868	0.9303	0.2286
			0.041	0.9239	0.3804
			-0.3335	-0.9416	-0.0469
			-0.0971	0.9131	0.396
			-0.0054	0.9676	0.2525
		b:
			115.7194
			271.2826
			218.867
			-203.9352
			156.7888
			136.1268
	==================================================================================
	Q5:
		Shape: Polyhedra
		q_c:	494.0	21.0	479.0
		ub :	495.7135	23.575	481.6433
		lb :	492.2865	18.425	476.3567
		A:
			-0.3378	-0.9295	0.148
			0.6993	-0.5356	-0.4734
			-0.8846	0.3198	-0.3395
			0.0265	-0.9533	-0.3008
			-0.3145	-0.9469	-0.0674
			0.8695	-0.4475	-0.2092
			0.6063	0.6787	0.4145
			0.7952	-0.5203	-0.3112
			0.0044	0.5183	-0.8552
			-0.6063	-0.6787	-0.4145
			-0.7952	0.5203	0.3112
			-0.0044	-0.5183	0.8552
		b:
			-113.8174
			108.4863
			-591.5053
			-149.6566
			-205.9533
			320.9096
			513.7834
			233.8576
			-394.5615
			-510.7834
			-231.8576
			398.5615
	==================================================================================
	Q6:
		Shape: Polyhedra
		q_c:	497.0	22.0	461.0
		ub :	506.0099	32.5402	471.7808
		lb :	487.9901	11.4598	450.2192
		A:
			0.8232	-0.5638	0.0665
			0.8244	0.4427	-0.3528
			0.7739	-0.3584	0.5221
			-0.0487	-0.9492	-0.311
			-0.6112	0.6715	0.4189
			-0.6026	-0.2898	0.7435
			0.7054	0.4584	0.5406
			0.2202	0.5832	-0.7819
			-0.6738	0.6706	0.3105
			-0.7054	-0.4584	-0.5406
			-0.2202	-0.5832	0.7819
			0.6738	-0.6706	-0.3105
		b:
			432.5807
			263.6634
			623.359
			-182.8694
			-90.875
			44.3424
			615.385
			-230.1838
			-171.9824
			-604.385
			246.1838
			181.9824


===========================================================================================
===========================================================================================
S7:
	q_c:	191.5	178.0	424.0
	ub :	200.1027	184.7269	435.7652
	lb :	179.5238	169.678	414.4687

	==================================================================================
	Q1:
		Shape: Hybrid
		q_c:	195.0	181.0	426.0
		ub :	198.4202	184.7269	429.5257
		lb :	191.5798	177.2731	422.4743
		P^-1:
			0.2178	-0.0374	-0.0215
			-0.0374	0.2065	-0.025
			-0.0215	-0.025	0.2357
		A:
			0.7941	0.1471	-0.5897
			-0.9373	0.1016	-0.3333
			-0.1382	0.6695	0.7299
			-0.8465	-0.2514	0.4694
			0.1406	0.4112	-0.9007
			-0.177	-0.2289	0.9572
		b:
			-68.6629
			-305.1668
			406.3949
			-9.4822
			-280.8492
			332.8406
	==================================================================================
	Q2:
		Shape: Hybrid
		q_c:	189.5	180.0	427.0
		ub :	193.1916	184.2435	431.632
		lb :	185.8084	175.7565	422.368
		P^-1:
			0.2192	0.0049	-0.0575
			0.0049	0.1113	-0.0026
			-0.0575	-0.0026	0.1417
		A:
			-0.5247	-0.3981	0.7525
			-0.9826	0.083	-0.1664
			0.5405	0.5443	0.6415
			0.2837	-0.957	0.0605
			-0.913	-0.3446	-0.2184
			-0.4485	0.0386	0.893
		b:
			151.5689
			-240.8953
			476.3041
			-90.7174
			-326.7697
			304.6476
	==================================================================================
	Q3:
		Shape: Ellipse
		q_c:	190.0	173.5	423.0
		ub :	194.988	177.322	427.3278
		lb :	185.012	169.678	418.6722
		P^-1:
			0.0839	0.0789	-0.0322
			0.0789	0.3606	-0.1337
			-0.0322	-0.1337	0.1441
	==================================================================================
	Q4:
		Shape: Hybrid
		q_c:	183.0	176.0	430.5
		ub :	186.4762	178.9399	434.4747
		lb :	179.5238	173.0601	426.5253
		P^-1:
			0.1633	0.0465	0.0125
			0.0465	0.347	0.1443
			0.0125	0.1443	0.2052
		A:
			-0.4332	-0.8998	-0.0522
			0.0238	0.1733	0.9846
			-0.3539	-0.9062	-0.2314
			0.1859	0.5703	0.8001
			-0.9912	0.1249	-0.0447
			0.4207	-0.3228	-0.8478
		b:
			-258.9429
			460.3769
			-322.9176
			479.9
			-176.8013
			-343.3498
	==================================================================================
	Q5:
		Shape: Polyhedra
		q_c:	191.0	178.5	419.0
		ub :	195.8234	183.3406	423.5313
		lb :	186.1766	173.6594	414.4687
		A:
			0.8161	0.5704	0.0927
			-0.8779	-0.4642	0.1176
			-0.9678	0.24	0.0758
			0.3566	0.5342	0.7665
			-0.3688	-0.9049	-0.2125
			0.2504	-0.3964	0.8833
			0.8063	0.5277	0.2673
			0.5482	-0.8363	-0.0025
			0.2223	0.1485	-0.9636
			-0.8063	-0.5277	-0.2673
			-0.5482	0.8363	0.0025
			-0.2223	-0.1485	0.9636
		b:
			299.0857
			-198.4755
			-107.0758
			487.7667
			-318.1482
			350.979
			362.6968
			-42.1124
			-330.7866
			-357.6968
			49.1124
			338.7866
	==================================================================================
	Q6:
		Shape: Hybrid
		q_c:	196.5	178.5	430.0
		ub :	200.1027	184.0845	435.7652
		lb :	192.8973	172.9155	424.2348
		P^-1:
			0.4676	0.3394	0.3007
			0.3394	0.3563	0.2852
			0.3007	0.2852	0.2977
		A:
			-0.7969	-0.2457	-0.5519
			0.5154	0.4074	0.7539
			0.5389	0.7944	0.2801
			0.2591	0.929	0.2642
			0.4612	0.6792	0.571
			-0.3991	-0.493	-0.7731
		b:
			-436.4487
			499.4502
			369.5523
			332.5143
			458.1405
			-497.5805


===========================================================================================
===========================================================================================
S8:
	q_c:	168.5	367.5	224.0
	ub :	183.3832	380.6966	239.7842
	lb :	150.7238	353.8822	211.5668

	==================================================================================
	Q1:
		Shape: Hybrid
		q_c:	176.5	369.0	230.0
		ub :	183.3832	377.6475	239.5684
		lb :	169.6168	360.3525	220.4316
		P^-1:
			0.068	-0.0068	-0.0245
			-0.0068	0.0273	0.0005
			-0.0245	0.0005	0.0345
		A:
			0.5029	0.2378	-0.831
			0.6496	0.5764	-0.4958
			-0.676	-0.536	0.5057
			0.2413	0.9378	0.2495
			0.8369	0.5431	-0.0675
			-0.8279	0.3211	-0.4599
		b:
			-11.6255
			216.4063
			-197.8081
			450.7634
			336.1737
			-129.356
	==================================================================================
	Q2:
		Shape: Polyhedra
		q_c:	163.0	373.5	219.0
		ub :	169.161	379.0874	224.5318
		lb :	156.839	367.9126	213.4682
		A:
			-0.3626	-0.762	-0.5366
			-0.7462	-0.6628	0.0625
			-0.7383	-0.6113	0.285
			-0.3837	0.8809	0.2771
			-0.3542	0.9302	-0.0964
			-0.0864	-0.7501	0.6556
			0.7809	0.5855	0.2177
			-0.3213	0.0776	0.9438
			0.5357	-0.807	0.2487
			-0.7809	-0.5855	-0.2177
			0.3213	-0.0776	-0.9438
			-0.5357	0.807	-0.2487
		b:
			-457.562
			-351.9575
			-282.6277
			331.1058
			272.5511
			-146.7389
			397.1363
			187.3126
			-155.6219
			-390.1363
			-179.3126
			163.6219
	==================================================================================
	Q3:
		Shape: Polyhedra
		q_c:	169.5	360.5	220.5
		ub :	175.7959	366.5238	227.2467
		lb :	163.2041	354.4762	213.7533
		A:
			-0.6725	-0.7389	0.0427
			0.1064	0.1065	0.9886
			-0.7787	-0.3138	0.5434
			-0.5185	0.8378	0.171
			-0.9775	-0.094	-0.1886
			0.6168	-0.7307	-0.2924
			0.472	0.2576	0.8431
			-0.0925	0.9656	-0.2432
			-0.8767	0.0368	0.4796
			-0.472	-0.2576	-0.8431
			0.0925	-0.9656	0.2432
			0.8767	-0.0368	-0.4796
		b:
			-366.3087
			278.5231
			-120.7162
			256.6693
			-236.8787
			-218.6254
			362.7784
			283.7719
			-25.0803
			-354.7784
			-273.7719
			34.0803
	==================================================================================
	Q4:
		Shape: Ellipse
		q_c:	172.5	362.0	219.0
		ub :	180.151	368.1669	226.4332
		lb :	164.849	355.8331	211.5668
		P^-1:
			0.0324	0.0018	-0.0086
			0.0018	0.04	-0.0003
			-0.0086	-0.0003	0.0448
	==================================================================================
	Q5:
		Shape: Polyhedra
		q_c:	157.0	361.5	231.5
		ub :	163.2762	369.1178	239.7842
		lb :	150.7238	353.8822	223.2158
		A:
			0.5003	-0.3615	-0.7868
			0.1064	0.3477	0.9316
			0.4212	-0.8679	0.2632
			-0.8826	-0.0823	0.4628
			-0.2128	0.9623	-0.1697
			-0.607	0.7889	0.0962
			0.9535	0.1773	0.2436
			-0.1254	-0.5016	0.856
			0.274	-0.8467	-0.456
			-0.9535	-0.1773	-0.2436
			0.1254	0.5016	-0.856
			-0.274	0.8467	0.456
		b:
			-229.2617
			363.1527
			-181.5965
			-56.1896
			280.2591
			216.7587
			274.7018
			3.1503
			-364.1548
			-265.7018
			8.8497
			373.1548
	==================================================================================
	Q6:
		Shape: Ellipse
		q_c:	167.0	375.0	232.5
		ub :	172.3282	380.6966	238.3007
		lb :	161.6718	369.3034	226.6993
		P^-1:
			0.1214	0.043	-0.005
			0.043	0.1114	0.0147
			-0.005	0.0147	0.0583


===========================================================================================
===========================================================================================
S9:
	q_c:	379.5	371.0	146.0
	ub :	402.749	406.489	172.6014
	lb :	346.4915	335.8702	120.4827

	==================================================================================
	Q1:
		Shape: Polyhedra
		q_c:	376.5	352.0	148.5
		ub :	392.1806	368.1298	158.4816
		lb :	360.8194	335.8702	138.5184
		A:
			0.2749	-0.7512	0.6001
			0.9607	-0.1221	0.2492
			-0.2487	-0.1142	-0.9618
			0.5609	-0.3697	0.7408
			-0.0609	0.8102	-0.5829
			0.8684	-0.2928	-0.4002
			0.5822	0.8117	0.0477
			0.7628	-0.5249	-0.3776
			-0.2814	0.2562	-0.9247
			-0.5822	-0.8117	-0.0477
			-0.7628	0.5249	0.3776
			0.2814	-0.2562	0.9247
		b:
			-63.6712
			364.9025
			-269.4177
			197.9239
			184.6776
			173.6553
			523.9796
			55.3451
			-146.5933
			-499.9796
			-37.3451
			159.5933
	==================================================================================
	Q2:
		Shape: Polyhedra
		q_c:	368.0	361.5	152.5
		ub :	376.8572	374.6981	164.4606
		lb :	359.1428	348.3019	140.5394
		A:
			-0.667	-0.2088	0.7152
			0.7252	0.5141	-0.4581
			-0.7001	-0.3455	0.6249
			-0.8533	-0.2536	0.4556
			-0.806	-0.2247	0.5477
			-0.9049	-0.1209	0.4081
			0.328	0.6082	0.7228
			0.4949	-0.7624	0.417
			0.8047	0.221	-0.551
			-0.328	-0.6082	-0.7228
			-0.4949	0.7624	-0.417
			-0.8047	-0.221	0.551
		b:
			-209.3182
			386.1605
			-285.1067
			-334.3157
			-292.7953
			-312.1968
			461.2964
			-21.396
			293.4783
			-440.2964
			38.396
			-290.4783
	==================================================================================
	Q3:
		Shape: Ellipse
		q_c:	359.0	394.0	140.0
		ub :	371.5085	406.489	147.2933
		lb :	346.4915	381.511	132.7067
		P^-1:
			0.0136	0.0019	0.0023
			0.0019	0.0153	0.0032
			0.0023	0.0032	0.0321
	==================================================================================
	Q4:
		Shape: Ellipse
		q_c:	388.0	376.5	129.5
		ub :	402.749	391.6673	138.5173
		lb :	373.251	361.3327	120.4827
		P^-1:
			0.048	-0.0364	-0.0562
			-0.0364	0.0383	0.0485
			-0.0562	0.0485	0.0912
	==================================================================================
	Q5:
		Shape: Hybrid
		q_c:	370.5	385.0	142.0
		ub :	380.167	396.6167	150.2038
		lb :	360.833	373.3833	133.7962
		P^-1:
			0.0123	0.0002	-0.0
			0.0002	0.0083	-0.0001
			-0.0	-0.0001	0.0156
		A:
			0.9468	0.2437	0.2104
			0.5254	-0.3558	0.7729
			-0.0411	-0.8759	0.4808
			0.2581	-0.4349	0.8627
			-0.7813	-0.0146	0.624
			-0.514	-0.8146	-0.2688
		b:
			479.5147
			172.1862
			-277.8244
			55.39
			-201.8633
			-535.9944
	==================================================================================
	Q6:
		Shape: Ellipse
		q_c:	364.5	364.0	165.0
		ub :	373.9565	367.596	172.6014
		lb :	355.0435	360.404	157.3986
		P^-1:
			0.0253	-0.0383	0.0092
			-0.0383	0.2432	-0.0056
			0.0092	-0.0056	0.0371


===========================================================================================
===========================================================================================
S10:
	q_c:	93.0	468.0	499.5
	ub :	101.8185	476.1095	501.8618
	lb :	85.0696	457.4471	489.0825

	==================================================================================
	Q1:
		Shape: Hybrid
		q_c:	96.5	462.0	498.0
		ub :	100.5864	466.4273	501.8618
		lb :	92.4136	457.5727	494.1382
		P^-1:
			0.1194	0.0175	0.0055
			0.0175	0.1524	-0.0024
			0.0055	-0.0024	0.1592
		A:
			-0.0444	0.9315	-0.361
			0.2674	-0.9343	0.2358
			-0.8136	-0.5806	-0.0297
			0.7474	-0.2522	-0.6146
			-0.7726	-0.3056	0.5566
			0.1306	0.9661	0.2227
		b:
			247.6365
			-286.9784
			-360.1553
			-348.8537
			62.9386
			571.1326
	==================================================================================
	Q2:
		Shape: Hybrid
		q_c:	90.0	465.5	498.0
		ub :	94.8138	470.1433	501.723
		lb :	85.1862	460.8567	494.277
		P^-1:
			0.1182	-0.0319	0.0779
			-0.0319	0.191	-0.1489
			0.0779	-0.1489	0.328
		A:
			-0.2351	0.2126	-0.9484
			0.1962	-0.3156	-0.9284
			0.8428	-0.2687	0.4664
			0.3837	-0.6135	0.6902
			0.478	-0.224	0.8493
			-0.8587	-0.479	0.1822
		b:
			-393.4825
			-589.3378
			184.7618
			93.5722
			362.7253
			-207.2382
	==================================================================================
	Q3:
		Shape: Ellipse
		q_c:	90.0	472.0	497.5
		ub :	94.1834	476.1095	499.7593
		lb :	85.8166	467.8905	495.2407
		P^-1:
			0.112	0.0004	0.0109
			0.0004	0.1113	0.0054
			0.0109	0.0054	0.2489
	==================================================================================
	Q4:
		Shape: Ellipse
		q_c:	89.5	462.5	494.5
		ub :	93.9304	467.5529	499.9175
		lb :	85.0696	457.4471	489.0825
		P^-1:
			0.3055	-0.178	0.0293
			-0.178	0.2101	-0.0105
			0.0293	-0.0105	0.073
	==================================================================================
	Q5:
		Shape: Ellipse
		q_c:	93.5	471.5	497.5
		ub :	96.7313	474.6302	500.9647
		lb :	90.2687	468.3698	494.0353
		P^-1:
			0.2715	-0.1397	-0.0005
			-0.1397	0.3308	0.0149
			-0.0005	0.0149	0.1132
	==================================================================================
	Q6:
		Shape: Ellipse
		q_c:	97.0	464.5	497.5
		ub :	101.8185	469.4366	501.4885
		lb :	92.1815	459.5634	493.5115
		P^-1:
			0.0951	0.0225	-0.0091
			0.0225	0.1407	-0.0658
			-0.0091	-0.0658	0.207


===========================================================================================
===========================================================================================
S11:
	q_c:	467.5	456.5	277.0
	ub :	493.7266	485.9339	302.6234
	lb :	433.6637	429.9093	245.2869

	==================================================================================
	Q1:
		Shape: Ellipse
		q_c:	484.0	470.0	275.5
		ub :	492.3355	475.5794	285.8421
		lb :	475.6645	464.4206	265.1579
		P^-1:
			0.1079	-0.005	-0.0716
			-0.005	0.0491	-0.0012
			-0.0716	-0.0012	0.0615
	==================================================================================
	Q2:
		Shape: Hybrid
		q_c:	460.0	474.5	289.0
		ub :	468.1785	485.9339	299.2805
		lb :	451.8215	463.0661	278.7195
		P^-1:
			0.1073	0.0067	0.0693
			0.0067	0.0134	0.0064
			0.0693	0.0064	0.0673
		A:
			-0.833	0.019	-0.5529
			-0.4974	0.8358	0.2325
			0.865	-0.1023	0.4912
			-0.9902	-0.0172	-0.1389
			0.2506	-0.4142	0.875
			0.576	0.1242	0.808
		b:
			-532.5812
			241.9792
			493.0417
			-500.5134
			176.8409
			559.5428
	==================================================================================
	Q3:
		Shape: Hybrid
		q_c:	445.5	458.0	278.0
		ub :	457.3363	467.6023	291.0254
		lb :	433.6637	448.3977	264.9746
		P^-1:
			0.0539	-0.0376	0.0327
			-0.0376	0.0487	-0.0258
			0.0327	-0.0258	0.0332
		A:
			0.0592	0.9594	-0.2757
			-0.5393	0.8419	-0.0201
			0.3876	0.9212	0.0328
			-0.2288	0.8528	-0.4695
			0.5937	-0.6821	0.427
			0.6907	-0.601	0.4022
		b:
			394.4924
			143.2759
			610.3448
			161.7794
			72.4479
			145.8085
	==================================================================================
	Q4:
		Shape: Hybrid
		q_c:	452.0	452.0	261.5
		ub :	469.24	466.345	277.7131
		lb :	434.76	437.655	245.2869
		P^-1:
			0.0106	0.0038	0.0016
			0.0038	0.0131	0.0033
			0.0016	0.0033	0.0107
		A:
			0.1039	0.4835	-0.8691
			0.6249	0.7028	-0.34
			-0.4608	-0.731	-0.5033
			-0.7771	-0.6145	-0.1359
			0.5776	-0.8064	-0.1268
			0.9143	-0.2124	0.345
		b:
			45.3409
			516.7794
			-666.5325
			-660.1256
			-129.4239
			414.428
	==================================================================================
	Q5:
		Shape: Polyhedra
		q_c:	474.5	439.0	290.5
		ub :	483.8342	448.0907	297.8933
		lb :	465.1658	429.9093	283.1067
		A:
			0.3414	0.5938	-0.7286
			0.5768	-0.2069	-0.7902
			-0.0984	-0.5424	0.8343
			0.894	0.0716	-0.4422
			0.305	-0.7517	-0.5847
			0.0082	0.3355	0.942
			0.6563	0.6904	0.3044
			0.5842	-0.7203	0.374
			0.4775	-0.0676	-0.876
			-0.6563	-0.6904	-0.3044
			-0.5842	0.7203	-0.374
			-0.4775	0.0676	0.876
		b:
			216.0637
			-42.9537
			-36.8927
			331.6312
			-349.9897
			428.8826
			707.915
			77.1514
			-54.1253
			-697.915
			-62.1514
			61.1253
	==================================================================================
	Q6:
		Shape: Polyhedra
		q_c:	481.5	470.5	288.5
		ub :	493.7266	485.6065	302.6234
		lb :	469.2734	455.3935	274.3766
		A:
			-0.1181	-0.1767	0.9771
			0.3655	0.4917	0.7904
			0.841	-0.5373	-0.0628
			0.4712	0.8771	-0.0929
			-0.8505	0.0982	0.5167
			0.9196	-0.1164	0.3752
			0.8367	0.5095	0.2007
			0.4815	-0.51	-0.7127
			-0.2607	0.693	-0.6721
			-0.8367	-0.5095	-0.2007
			-0.4815	0.51	0.7127
			0.2607	-0.693	0.6721
		b:
			151.672
			642.7907
			142.6686
			621.3693
			-207.2234
			505.0049
			707.5155
			-206.7262
			18.1197
			-693.5155
			220.7262
			4.8803


===========================================================================================
===========================================================================================
S12:
	q_c:	179.0	205.0	102.5
	ub :	196.7642	231.8452	126.3907
	lb :	146.7433	174.6854	77.2853

	==================================================================================
	Q1:
		Shape: Polyhedra
		q_c:	182.0	202.5	98.5
		ub :	195.7001	215.3118	113.1638
		lb :	168.2999	189.6882	83.8362
		A:
			-0.8195	0.0837	0.5669
			0.7204	-0.0352	-0.6927
			0.2384	-0.5027	0.831
			0.771	0.368	-0.5197
			-0.3853	0.3377	-0.8588
			0.0837	0.3103	-0.947
			0.6622	0.3698	0.6518
			-0.7273	0.1078	0.6778
			0.1804	-0.9228	0.3403
			-0.6622	-0.3698	-0.6518
			0.7273	-0.1078	-0.6778
			-0.1804	0.9228	-0.3403
		b:
			-68.8072
			63.266
			32.5641
			171.6446
			-76.9224
			-6.635
			269.5951
			-36.2868
			-111.5223
			-249.5951
			51.2868
			129.5223
	==================================================================================
	Q2:
		Shape: Polyhedra
		q_c:	166.0	202.0	92.0
		ub :	176.6495	213.5306	101.803
		lb :	155.3505	190.4694	82.197
		A:
			0.0352	0.305	0.9517
			-0.8316	0.4205	-0.3628
			-0.8754	-0.4216	0.2364
			0.4154	-0.7643	0.4932
			-0.3698	0.9225	-0.111
			0.4614	-0.2566	0.8493
			0.8281	0.5317	0.1778
			0.5493	-0.706	-0.4471
			-0.1122	0.4679	-0.8767
			-0.8281	-0.5317	-0.1778
			-0.5493	0.706	0.4471
			0.1122	-0.4679	0.8767
		b:
			161.531
			-79.6955
			-201.0229
			-33.7042
			120.9818
			109.6525
			269.2198
			-86.5497
			1.7318
			-253.2198
			98.5497
			11.2682
	==================================================================================
	Q3:
		Shape: Ellipse
		q_c:	184.5	219.5	89.0
		ub :	196.7642	231.8452	100.7147
		lb :	172.2358	207.1548	77.2853
		P^-1:
			0.0189	0.0015	-0.0033
			0.0015	0.0124	0.0023
			-0.0033	0.0023	0.0213
	==================================================================================
	Q4:
		Shape: Polyhedra
		q_c:	184.0	189.0	114.5
		ub :	195.582	203.3146	125.8956
		lb :	172.418	174.6854	103.1044
		A:
			0.6868	0.4136	0.5977
			0.4409	-0.2133	-0.8718
			0.0486	-0.428	-0.9025
			0.0241	-0.9308	-0.3649
			-0.9506	0.1189	-0.2867
			-0.8939	0.0145	-0.4479
			0.6065	0.1429	0.7821
			-0.3452	-0.8389	0.4209
			0.7162	-0.5253	-0.4595
			-0.6065	-0.1429	-0.7821
			0.3452	0.8389	-0.4209
			-0.7162	0.5253	0.4595
		b:
			278.4729
			-51.7164
			-169.7019
			-204.3021
			-179.7978
			-208.1463
			232.1537
			-161.8654
			-13.0982
			-224.1537
			185.8654
			27.0982
	==================================================================================
	Q5:
		Shape: Ellipse
		q_c:	164.0	206.0	116.0
		ub :	173.5343	216.871	126.3907
		lb :	154.4657	195.129	105.6093
		P^-1:
			0.037	-0.0156	-0.0139
			-0.0156	0.0346	0.0149
			-0.0139	0.0149	0.0252
	==================================================================================
	Q6:
		Shape: Ellipse
		q_c:	159.5	202.0	95.5
		ub :	172.2567	215.4751	106.4623
		lb :	146.7433	188.5249	84.5377
		P^-1:
			0.019	0.0057	0.0028
			0.0057	0.0137	0.0016
			0.0028	0.0016	0.0134


===========================================================================================
===========================================================================================
S13:
	q_c:	79.0	433.5	495.0
	ub :	100.7768	453.3715	525.1812
	lb :	60.0377	407.3828	479.6064

	==================================================================================
	Q1:
		Shape: Polyhedra
		q_c:	85.0	421.0	504.5
		ub :	95.7026	434.6172	518.2998
		lb :	74.2974	407.3828	490.7002
		A:
			-0.5474	-0.3506	-0.7599
			0.9781	-0.1134	-0.1746
			-0.8143	0.5509	0.1829
			0.6948	-0.3642	-0.6202
			0.0145	-0.3359	-0.9418
			-0.817	0.3153	-0.4828
			0.7982	0.5397	0.2677
			-0.0198	0.4676	-0.8837
			-0.6021	0.7001	0.3839
			-0.7982	-0.5397	-0.2677
			0.0198	-0.4676	0.8837
			0.6021	-0.7001	-0.3839
		b:
			-568.1928
			-45.3556
			260.9379
			-400.6176
			-606.6172
			-171.5079
			439.1053
			-240.1591
			442.725
			-421.1053
			261.1591
			-431.725
	==================================================================================
	Q2:
		Shape: Polyhedra
		q_c:	69.5	445.0	497.0
		ub :	78.3562	453.3715	504.7377
		lb :	60.6438	436.6285	489.2623
		A:
			-0.6354	-0.6266	-0.4513
			0.9861	-0.0375	0.162
			-0.5991	-0.3475	-0.7213
			-0.9237	-0.0275	0.382
			-0.3596	-0.0375	-0.9324
			0.7369	0.1409	-0.6612
			0.3495	0.6577	0.6673
			-0.6724	0.6721	-0.3103
			-0.6525	-0.3402	0.6771
			-0.3495	-0.6577	-0.6673
			0.6724	-0.6721	0.3103
			0.6525	0.3402	-0.6771
		b:
			-543.524
			138.032
			-550.6492
			118.8059
			-500.3915
			-209.6625
			652.1133
			104.6376
			144.7641
			-645.1133
			-91.6376
			-134.7641
	==================================================================================
	Q3:
		Shape: Polyhedra
		q_c:	85.5	427.0	510.0
		ub :	100.7768	442.9413	525.1812
		lb :	70.2232	411.0587	494.8188
		A:
			-0.1784	0.6669	0.7235
			0.5108	0.1551	-0.8456
			0.4979	-0.1365	0.8564
			-0.6213	0.4834	0.6167
			-0.0249	-0.6665	0.7451
			0.2724	-0.4274	0.8621
			0.3809	0.6546	0.653
			-0.7405	0.6389	-0.2084
			-0.5536	-0.4042	0.7281
			-0.3809	-0.6546	-0.653
			0.7405	-0.6389	0.2084
			0.5536	0.4042	-0.7281
		b:
			648.4882
			-312.2205
			430.5416
			476.9917
			102.1634
			289.4999
			655.6164
			111.693
			160.3781
			-634.6164
			-94.693
			-142.3781
	==================================================================================
	Q4:
		Shape: Hybrid
		q_c:	78.0	424.0	493.5
		ub :	89.6409	436.7423	507.3936
		lb :	66.3591	411.2577	479.6064
		P^-1:
			0.0173	-0.0016	-0.0011
			-0.0016	0.0128	-0.0034
			-0.0011	-0.0034	0.0155
		A:
			0.9686	-0.2287	0.0974
			0.0415	-0.6589	-0.7511
			-0.2056	-0.5204	0.8288
			-0.676	0.6296	0.3829
			0.2104	-0.9771	-0.0317
			0.5846	0.8096	0.0533
		b:
			30.4456
			-640.8802
			176.0479
			407.7515
			-408.2719
			420.7045
	==================================================================================
	Q5:
		Shape: Polyhedra
		q_c:	78.0	445.5	485.5
		ub :	83.2789	451.9402	490.9899
		lb :	72.7211	439.0598	480.0101
		A:
			-0.6101	0.6167	-0.4975
			0.2259	-0.1196	-0.9668
			0.9881	-0.1321	0.0792
			-0.926	0.2041	-0.3177
			0.8086	-0.5777	0.111
			-0.2498	0.6109	0.7513
			0.2488	0.9634	0.0995
			0.8506	-0.2665	0.4533
			0.4633	-0.0281	-0.8858
			-0.2488	-0.9634	-0.0995
			-0.8506	0.2665	-0.4533
			-0.4633	0.0281	0.8858
		b:
			-11.3174
			-500.5564
			59.2865
			-133.3967
			-137.4007
			622.5068
			502.9382
			169.6875
			-401.9454
			-490.9382
			-165.6875
			410.9454
	==================================================================================
	Q6:
		Shape: Hybrid
		q_c:	71.5	437.5	504.0
		ub :	82.9623	449.2379	516.9226
		lb :	60.0377	425.7621	491.0774
		P^-1:
			0.0124	0.0005	0.0006
			0.0005	0.0168	0.0024
			0.0006	0.0024	0.0109
		A:
			0.7014	0.4789	0.5279
			-0.478	-0.2578	-0.8396
			-0.6488	-0.2476	0.7195
			-0.2293	-0.9643	-0.1322
			-0.239	0.9004	-0.3635
			0.4166	0.5205	0.7453
		b:
			530.3145
			-564.9751
			213.8888
			-501.04
			198.604
			637.7413


===========================================================================================
===========================================================================================
S14:
	q_c:	229.5	337.0	465.0
	ub :	244.462	350.4158	481.4463
	lb :	214.9432	322.5937	452.6478

	==================================================================================
	Q1:
		Shape: Ellipse
		q_c:	221.0	343.5	470.5
		ub :	227.0568	350.4158	476.6084
		lb :	214.9432	336.5842	464.3916
		P^-1:
			0.0712	0.015	0.0019
			0.015	0.0597	0.0013
			0.0019	0.0013	0.0496
	==================================================================================
	Q2:
		Shape: Polyhedra
		q_c:	237.0	329.5	466.5
		ub :	243.7148	336.4063	471.8876
		lb :	230.2852	322.5937	461.1124
		A:
			0.449	0.5624	-0.6943
			0.2557	-0.1416	0.9563
			0.3713	0.2735	0.8873
			-0.859	0.3243	0.3961
			0.8679	0.176	-0.4645
			0.8112	-0.512	-0.2824
			0.5342	0.8282	0.1692
			0.166	-0.299	0.9397
			0.8289	-0.4739	-0.2972
			-0.5342	-0.8282	-0.1692
			-0.166	0.299	-0.9397
			-0.8289	0.4739	0.2972
		b:
			-28.1952
			463.6298
			595.9192
			92.5247
			51.3925
			-103.716
			482.9395
			382.6911
			-93.8427
			-473.9395
			-375.6911
			102.8427
	==================================================================================
	Q3:
		Shape: Polyhedra
		q_c:	222.0	344.5	473.0
		ub :	226.8087	347.4515	477.309
		lb :	217.1913	341.5485	468.691
		A:
			0.7346	-0.5982	-0.3203
			0.0897	-0.8737	-0.4781
			-0.7128	0.6961	0.0854
			0.7429	0.6187	-0.2554
			-0.9088	-0.3447	0.2352
			0.3154	0.9489	0.0048
			0.9974	0.0585	0.0421
			0.0563	-0.9971	0.0514
			0.0449	-0.0489	-0.9978
			-0.9974	-0.0585	-0.0421
			-0.0563	0.9971	-0.0514
			-0.0449	0.0489	0.9978
		b:
			-190.7325
			-504.2442
			125.522
			261.1909
			-204.9361
			402.054
			265.9538
			-304.1826
			-474.8329
			-256.9538
			309.1826
			482.8329
	==================================================================================
	Q4:
		Shape: Hybrid
		q_c:	225.0	336.0	460.5
		ub :	232.5235	343.125	468.3522
		lb :	217.4765	328.875	452.6478
		P^-1:
			0.0355	0.006	0.0084
			0.006	0.0671	-0.0192
			0.0084	-0.0192	0.0562
		A:
			0.2923	0.3084	0.9052
			0.2256	0.3549	-0.9073
			-0.5494	-0.7804	0.2985
			-0.5884	0.8043	-0.0831
			-0.9302	-0.0957	-0.3543
			0.3253	-0.1275	0.937
		b:
			589.084
			-245.2356
			-246.0688
			102.7791
			-401.374
			464.2157
	==================================================================================
	Q5:
		Shape: Hybrid
		q_c:	232.0	330.0	463.0
		ub :	238.2758	332.9622	465.2065
		lb :	225.7242	327.0378	460.7935
		P^-1:
			0.1524	0.1313	0.6543
			0.1313	0.4926	0.9244
			0.6543	0.9244	3.6329
		A:
			0.1996	-0.0103	0.9798
			-0.2632	-0.0167	-0.9646
			-0.1976	-0.0416	-0.9794
			0.2096	-0.6829	0.6998
			-0.1783	-0.3655	-0.9136
			-0.1434	0.7463	0.6499
		b:
			497.0485
			-512.6785
			-512.6313
			148.7836
			-584.6385
			515.287
	==================================================================================
	Q6:
		Shape: Ellipse
		q_c:	239.0	337.0	473.5
		ub :	244.462	344.6725	481.4463
		lb :	233.538	329.3275	465.5537
		P^-1:
			0.0491	0.0012	0.0019
			0.0012	0.0365	-0.0033
			0.0019	-0.0033	0.0369


===========================================================================================
===========================================================================================
S15:
	q_c:	148.5	362.0	158.0
	ub :	161.5671	375.9712	171.3239
	lb :	141.2165	356.0269	145.6135

	==================================================================================
	Q1:
		Shape: Polyhedra
		q_c:	144.0	365.0	151.0
		ub :	146.2135	370.3538	156.3865
		lb :	141.7865	359.6462	145.6135
		A:
			0.8121	-0.5825	0.0348
			0.849	-0.1219	0.5141
			0.9171	-0.0198	-0.3982
			0.9488	-0.0021	-0.3159
			-0.0301	0.966	0.2567
			0.7759	-0.3345	-0.5349
			0.2108	0.6653	0.7162
			0.0974	0.7147	-0.6926
			-0.9727	0.2158	0.0859
			-0.2108	-0.6653	-0.7162
			-0.0974	-0.7147	0.6926
			0.9727	-0.2158	-0.0859
		b:
			-88.7354
			157.8958
			66.1865
			89.4927
			391.0276
			-88.8782
			385.8419
			173.303
			-47.3454
			-376.8419
			-167.303
			49.3454
	==================================================================================
	Q2:
		Shape: Ellipse
		q_c:	147.0	362.0	151.5
		ub :	152.7835	367.9731	155.9957
		lb :	141.2165	356.0269	147.0043
		P^-1:
			0.0767	0.0151	-0.0671
			0.0151	0.0577	-0.0371
			-0.0671	-0.0371	0.2144
	==================================================================================
	Q3:
		Shape: Ellipse
		q_c:	152.0	370.5	166.5
		ub :	157.8345	375.9712	171.3239
		lb :	146.1655	365.0288	161.6761
		P^-1:
			0.0685	0.0193	-0.035
			0.0193	0.0833	-0.0159
			-0.035	-0.0159	0.1392
	==================================================================================
	Q4:
		Shape: Ellipse
		q_c:	157.5	361.5	161.0
		ub :	161.5671	366.1875	165.6203
		lb :	153.4329	356.8125	156.3797
		P^-1:
			0.2392	-0.047	-0.1845
			-0.047	0.075	0.0491
			-0.1845	0.0491	0.2553
	==================================================================================
	Q5:
		Shape: Ellipse
		q_c:	155.0	365.0	161.5
		ub :	159.9638	369.9711	164.1069
		lb :	150.0362	360.0289	158.8931
		P^-1:
			0.1937	0.0249	-0.2995
			0.0249	0.0872	-0.0666
			-0.2995	-0.0666	0.8824
	==================================================================================
	Q6:
		Shape: Hybrid
		q_c:	149.0	363.0	160.5
		ub :	151.9575	365.2962	164.4377
		lb :	146.0425	360.7038	156.5623
		P^-1:
			0.3754	-0.0049	-0.1421
			-0.0049	0.2488	-0.0132
			-0.1421	-0.0132	0.1518
		A:
			0.7338	0.1823	-0.6545
			0.8007	-0.5101	-0.3142
			0.7628	-0.6318	-0.1377
			0.4501	0.8714	-0.195
			0.7849	-0.5248	0.3296
			0.5051	0.7719	-0.3861
		b:
			71.4144
			-115.4066
			-136.7283
			353.2488
			-18.8805
			294.5491


===========================================================================================
===========================================================================================
S16:
	q_c:	145.0	346.0	116.0
	ub :	159.1688	367.7679	136.2108
	lb :	130.8252	330.287	94.58

	==================================================================================
	Q1:
		Shape: Hybrid
		q_c:	138.5	346.0	107.0
		ub :	142.1444	351.6465	110.811
		lb :	134.8556	340.3535	103.189
		P^-1:
			0.1842	-0.0069	0.0691
			-0.0069	0.0336	-0.0084
			0.0691	-0.0084	0.1764
		A:
			0.652	-0.1278	0.7474
			0.0535	0.0268	-0.9982
			-0.9516	-0.3073	0.0019
			-0.2947	0.1812	-0.9383
			0.9509	-0.1889	0.2449
			0.9663	0.1178	0.2288
		b:
			127.1157
			-88.497
			-235.9177
			-77.1586
			93.935
			200.4816
	==================================================================================
	Q2:
		Shape: Hybrid
		q_c:	144.0	356.0	128.5
		ub :	152.612	365.0415	136.2108
		lb :	135.388	346.9585	120.7892
		P^-1:
			0.0415	0.0018	-0.0126
			0.0018	0.0342	0.0123
			-0.0126	0.0123	0.0504
		A:
			-0.9424	0.2354	0.2377
			-0.7818	0.6141	0.1083
			0.8576	-0.2984	-0.4189
			0.9301	-0.0552	0.3632
			-0.1899	-0.1405	-0.9717
			-0.0443	0.941	0.3354
		b:
			-18.4551
			123.4725
			-33.9962
			164.6298
			-199.2951
			374.8386
	==================================================================================
	Q3:
		Shape: Hybrid
		q_c:	141.5	344.0	116.5
		ub :	146.0439	353.6667	126.4354
		lb :	136.9561	334.3333	106.5646
		P^-1:
			0.1485	-0.0336	-0.0146
			-0.0336	0.0358	0.0128
			-0.0146	0.0128	0.0244
		A:
			0.9106	-0.1497	0.3851
			-0.7501	0.6411	0.1626
			0.809	-0.5811	0.0883
			-0.8412	0.4484	-0.3021
			-0.842	0.5053	0.189
			-0.7398	0.6432	0.1975
		b:
			125.0137
			135.5405
			-72.5452
			3.0686
			78.3107
			141.7609
	==================================================================================
	Q4:
		Shape: Polyhedra
		q_c:	147.5	358.0	105.0
		ub :	154.8585	367.7679	115.42
		lb :	140.1415	348.2321	94.58
		A:
			-0.4665	0.1478	0.8721
			0.4737	-0.257	-0.8424
			-0.5476	0.7969	0.2552
			-0.778	-0.6277	0.0247
			-0.6931	-0.3187	-0.6466
			-0.9661	0.2285	0.1201
			0.1331	0.7704	0.6235
			-0.3682	0.6225	-0.6906
			-0.9202	-0.1376	0.3665
			-0.1331	-0.7704	-0.6235
			0.3682	-0.6225	0.6906
			0.9202	0.1376	-0.3665
		b:
			80.8204
			-105.5503
			237.3016
			-332.2715
			-278.2098
			-43.1373
			366.4112
			104.0441
			-142.5055
			-355.4112
			-88.0441
			150.5055
	==================================================================================
	Q5:
		Shape: Hybrid
		q_c:	149.5	340.0	118.0
		ub :	159.1688	348.8741	125.429
		lb :	139.8312	331.1259	110.571
		P^-1:
			0.028	-0.0174	0.0056
			-0.0174	0.0474	-0.0107
			0.0056	-0.0107	0.0326
		A:
			-0.7813	-0.2907	-0.5523
			-0.0522	-0.8267	0.5602
			-0.2714	-0.592	0.7589
			-0.0437	0.7945	-0.6057
			0.412	-0.811	0.4154
			-0.6046	-0.1224	-0.7871
		b:
			-275.8803
			-219.7311
			-148.5666
			194.918
			-163.0957
			-220.616
	==================================================================================
	Q6:
		Shape: Ellipse
		q_c:	139.0	338.5	123.0
		ub :	147.1748	346.713	129.3465
		lb :	130.8252	330.287	116.6535
		P^-1:
			0.0378	0.0057	0.0071
			0.0057	0.0402	0.0062
			0.0071	0.0062	0.0575


===========================================================================================
===========================================================================================
S17:
	q_c:	532.0	251.5	216.5
	ub :	557.3335	276.7632	243.3642
	lb :	500.4986	232.6325	194.608

	==================================================================================
	Q1:
		Shape: Hybrid
		q_c:	545.5	258.0	233.0
		ub :	557.3335	268.4126	243.3642
		lb :	533.6665	247.5874	222.6358
		P^-1:
			0.0329	0.0082	0.0234
			0.0082	0.0498	-0.025
			0.0234	-0.025	0.0558
		A:
			-0.5878	-0.7293	0.3502
			0.8726	0.2702	0.407
			0.0908	0.3902	-0.9162
			0.7319	0.6565	0.1826
			-0.7783	-0.6245	-0.0647
			0.1032	0.4723	-0.8754
		b:
			-423.9111
			643.7469
			-59.3857
			614.0141
			-597.5604
			-22.3489
	==================================================================================
	Q2:
		Shape: Polyhedra
		q_c:	516.0	247.5	217.0
		ub :	531.5014	262.3675	230.64
		lb :	500.4986	232.6325	203.36
		A:
			0.4218	-0.2239	0.8786
			0.3071	-0.6741	0.6718
			0.7934	-0.4313	0.4296
			0.8942	-0.0214	0.4472
			-0.1688	0.9087	0.3818
			-0.2217	0.7686	-0.6001
			0.6055	0.0396	0.7949
			-0.6721	-0.5095	0.5373
			0.4263	-0.8595	-0.2819
			-0.6055	-0.0396	-0.7949
			0.6721	0.5095	-0.5373
			-0.4263	0.8595	0.2819
		b:
			359.5943
			146.2024
			403.7414
			560.3566
			230.9553
			-44.9627
			500.7251
			-345.2816
			-43.4607
			-488.7251
			367.2816
			64.4607
	==================================================================================
	Q3:
		Shape: Polyhedra
		q_c:	543.0	264.5	205.5
		ub :	551.5271	274.6281	214.9056
		lb :	534.4729	254.3719	196.0944
		A:
			0.2567	0.8927	0.3705
			0.1265	0.0565	-0.9904
			-0.8651	0.4565	-0.2076
			-0.8525	0.503	-0.1421
			0.1857	-0.7527	0.6317
			0.8949	0.2017	-0.398
			0.9044	0.3825	0.1893
			0.1025	-0.6253	0.7737
			0.4143	-0.6803	-0.6047
			-0.9044	-0.3825	-0.1893
			-0.1025	0.6253	-0.7737
			-0.4143	0.6803	0.6047
		b:
			457.633
			-113.8971
			-385.6795
			-353.0917
			37.5684
			463.5241
			637.1356
			55.291
			-73.2319
			-625.1356
			-43.291
			85.2319
	==================================================================================
	Q4:
		Shape: Hybrid
		q_c:	538.0	268.0	214.0
		ub :	545.3942	276.7632	220.234
		lb :	530.6058	259.2368	207.766
		P^-1:
			0.0268	0.0047	0.0155
			0.0047	0.0264	0.0265
			0.0155	0.0265	0.0994
		A:
			-0.987	-0.1509	-0.0548
			-0.4515	-0.0231	0.892
			0.0648	-0.6222	-0.7802
			-0.3891	-0.0673	-0.9187
			-0.1697	0.8716	0.4599
			0.6183	0.3134	-0.7208
		b:
			-578.3608
			-54.6607
			-296.2772
			-421.9327
			245.0334
			267.1652
	==================================================================================
	Q5:
		Shape: Ellipse
		q_c:	521.5	241.0	202.0
		ub :	526.8199	247.4463	209.392
		lb :	516.1801	234.5537	194.608
		P^-1:
			0.2314	0.1957	0.0631
			0.1957	0.2257	0.0641
			0.0631	0.0641	0.0441
	==================================================================================
	Q6:
		Shape: Hybrid
		q_c:	522.0	242.0	228.5
		ub :	528.4854	247.6857	235.6184
		lb :	515.5146	236.3143	221.3816
		P^-1:
			0.0499	0.0106	0.0033
			0.0106	0.0873	0.0318
			0.0033	0.0318	0.0633
		A:
			-0.3053	-0.6533	0.6928
			-0.1206	0.6277	0.769
			0.323	-0.2837	-0.9029
			0.9156	0.3026	0.2648
			0.3066	0.8471	0.4341
			0.6157	0.4958	0.6125
		b:
			-155.9359
			266.4783
			-103.8897
			614.3535
			465.7869
			583.3996


===========================================================================================
===========================================================================================
S18:
	q_c:	253.0	504.5	54.0
	ub :	266.4996	516.6574	63.3024
	lb :	242.6093	491.4999	46.5014

	==================================================================================
	Q1:
		Shape: Polyhedra
		q_c:	262.5	504.0	55.0
		ub :	266.4996	506.3699	58.6788
		lb :	258.5004	501.6301	51.3212
		A:
			-0.5803	0.5663	-0.5853
			0.9703	-0.1904	-0.1495
			-0.8034	-0.5858	0.1066
			0.3905	0.9203	-0.0215
			0.6986	0.3518	0.6231
			0.7534	-0.3634	0.5481
			0.5635	0.2813	0.7768
			-0.8108	0.0082	0.5852
			0.1582	-0.9596	0.2327
			-0.5635	-0.2813	-0.7768
			0.8108	-0.0082	-0.5852
			-0.1582	0.9596	-0.2327
		b:
			102.7353
			153.6681
			-497.5159
			567.2994
			396.5676
			46.6877
			333.9093
			-173.0113
			-427.296
			-330.9093
			180.0113
			431.296
	==================================================================================
	Q2:
		Shape: Polyhedra
		q_c:	251.0	496.5	52.5
		ub :	255.9934	501.5001	58.369
		lb :	246.0066	491.4999	46.631
		A:
			-0.996	-0.0368	-0.0808
			0.0104	-0.8245	-0.5658
			-0.8912	0.4535	-0.0051
			0.8604	-0.5087	-0.0303
			-0.8009	0.0154	-0.5985
			-0.7951	-0.5508	-0.2538
			0.4624	0.6684	0.5826
			0.6769	-0.6905	0.255
			0.5727	0.2764	-0.7717
			-0.4624	-0.6684	-0.5826
			-0.6769	0.6905	-0.255
			-0.5727	-0.2764	0.7717
		b:
			-269.2271
			-432.0007
			2.9109
			-36.6073
			-221.2212
			-481.7206
			483.5142
			-158.5489
			243.9949
			-473.5142
			160.5489
			-236.9949
	==================================================================================
	Q3:
		Shape: Hybrid
		q_c:	262.0	500.5	54.5
		ub :	266.2405	503.8075	59.12
		lb :	257.7595	497.1925	49.88
		P^-1:
			0.1111	0.0011	-0.0002
			0.0011	0.1578	-0.01
			-0.0002	-0.01	0.1133
		A:
			0.5177	0.6635	-0.5401
			-0.817	-0.0901	-0.5695
			0.7938	0.6014	-0.091
			0.0789	-0.989	-0.1254
			0.7747	0.4903	0.3993
			-0.9888	-0.092	0.1179
		b:
			439.7499
			-288.4546
			505.5599
			-479.8382
			471.8005
			-296.9084
	==================================================================================
	Q4:
		Shape: Hybrid
		q_c:	249.5	502.0	54.5
		ub :	256.3907	508.8131	61.69
		lb :	242.6093	495.1869	47.31
		P^-1:
			0.053	0.0034	-0.0237
			0.0034	0.0336	-0.004
			-0.0237	-0.004	0.0611
		A:
			0.1454	0.4487	-0.8818
			-0.7668	-0.2816	0.5768
			-0.3194	-0.7094	0.6282
			-0.2353	0.3092	0.9214
			0.1237	-0.057	-0.9907
			-0.9597	-0.1841	-0.2124
		b:
			215.9938
			-299.3192
			-398.8882
			149.2424
			-49.2671
			-340.0782
	==================================================================================
	Q5:
		Shape: Polyhedra
		q_c:	259.0	501.0	58.0
		ub :	265.054	506.9068	63.3024
		lb :	252.946	495.0932	52.6976
		A:
			-0.6329	-0.7456	-0.2086
			-0.7533	0.1624	-0.6373
			-0.7415	-0.2435	-0.6252
			0.0546	0.4487	0.892
			-0.7863	0.6178	-0.0085
			-0.3685	-0.7765	0.5111
			0.3609	0.5865	0.7251
			-0.7683	-0.2537	0.5876
			0.5286	-0.7692	0.3591
			-0.3609	-0.5865	-0.7251
			0.7683	0.2537	-0.5876
			-0.5286	0.7692	-0.3591
		b:
			-546.8971
			-146.7069
			-347.3869
			292.953
			110.1427
			-450.8023
			431.3815
			-288.5137
			-222.6082
			-427.3815
			295.5137
			232.6082
	==================================================================================
	Q6:
		Shape: Polyhedra
		q_c:	254.5	514.0	50.0
		ub :	259.0219	516.6574	53.4986
		lb :	249.9781	511.3426	46.5014
		A:
			0.3343	-0.516	-0.7886
			0.4049	-0.6659	0.6267
			0.0121	0.9448	-0.3275
			-0.1073	0.0948	0.9897
			-0.0313	0.6323	0.7741
			0.5068	0.4163	0.7549
			0.2833	0.5182	0.807
			-0.3394	0.8412	-0.421
			-0.897	-0.1546	0.4142
			-0.2833	-0.5182	-0.807
			0.3394	-0.8412	0.421
			0.897	0.1546	-0.4142
		b:
			-217.0446
			-206.379
			474.1921
			73.2652
			357.4994
			382.3577
			380.2997
			326.4502
			-283.0268
			-377.2997
			-323.4502
			291.0268


===========================================================================================
===========================================================================================
S19:
	q_c:	83.5	56.0	253.5
	ub :	112.3379	84.1117	277.2662
	lb :	59.8958	41.8685	231.1229

	==================================================================================
	Q1:
		Shape: Polyhedra
		q_c:	90.5	73.5	241.5
		ub :	101.393	84.1117	251.8771
		lb :	79.607	62.8883	231.1229
		A:
			0.5827	-0.7855	0.2087
			0.858	0.1789	-0.4815
			0.7833	-0.4393	-0.4397
			-0.8016	0.3098	-0.5113
			0.8637	-0.502	-0.0447
			0.9983	-0.029	-0.051
			0.5134	0.5763	0.6358
			0.7015	-0.7086	0.0759
			0.4943	0.407	-0.7681
			-0.5134	-0.5763	-0.6358
			-0.7015	0.7086	-0.0759
			-0.4943	-0.407	0.7681
		b:
			51.0135
			-18.0052
			-61.235
			-167.5586
			36.1764
			82.2708
			248.3673
			35.2249
			-102.8569
			-236.3673
			-24.2249
			118.8569
	==================================================================================
	Q2:
		Shape: Hybrid
		q_c:	95.5	51.0	247.0
		ub :	104.622	60.1315	254.3561
		lb :	86.378	41.8685	239.6439
		P^-1:
			0.0306	0.0117	0.0083
			0.0117	0.0435	0.0143
			0.0083	0.0143	0.0398
		A:
			0.1016	-0.2479	-0.9634
			0.6049	0.0814	0.7922
			-0.2126	-0.0273	-0.9768
			0.4827	-0.4226	0.767
			0.5404	-0.2439	-0.8053
			-0.1652	-0.9838	0.069
		b:
			-237.7701
			260.6418
			-259.7666
			218.013
			-155.8618
			-45.7516
	==================================================================================
	Q3:
		Shape: Polyhedra
		q_c:	83.5	66.5	267.5
		ub :	86.8173	74.9383	275.5521
		lb :	80.1827	58.0617	259.4479
		A:
			-0.6367	-0.6477	0.4184
			0.1279	0.4414	-0.8881
			-0.7472	0.6289	-0.2148
			0.936	-0.2407	0.2567
			0.099	0.4648	-0.8798
			-0.7879	0.5484	-0.28
			0.1163	0.7172	0.6871
			0.1184	0.6768	-0.7265
			-0.9861	0.1659	-0.0062
			-0.1163	-0.7172	-0.6871
			-0.1184	-0.6768	0.7265
			0.9861	-0.1659	0.0062
		b:
			19.3435
			-193.5121
			-75.0499
			133.1085
			-192.2169
			-101.6607
			249.2052
			-135.9475
			-70.9741
			-233.2052
			142.9475
			74.9741
	==================================================================================
	Q4:
		Shape: Hybrid
		q_c:	66.0	65.0	246.5
		ub :	72.1042	72.2876	253.7262
		lb :	59.8958	57.7124	239.2738
		P^-1:
			0.0865	-0.0115	-0.0286
			-0.0115	0.0491	0.0138
			-0.0286	0.0138	0.0648
		A:
			-0.1359	0.9832	0.1219
			0.2418	-0.103	-0.9648
			0.0595	0.6268	0.7769
			-0.5071	0.6051	0.6137
			0.6586	0.1582	-0.7357
			0.9174	-0.3578	0.1741
		b:
			87.9637
			-226.2021
			238.7661
			158.9865
			-125.5816
			82.7129
	==================================================================================
	Q5:
		Shape: Ellipse
		q_c:	101.5	64.0	266.0
		ub :	112.3379	75.6837	277.2662
		lb :	90.6621	52.3163	254.7338
		P^-1:
			0.0224	-0.0014	0.0007
			-0.0014	0.0214	-0.0005
			0.0007	-0.0005	0.0206
	==================================================================================
	Q6:
		Shape: Hybrid
		q_c:	92.5	68.5	246.0
		ub :	102.0091	74.5472	257.453
		lb :	82.9909	62.4528	234.547
		P^-1:
			0.0363	-0.0168	-0.0083
			-0.0168	0.0753	0.0002
			-0.0083	0.0002	0.0131
		A:
			0.4878	-0.4333	-0.7578
			0.2487	-0.7812	-0.5726
			-0.9374	-0.095	0.3352
			-0.4776	0.7621	0.4372
			0.7852	0.3034	-0.5399
			-0.0471	0.954	-0.2962
		b:
			-165.9192
			-167.1217
			-7.113
			118.5438
			-35.3918
			-9.2725


===========================================================================================
===========================================================================================
S20:
	q_c:	480.5	141.0	458.0
	ub :	483.3812	149.654	463.1761
	lb :	471.8864	134.5804	447.677

	==================================================================================
	Q1:
		Shape: Polyhedra
		q_c:	475.0	138.0	451.0
		ub :	478.1136	141.3977	452.7327
		lb :	471.8864	134.6023	449.2673
		A:
			0.2884	0.8038	-0.5203
			-0.04	0.4259	-0.9039
			0.167	0.227	-0.9595
			0.4384	0.6316	-0.6394
			-0.023	-0.5794	0.8147
			0.3208	0.9318	0.1698
			0.7559	0.6328	0.168
			0.6545	-0.7367	-0.1699
			0.0163	0.2384	-0.971
			-0.7559	-0.6328	-0.168
			-0.6545	0.7367	0.1699
			-0.0163	-0.2384	0.971
		b:
			14.754
			-366.7418
			-320.996
			8.2862
			277.8184
			359.5786
			523.647
			135.6107
			-396.2995
			-520.647
			-129.6107
			398.2995
	==================================================================================
	Q2:
		Shape: Polyhedra
		q_c:	479.5	138.0	459.5
		ub :	483.2093	141.4196	463.1761
		lb :	475.7907	134.5804	455.8239
		A:
			-0.8258	-0.4755	-0.3033
			-0.6001	-0.6194	-0.5062
			-0.7547	-0.6159	-0.2258
			-0.0938	-0.1578	0.983
			-0.3788	0.9052	0.1926
			-0.0801	0.3687	0.9261
			0.3886	0.6722	0.6302
			-0.6511	0.6843	-0.3284
			-0.652	-0.2827	0.7035
			-0.3886	-0.6722	-0.6302
			0.6511	-0.6843	0.3284
			0.652	0.2827	-0.7035
		b:
			-598.8299
			-603.7886
			-548.5276
			387.2588
			33.8069
			440.1949
			570.6672
			-366.6697
			-25.8687
			-566.6672
			370.6697
			30.8687
	==================================================================================
	Q3:
		Shape: Polyhedra
		q_c:	479.5	139.0	454.0
		ub :	482.6689	141.0023	457.7041
		lb :	476.3311	136.9977	450.2959
		A:
			-0.6091	0.6552	0.4469
			0.4003	0.8924	-0.2086
			0.1627	0.9728	-0.1649
			0.1865	-0.9363	0.2975
			-0.4573	0.2968	-0.8383
			-0.4702	-0.6512	0.5958
			0.4413	0.2337	0.8664
			-0.8958	0.1722	0.4098
			-0.0534	-0.957	0.2853
			-0.4413	-0.2337	-0.8664
			0.8958	-0.1722	-0.4098
			0.0534	0.957	-0.2853
		b:
			3.8594
			222.5443
			139.4607
			95.47
			-555.976
			-44.0243
			640.4279
			-217.534
			-28.1165
			-634.4279
			221.534
			30.1165
	==================================================================================
	Q4:
		Shape: Polyhedra
		q_c:	480.0	143.0	453.5
		ub :	483.3812	147.0347	457.5017
		lb :	476.6188	138.9653	449.4983
		A:
			-0.6874	0.122	0.7159
			0.1683	-0.4553	-0.8743
			-0.0381	0.1518	0.9877
			-0.8015	0.5177	0.2994
			0.1001	0.2469	0.9639
			-0.0934	-0.7184	-0.6893
			0.1155	0.6844	0.7199
			-0.7842	0.5076	-0.3568
			-0.6096	-0.5234	0.5953
			-0.1155	-0.6844	-0.7199
			0.7842	-0.5076	0.3568
			0.6096	0.5234	-0.5953
		b:
			14.61
			-378.3318
			453.7837
			-172.6758
			522.9355
			-457.6887
			482.2852
			-463.6323
			-94.9884
			-477.2852
			467.6323
			99.9884
	==================================================================================
	Q5:
		Shape: Ellipse
		q_c:	479.5	147.5	455.0
		ub :	482.3386	149.654	457.5432
		lb :	476.6614	145.346	452.4568
		P^-1:
			0.1775	-0.0743	0.0889
			-0.0743	0.6211	-0.3676
			0.0889	-0.3676	0.6113
	==================================================================================
	Q6:
		Shape: Polyhedra
		q_c:	477.5	137.5	450.0
		ub :	479.6754	140.2401	452.323
		lb :	475.3246	134.7599	447.677
		A:
			-0.2667	0.6218	0.7364
			-0.0241	0.0123	-0.9996
			-0.6254	-0.6388	0.448
			-0.4472	0.1598	0.8801
			0.2194	-0.5892	-0.7776
			0.179	-0.2319	-0.9561
			0.0535	0.5968	0.8006
			0.0509	0.799	-0.5991
			-0.9973	0.0728	0.0124
			-0.0535	-0.5968	-0.8006
			-0.0509	-0.799	0.5991
			0.9973	-0.0728	-0.0124
		b:
			290.6439
			-457.9266
			-182.5563
			206.0962
			-325.061
			-375.2494
			468.8704
			-132.9089
			-458.6237
			-466.8704
			137.9089
			462.6237


===========================================================================================
===========================================================================================
S21:
	q_c:	373.5	92.0	90.0
	ub :	396.7105	109.5677	107.3757
	lb :	357.1306	70.0302	67.9659

	==================================================================================
	Q1:
		Shape: Hybrid
		q_c:	368.5	89.5	98.5
		ub :	377.8609	98.4074	107.3757
		lb :	359.1391	80.5926	89.6243
		P^-1:
			0.037	-0.0112	0.0023
			-0.0112	0.0391	0.0001
			0.0023	0.0001	0.0248
		A:
			0.3332	-0.9381	0.0943
			0.0071	-0.9502	-0.3117
			-0.7168	0.0591	-0.6947
			-0.3194	-0.0286	-0.9472
			-0.9927	0.0493	-0.1103
			-0.4445	0.0817	-0.8921
		b:
			50.6638
			-110.028
			-323.9256
			-209.6406
			-369.1589
			-240.6114
	==================================================================================
	Q2:
		Shape: Ellipse
		q_c:	384.0	84.5	89.0
		ub :	396.7105	93.1258	102.0226
		lb :	371.2895	75.8742	75.9774
		P^-1:
			0.0132	-0.0	-0.0023
			-0.0	0.0177	-0.0003
			-0.0023	-0.0003	0.0135
	==================================================================================
	Q3:
		Shape: Hybrid
		q_c:	365.5	83.0	77.0
		ub :	373.8694	89.4225	86.0341
		lb :	357.1306	76.5775	67.9659
		P^-1:
			0.0374	0.0168	-0.0011
			0.0168	0.0899	0.0343
			-0.0011	0.0343	0.0442
		A:
			0.0459	0.6567	0.7527
			0.9811	-0.0928	-0.1698
			-0.0165	-0.8564	-0.516
			0.3305	0.9256	0.1847
			-0.5222	0.5625	0.641
			0.8836	-0.4665	-0.0399
		b:
			131.3419
			341.7454
			-115.2416
			213.6385
			-92.1071
			285.5106
	==================================================================================
	Q4:
		Shape: Polyhedra
		q_c:	387.5	77.0	100.5
		ub :	392.7479	83.9698	106.8233
		lb :	382.2521	70.0302	94.1767
		A:
			0.3325	-0.3234	-0.8859
			-0.4117	-0.7535	-0.5127
			-0.0632	0.4818	0.874
			0.9177	-0.1055	0.383
			0.2694	-0.7553	-0.5974
			0.4672	-0.8555	0.2232
			0.3993	0.8717	0.284
			0.9094	-0.3373	-0.2433
			-0.1163	0.3554	-0.9275
			-0.3993	-0.8717	-0.284
			-0.9094	0.3373	0.2433
			0.1163	-0.3554	0.9275
		b:
			18.9678
			-264.0858
			104.9187
			389.7421
			-9.5521
			141.6636
			255.3788
			304.9858
			-106.4076
			-245.3788
			-298.9858
			115.4076
	==================================================================================
	Q5:
		Shape: Polyhedra
		q_c:	376.0	87.5	84.5
		ub :	382.1185	93.1104	89.9937
		lb :	369.8815	81.8896	79.0063
		A:
			-0.141	-0.8724	-0.4681
			-0.2082	-0.1557	0.9656
			-0.3786	-0.6774	0.6307
			-0.6279	0.5435	-0.5571
			-0.8657	-0.4544	-0.21
			0.3779	-0.2266	0.8977
			0.1858	0.8082	0.5588
			0.9824	-0.1421	-0.1212
			-0.0185	0.5715	-0.8204
			-0.1858	-0.8082	-0.5588
			-0.9824	0.1421	0.1212
			0.0185	-0.5715	0.8204
		b:
			-165.3918
			-6.6087
			-144.5149
			-231.2136
			-378.2459
			201.8417
			191.3036
			352.2154
			-22.7818
			-184.3036
			-341.2154
			29.7818
	==================================================================================
	Q6:
		Shape: Ellipse
		q_c:	382.5	101.5	85.5
		ub :	389.9032	109.5677	94.1364
		lb :	375.0968	93.4323	76.8636
		P^-1:
			0.0323	0.003	-0.0009
			0.003	0.0455	0.0188
			-0.0009	0.0188	0.0415


===========================================================================================
===========================================================================================
S22:
	q_c:	467.0	415.0	485.0
	ub :	485.1884	426.3962	494.0369
	lb :	453.2002	397.0937	466.8497

	==================================================================================
	Q1:
		Shape: Polyhedra
		q_c:	476.0	414.5	480.5
		ub :	483.4852	421.2121	487.3704
		lb :	468.5148	407.7879	473.6296
		A:
			-0.0018	-0.634	-0.7733
			-0.4397	0.7345	0.5169
			0.7215	-0.4766	-0.5023
			-0.2672	-0.5214	-0.8104
			0.8885	-0.4537	0.0694
			0.6511	-0.6236	-0.4327
			0.5499	0.6773	0.4887
			-0.5249	-0.1749	0.833
			0.6497	-0.7146	0.2593
			-0.5499	-0.6773	-0.4887
			0.5249	0.1749	-0.833
			-0.6497	0.7146	-0.2593
		b:
			-631.0647
			347.9227
			-91.0167
			-728.614
			272.6838
			-151.9707
			781.3313
			82.405
			142.1712
			-773.3313
			-73.405
			-133.1712
	==================================================================================
	Q2:
		Shape: Ellipse
		q_c:	478.0	417.0	486.5
		ub :	483.7061	423.6333	493.9608
		lb :	472.2939	410.3667	479.0392
		P^-1:
			0.1119	-0.017	-0.0613
			-0.017	0.0423	0.0089
			-0.0613	0.0089	0.0735
	==================================================================================
	Q3:
		Shape: Ellipse
		q_c:	458.5	405.5	489.0
		ub :	463.7998	410.6924	494.0369
		lb :	453.2002	400.3076	483.9631
		P^-1:
			0.0403	0.0032	0.0018
			0.0032	0.0814	-0.0001
			0.0018	-0.0001	0.0816
	==================================================================================
	Q4:
		Shape: Polyhedra
		q_c:	476.0	404.5	481.5
		ub :	485.1884	411.9063	490.7504
		lb :	466.8116	397.0937	472.2496
		A:
			0.1336	0.881	0.4538
			0.663	-0.7452	0.0711
			-0.7407	-0.1548	-0.6537
			0.5949	0.6563	0.4642
			0.7239	-0.3155	-0.6135
			0.4416	0.3438	0.8287
			0.5079	0.6606	0.5529
			0.7975	-0.118	-0.5916
			-0.3256	0.7414	-0.5868
			-0.5079	-0.6606	-0.5529
			-0.7975	0.118	0.5916
			0.3256	-0.7414	0.5868
		b:
			643.5328
			53.6416
			-725.0441
			777.1377
			-71.9793
			753.2846
			780.171
			53.5505
			-133.1032
			-770.171
			-40.5505
			142.1032
	==================================================================================
	Q5:
		Shape: Ellipse
		q_c:	465.5	419.5	473.0
		ub :	470.7926	426.3962	479.1503
		lb :	460.2074	412.6038	466.8497
		P^-1:
			0.299	-0.0531	-0.1855
			-0.0531	0.0545	0.0209
			-0.1855	0.0209	0.1865
	==================================================================================
	Q6:
		Shape: Ellipse
		q_c:	474.5	414.0	481.5
		ub :	481.0564	421.4745	489.4761
		lb :	467.9436	406.5255	473.5239
		P^-1:
			0.118	-0.0593	0.0108
			-0.0593	0.0731	-0.0049
			0.0108	-0.0049	0.0298


===========================================================================================
===========================================================================================
S23:
	q_c:	218.5	450.0	62.0
	ub :	233.0999	466.6049	75.0754
	lb :	207.6768	433.8481	52.11

	==================================================================================
	Q1:
		Shape: Polyhedra
		q_c:	213.5	439.0	58.0
		ub :	219.3232	444.1519	62.9272
		lb :	207.6768	433.8481	53.0728
		A:
			0.056	0.33	0.9423
			0.2965	-0.1873	0.9365
			-0.0774	0.8232	-0.5624
			0.2594	0.8005	-0.5403
			0.9809	-0.0971	-0.1686
			0.682	-0.6566	0.3222
			0.6908	0.529	0.4928
			-0.474	-0.1834	0.8612
			0.546	-0.8286	0.1241
			-0.6908	-0.529	-0.4928
			0.474	0.1834	-0.8612
			-0.546	0.8286	-0.1241
		b:
			214.9776
			38.7673
			315.245
			378.5904
			160.3247
			-120.8639
			412.3192
			-128.7352
			-236.9761
			-404.3192
			134.7352
			242.9761
	==================================================================================
	Q2:
		Shape: Polyhedra
		q_c:	223.0	444.0	67.5
		ub :	229.8462	451.7986	75.0754
		lb :	216.1538	436.2014	59.9246
		A:
			-0.5467	0.3405	-0.7649
			-0.3013	-0.8359	0.4587
			0.5991	0.0841	-0.7962
			-0.0341	-0.5978	0.8009
			-0.6097	0.732	0.304
			-0.7876	0.542	-0.2932
			0.8459	0.4028	0.3495
			0.0685	-0.732	0.6778
			0.5289	-0.5495	-0.6468
			-0.8459	-0.4028	-0.3495
			-0.0685	0.732	-0.6778
			-0.5289	0.5495	0.6468
		b:
			-17.2052
			-402.2851
			121.3695
			-214.0219
			213.3523
			50.0401
			396.5803
			-258.979
			-166.1836
			-385.5803
			268.979
			173.1836
	==================================================================================
	Q3:
		Shape: Hybrid
		q_c:	227.5	458.0	63.0
		ub :	230.5326	463.1918	67.6316
		lb :	224.4674	452.8082	58.3684
		P^-1:
			0.2397	0.0345	-0.0247
			0.0345	0.0777	0.0137
			-0.0247	0.0137	0.1062
		A:
			-0.8273	-0.3544	-0.4358
			-0.7454	-0.4518	-0.4902
			-0.4947	0.6385	0.5895
			-0.7792	0.5743	0.2508
			-0.1567	-0.3559	-0.9213
			0.2731	-0.8604	-0.4302
		b:
			-376.5929
			-405.8734
			219.0685
			103.5681
			-254.6687
			-356.6264
	==================================================================================
	Q4:
		Shape: Polyhedra
		q_c:	226.0	461.0	59.5
		ub :	233.0999	466.6049	66.89
		lb :	218.9001	455.3951	52.11
		A:
			0.1891	0.9811	-0.0415
			-0.5668	0.1085	-0.8167
			0.498	-0.0993	0.8615
			-0.1386	0.7385	-0.6599
			-0.977	0.1871	-0.1023
			-0.5018	-0.8056	-0.3149
			0.7085	0.5441	0.4494
			-0.4557	-0.1336	0.8801
			0.5389	-0.8283	0.1533
			-0.7085	-0.5441	-0.4494
			0.4557	0.1336	-0.8801
			-0.5389	0.8283	-0.1533
		b:
			496.2602
			-122.4594
			122.3933
			274.4653
			-136.78
			-500.0229
			441.1885
			-106.2016
			-247.4519
			-434.1885
			118.2016
			254.4519
	==================================================================================
	Q5:
		Shape: Hybrid
		q_c:	226.0	447.0	63.0
		ub :	230.7858	452.0687	66.6954
		lb :	221.2142	441.9313	59.3046
		P^-1:
			0.0991	0.0209	-0.0017
			0.0209	0.0744	-0.001
			-0.0017	-0.001	0.0818
		A:
			0.4118	-0.2882	0.8645
			-0.7727	0.496	0.3961
			0.714	0.5139	0.4756
			0.2093	0.7869	0.5805
			0.8868	-0.0936	-0.4526
			-0.1571	-0.677	-0.719
		b:
			20.8159
			74.3116
			422.6727
			437.6742
			131.9427
			-381.37
	==================================================================================
	Q6:
		Shape: Ellipse
		q_c:	220.0	447.0	64.0
		ub :	225.9015	453.1006	71.0139
		lb :	214.0985	440.8994	56.9861
		P^-1:
			0.0426	-0.0116	0.0068
			-0.0116	0.0864	-0.0343
			0.0068	-0.0343	0.0552


===========================================================================================
===========================================================================================
S24:
	q_c:	29.0	83.5	342.0
	ub :	55.0912	110.3161	371.9992
	lb :	-0.3571	55.3083	325.0509

	==================================================================================
	Q1:
		Shape: Ellipse
		q_c:	22.5	95.0	354.5
		ub :	30.5078	102.8197	363.7083
		lb :	14.4922	87.1803	345.2917
		P^-1:
			0.0331	0.0	0.0
			0.0	0.0331	-0.0
			0.0	-0.0	0.0331
	==================================================================================
	Q2:
		Shape: Hybrid
		q_c:	33.5	94.0	343.0
		ub :	48.333	110.3161	358.9229
		lb :	18.667	77.6839	327.0771
		P^-1:
			0.0096	-0.0016	-0.0001
			-0.0016	0.0111	-0.0052
			-0.0001	-0.0052	0.0135
		A:
			-0.6556	0.4844	0.5793
			0.7115	0.5147	-0.4783
			-0.6069	-0.7863	0.1163
			-0.7265	0.2891	-0.6234
			-0.1121	0.0325	0.9932
			-0.2755	-0.7108	-0.6472
		b:
			229.0075
			-86.0006
			-47.1398
			-205.5081
			345.8162
			-289.3528
	==================================================================================
	Q3:
		Shape: Ellipse
		q_c:	26.5	82.0	332.0
		ub :	35.3264	90.9896	338.9491
		lb :	17.6736	73.0104	325.0509
		P^-1:
			0.0554	0.0302	-0.0114
			0.0302	0.0469	0.0132
			-0.0114	0.0132	0.0767
	==================================================================================
	Q4:
		Shape: Polyhedra
		q_c:	13.0	99.0	353.5
		ub :	25.3158	108.9663	363.1438
		lb :	0.6842	89.0337	343.8562
		A:
			-0.1007	-0.9828	-0.1549
			0.5234	-0.1431	0.84
			0.319	0.2256	0.9205
			0.0333	-0.6428	-0.7653
			0.6376	-0.5151	-0.5728
			-0.0736	0.5614	0.8243
			0.2262	0.7533	0.6176
			0.0532	0.6236	-0.78
			-0.9726	0.2092	0.101
			-0.2262	-0.7533	-0.6176
			-0.0532	-0.6236	0.78
			0.9726	-0.2092	-0.101
		b:
			-148.2133
			297.7602
			357.5759
			-329.3998
			-235.8888
			350.8731
			298.8402
			-204.7962
			55.267
			-292.8402
			221.7962
			-32.267
	==================================================================================
	Q5:
		Shape: Ellipse
		q_c:	11.5	71.5	360.5
		ub :	23.3571	82.2881	371.9992
		lb :	-0.3571	60.7119	349.0008
		P^-1:
			0.0093	0.0004	-0.0014
			0.0004	0.0152	-0.0026
			-0.0014	-0.0026	0.0188
	==================================================================================
	Q6:
		Shape: Ellipse
		q_c:	45.0	66.0	335.5
		ub :	55.0912	76.6917	343.6295
		lb :	34.9088	55.3083	327.3705
		P^-1:
			0.0226	-0.0019	0.0009
			-0.0019	0.0226	-0.003
			0.0009	-0.003	0.032


===========================================================================================
===========================================================================================
S25:
	q_c:	396.5	195.0	442.0
	ub :	408.2806	204.6027	452.7569
	lb :	388.3948	185.496	432.1915

	==================================================================================
	Q1:
		Shape: Ellipse
		q_c:	393.5	200.5	440.0
		ub :	398.6052	203.0266	444.525
		lb :	388.3948	197.9734	435.475
		P^-1:
			0.087	-0.0763	-0.0082
			-0.0763	0.4218	-0.0478
			-0.0082	-0.0478	0.1092
	==================================================================================
	Q2:
		Shape: Ellipse
		q_c:	396.0	199.0	437.5
		ub :	401.2002	203.2761	442.8085
		lb :	390.7998	194.7239	432.1915
		P^-1:
			0.1962	-0.1765	-0.0094
			-0.1765	0.3155	0.029
			-0.0094	0.029	0.0769
	==================================================================================
	Q3:
		Shape: Hybrid
		q_c:	399.5	190.0	445.5
		ub :	404.404	194.504	448.5213
		lb :	394.596	185.496	442.4787
		P^-1:
			0.1008	0.0071	-0.043
			0.0071	0.1066	0.0198
			-0.043	0.0198	0.2354
		A:
			0.1837	-0.9772	0.1068
			-0.242	-0.4599	-0.8544
			-0.7118	0.1505	0.6861
			0.73	0.1203	-0.6728
			0.569	0.1087	-0.8151
			-0.0764	0.4629	-0.8831
		b:
			-62.4738
			-563.2301
			51.321
			16.2047
			-113.9702
			-334.3553
	==================================================================================
	Q4:
		Shape: Hybrid
		q_c:	401.5	197.0	447.0
		ub :	406.358	202.0232	452.7569
		lb :	396.642	191.9768	441.2431
		P^-1:
			0.0992	-0.0088	-0.019
			-0.0088	0.1046	-0.014
			-0.019	-0.014	0.081
		A:
			-0.0273	-0.3255	0.9452
			0.9303	0.3468	0.1197
			0.2345	0.972	-0.0161
			-0.3697	0.906	-0.2059
			0.3029	-0.6355	-0.7102
			0.0097	0.8709	-0.4914
		b:
			349.3235
			497.3137
			280.1958
			-60.5195
			-319.091
			-42.6919
	==================================================================================
	Q5:
		Shape: Polyhedra
		q_c:	403.0	200.0	446.0
		ub :	408.2806	204.6027	451.5849
		lb :	397.7194	195.3973	440.4151
		A:
			-0.1097	-0.9627	-0.2473
			0.2095	-0.94	-0.2692
			0.6744	0.4786	0.5623
			0.7055	0.6751	-0.2157
			-0.8145	-0.5786	0.0429
			-0.3058	0.0497	-0.9508
			0.6832	0.5558	0.4737
			-0.6621	0.1977	0.7229
			0.3081	-0.8075	0.5031
			-0.6832	-0.5558	-0.4737
			0.6621	-0.1977	-0.7229
			-0.3081	0.8075	-0.5031
		b:
			-344.174
			-220.453
			620.7774
			326.1358
			-421.938
			-534.2848
			600.2476
			99.11
			190.0211
			-595.2476
			-91.11
			-184.0211
	==================================================================================
	Q6:
		Shape: Hybrid
		q_c:	394.5	197.0	440.0
		ub :	399.507	202.0436	444.434
		lb :	389.493	191.9564	435.566
		P^-1:
			0.1458	0.0302	0.0675
			0.0302	0.1373	0.0631
			0.0675	0.0631	0.1405
		A:
			-0.8434	0.1323	0.5208
			0.6296	0.4345	0.644
			0.8915	0.139	0.4312
			0.3254	0.561	0.7612
			-0.393	-0.5309	-0.7508
			0.9439	0.178	0.2781
		b:
			-74.9275
			618.3687
			570.145
			574.95
			-588.8945
			531.3242


===========================================================================================
===========================================================================================
