3D_40_20_6_f                l = 3

===========================================================================================
===========================================================================================
S1:
	q_c:    62.5000    102.5000    336.5000
	ub :    69.0000    118.0000    348.0000
	lb :    56.0000    87.0000    325.0000

	==================================================================================
	Q1:
		Shape: Polyhedra
		q_c:    69.0000    101.5000    339.5000
		ub :    72.3811    104.6197    343.0524
		lb :    65.6189    98.3803    335.9476
		A:
			    -0.7082    0.0523    -0.7041
			    -0.2746    0.5145    0.8123
			    -0.5222    -0.8449    -0.1160
			    -0.2131    -0.7197    0.6608
			    -0.9380    0.0494    -0.3431
			    -0.8427    -0.5325    -0.0794
			    0.0966    0.5939    0.7987
			    -0.0819    0.8045    -0.5883
			    -0.9919    -0.0086    0.1263
			    -0.0966    -0.5939    -0.7987
			    0.0819    -0.8045    0.5883
			    0.9919    0.0086    -0.1263
		b:
			    -280.0013
			    311.6418
			    -158.6575
			    138.6963
			    -173.3275
			    -136.3491
			    340.6031
			    -121.7386
			    -23.4298
			    -335.6031
			    125.7386
			    29.4298
	==================================================================================
	Q2:
		Shape: Polyhedra
		q_c:    66.5000    98.5000    338.0000
		ub :    70.7687    102.1949    342.3480
		lb :    62.2313    94.8051    333.6520
		A:
			    0.5215    -0.8046    0.2840
			    -0.5915    0.1729    0.7875
			    0.7192    -0.6032    -0.3449
			    -0.8594    0.1806    0.4783
			    -0.2110    -0.9250    -0.3159
			    0.9808    -0.0412    0.1909
			    0.6163    0.1872    0.7649
			    -0.6448    0.6776    0.3537
			    -0.4521    -0.7112    0.5383
			    -0.6163    -0.1872    -0.7649
			    0.6448    -0.6776    -0.3537
			    0.4521    0.7112    -0.5383
		b:
			    53.7089
			    246.1442
			    -126.1549
			    124.4778
			    -209.4165
			    128.3114
			    320.9717
			    145.4090
			    84.3313
			    -314.9717
			    -141.4090
			    -79.3313
	==================================================================================
	Q3:
		Shape: Hybrid
		q_c:    61.5000    106.0000    334.5000
		ub :    65.2484    109.2991    338.6984
		lb :    57.7516    102.7009    330.3016
		P^-1: 
			    0.3140    0.0096    -0.1807
			    0.0096    0.1115    -0.0105
			    -0.1807    -0.0105    0.1925
		A:
			    -0.5752    0.7488    0.3293
			    0.6604    -0.1381    -0.7381
			    0.3987    0.2926    -0.8691
			    0.9249    0.3590    -0.1248
			    0.9263    -0.2991    -0.2291
			    0.6418    0.6457    -0.4138
		b:
			    155.9257
			    -219.9127
			    -233.5495
			    54.8386
			    -49.9701
			    -29.0655
	==================================================================================
	Q4:
		Shape: Ellipse
		q_c:    64.0000    99.0000    337.5000
		ub :    69.7083    104.4673    342.4424
		lb :    58.2917    93.5327    332.5576
		P^-1: 
			    0.0942    0.0066    -0.0130
			    0.0066    0.0851    -0.0068
			    -0.0130    -0.0068    0.0951
	==================================================================================
	Q5:
		Shape: Ellipse
		q_c:    68.0000    107.0000    330.5000
		ub :    71.6861    110.8654    333.9885
		lb :    64.3139    103.1346    327.0115
		P^-1: 
			    0.1623    -0.0068    0.0126
			    -0.0068    0.1798    -0.0366
			    0.0126    -0.0366    0.2279
	==================================================================================
	Q6:
		Shape: Ellipse
		q_c:    58.5000    96.0000    329.5000
		ub :    62.5917    100.7069    333.1482
		lb :    54.4083    91.2931    325.8518
		P^-1: 
			    0.1128    -0.0294    0.0306
			    -0.0294    0.1427    -0.1511
			    0.0306    -0.1511    0.3625


===========================================================================================
===========================================================================================
S2:
	q_c:    184.5000    417.5000    149.0000
	ub :    204.0000    448.0000    174.0000
	lb :    165.0000    387.0000    124.0000

	==================================================================================
	Q1:
		Shape: Polyhedra
		q_c:    178.5000    433.0000    162.5000
		ub :    188.2694    445.4894    175.2016
		lb :    168.7306    420.5106    149.7984
		A:
			    -0.1431    0.9514    0.2728
			    -0.7407    0.6715    -0.0207
			    -0.7730    -0.1042    -0.6258
			    -0.4879    0.8724    0.0299
			    0.6374    0.0893    -0.7654
			    0.3688    0.1692    -0.9140
			    0.7860    0.3665    0.4979
			    -0.6175    0.5042    0.6037
			    -0.0298    -0.7820    0.6226
			    -0.7860    -0.3665    -0.4979
			    0.6175    -0.5042    -0.6037
			    0.0298    0.7820    -0.6226
		b:
			    437.9950
			    162.3210
			    -277.6586
			    302.9237
			    35.2603
			    -1.8166
			    386.8934
			    212.6829
			    -234.2491
			    -372.8934
			    -199.6829
			    251.2491
	==================================================================================
	Q2:
		Shape: Ellipse
		q_c:    187.0000    433.0000    168.5000
		ub :    192.6669    440.1674    176.6269
		lb :    181.3331    425.8326    160.3731
		P^-1: 
			    0.0801    0.0046    -0.0079
			    0.0046    0.0671    0.0247
			    -0.0079    0.0247    0.0397
	==================================================================================
	Q3:
		Shape: Polyhedra
		q_c:    195.5000    422.0000    136.5000
		ub :    202.8743    428.9562    146.0673
		lb :    188.1257    415.0438    126.9327
		A:
			    -0.4247    0.8236    -0.3758
			    -0.1141    0.7933    -0.5981
			    0.0266    -0.8763    0.4810
			    -0.3874    0.7715    -0.5047
			    -0.6418    0.6489    -0.4087
			    -0.5842    0.7734    -0.2460
			    0.3216    0.5767    0.7510
			    -0.3631    0.8076    -0.4646
			    -0.8745    -0.1233    0.4691
			    -0.3216    -0.5767    -0.7510
			    0.3631    -0.8076    0.4646
			    0.8745    0.1233    -0.4691
		b:
			    214.8700
			    232.7469
			    -296.6274
			    182.5618
			    94.8481
			    180.6748
			    417.7384
			    207.9054
			    -154.4535
			    -399.7384
			    -204.9054
			    163.4535
	==================================================================================
	Q4:
		Shape: Polyhedra
		q_c:    188.5000    410.5000    150.5000
		ub :    201.3550    422.9565    159.3891
		lb :    175.6450    398.0435    141.6109
		A:
			    0.7236    -0.2906    0.6260
			    -0.4534    0.3041    -0.8378
			    0.4045    0.5226    0.7505
			    -0.0903    0.0269    -0.9956
			    -0.9377    -0.3461    0.0312
			    -0.2357    -0.6426    0.7290
			    0.6589    0.7516    0.0315
			    0.6735    -0.5707    -0.4699
			    -0.3352    0.3308    -0.8822
			    -0.6589    -0.7516    -0.0315
			    -0.6735    0.5707    0.4699
			    0.3352    -0.3308    0.8822
		b:
			    117.0338
			    -82.1442
			    410.4404
			    -150.1104
			    -306.4867
			    -192.7883
			    444.4704
			    -168.0284
			    -55.6522
			    -430.4704
			    188.0284
			    64.6522
	==================================================================================
	Q5:
		Shape: Polyhedra
		q_c:    191.0000    418.5000    128.0000
		ub :    202.3113    428.7080    137.6208
		lb :    179.6887    408.2920    118.3792
		A:
			    -0.6532    -0.1135    0.7486
			    -0.9209    0.2810    0.2700
			    0.4897    0.3025    -0.8178
			    0.3827    -0.3651    -0.8487
			    -0.1759    0.1948    -0.9650
			    0.5946    0.4943    -0.6341
			    0.9394    0.2229    0.2605
			    0.1088    -0.9144    0.3900
			    0.3251    -0.3380    -0.8832
			    -0.9394    -0.2229    -0.2605
			    -0.1088    0.9144    -0.3900
			    -0.3251    0.3380    0.8832
		b:
			    -70.0931
			    -15.8724
			    121.6378
			    -183.2870
			    -69.1138
			    246.4362
			    315.5415
			    -304.9678
			    -187.4109
			    -296.5415
			    318.9678
			    197.4109
	==================================================================================
	Q6:
		Shape: Ellipse
		q_c:    196.5000    425.5000    166.5000
		ub :    206.4344    438.3290    173.7936
		lb :    186.5656    412.6710    159.2064
		P^-1: 
			    0.0525    0.0134    0.0422
			    0.0134    0.0117    0.0140
			    0.0422    0.0140    0.0750


===========================================================================================
===========================================================================================
S3:
	q_c:    521.5000    166.5000    119.0000
	ub :    546.0000    182.0000    131.0000
	lb :    497.0000    151.0000    107.0000

	==================================================================================
	Q1:
		Shape: Polyhedra
		q_c:    518.0000    173.0000    109.0000
		ub :    522.0408    175.8915    114.5227
		lb :    513.9592    170.1085    103.4773
		A:
			    0.5104    0.8014    0.3119
			    -0.6722    -0.7397    0.0335
			    0.4749    -0.4320    0.7667
			    -0.9003    0.0911    0.4256
			    -0.8148    0.4877    -0.3136
			    -0.2819    0.2369    -0.9297
			    0.9553    0.1248    0.2681
			    0.1256    -0.9920    0.0144
			    0.2677    0.0199    -0.9633
			    -0.9553    -0.1248    -0.2681
			    -0.1256    0.9920    -0.0144
			    -0.2677    -0.0199    0.9633
		b:
			    439.5823
			    -469.8013
			    258.5067
			    -400.4578
			    -369.3146
			    -202.0162
			    548.1484
			    -102.4903
			    42.1336
			    -543.1484
			    107.4903
			    -32.1336
	==================================================================================
	Q2:
		Shape: Polyhedra
		q_c:    514.5000    158.5000    122.5000
		ub :    520.1314    163.2989    127.9068
		lb :    508.8686    153.7011    117.0932
		A:
			    0.3691    0.8865    -0.2791
			    0.5753    0.7967    0.1849
			    -0.0957    -0.9945    0.0423
			    0.3542    0.7442    -0.5663
			    0.1324    0.8246    -0.5500
			    0.5485    0.6581    -0.5158
			    0.6792    0.6038    0.4171
			    0.1795    -0.6878    0.7033
			    0.7116    -0.4028    -0.5756
			    -0.6792    -0.6038    -0.4171
			    -0.1795    0.6878    -0.7033
			    -0.7116    0.4028    0.5756
		b:
			    298.2480
			    446.9451
			    -199.1376
			    233.2789
			    133.4785
			    326.2796
			    498.2789
			    71.5132
			    237.2625
			    -494.2789
			    -67.5132
			    -226.2625
	==================================================================================
	Q3:
		Shape: Ellipse
		q_c:    516.0000    157.5000    108.5000
		ub :    525.4817    166.7424    115.9040
		lb :    506.5183    148.2576    101.0960
		P^-1: 
			    0.0303    0.0075    -0.0012
			    0.0075    0.0323    -0.0023
			    -0.0012    -0.0023    0.0341
	==================================================================================
	Q4:
		Shape: Hybrid
		q_c:    530.5000    166.5000    118.0000
		ub :    535.5132    171.1051    123.2166
		lb :    525.4868    161.8949    112.7834
		P^-1: 
			    0.1588    0.0654    0.0810
			    0.0654    0.2031    -0.0581
			    0.0810    -0.0581    0.1780
		A:
			    -0.8604    -0.1370    -0.4908
			    0.8787    0.3334    -0.3415
			    -0.5062    -0.5524    -0.6623
			    -0.5794    -0.8149    0.0147
			    0.3854    0.4837    -0.7858
			    -0.3725    0.7845    -0.4958
		b:
			    -535.9521
			    483.8615
			    -437.1887
			    -440.3301
			    194.2238
			    -124.0069
	==================================================================================
	Q5:
		Shape: Ellipse
		q_c:    529.0000    168.5000    120.0000
		ub :    538.3344    177.4427    129.1863
		lb :    519.6656    159.5573    110.8137
		P^-1: 
			    0.0321    -0.0041    -0.0070
			    -0.0041    0.0378    -0.0037
			    -0.0070    -0.0037    0.0337
	==================================================================================
	Q6:
		Shape: Ellipse
		q_c:    533.0000    175.0000    112.0000
		ub :    539.2895    184.1228    120.8404
		lb :    526.7105    165.8772    103.1596
		P^-1: 
			    0.0718    -0.0203    0.0050
			    -0.0203    0.0361    -0.0041
			    0.0050    -0.0041    0.0252


===========================================================================================
===========================================================================================
S4:
	q_c:    246.0000    264.0000    123.0000
	ub :    260.0000    269.0000    138.0000
	lb :    232.0000    259.0000    108.0000

	==================================================================================
	Q1:
		Shape: Polyhedra
		q_c:    247.5000    266.5000    127.5000
		ub :    250.7872    270.1931    131.0391
		lb :    244.2128    262.8069    123.9609
		A:
			    -0.7991    0.1284    0.5873
			    0.1240    0.2772    -0.9528
			    0.8022    0.0884    -0.5905
			    0.1995    0.5422    -0.8163
			    0.6945    0.6693    -0.2638
			    -0.3944    0.2024    -0.8964
			    0.1800    0.8325    0.5240
			    0.6238    0.3152    -0.7152
			    -0.7605    0.4556    -0.4626
			    -0.1800    -0.8325    -0.5240
			    -0.6238    -0.3152    0.7152
			    0.7605    -0.4556    0.4626
		b:
			    -86.9242
			    -15.0863
			    148.4568
			    91.5620
			    318.4994
			    -155.6493
			    335.7241
			    148.7197
			    -123.2888
			    -330.7241
			    -145.7197
			    128.2888
	==================================================================================
	Q2:
		Shape: Polyhedra
		q_c:    242.0000    268.0000    126.5000
		ub :    245.2298    271.9013    130.2352
		lb :    238.7702    264.0987    122.7648
		A:
			    -0.3953    -0.9086    0.1352
			    0.6589    0.2765    0.6996
			    -0.9627    -0.2656    -0.0514
			    -0.0294    -0.9621    0.2710
			    0.6857    -0.2811    -0.6715
			    -0.6480    0.2854    0.7061
			    0.5408    0.7518    0.3772
			    0.7384    -0.2096    -0.6409
			    -0.4028    0.6252    -0.6685
			    -0.5408    -0.7518    -0.3772
			    -0.7384    0.2096    0.6409
			    0.4028    -0.6252    0.6685
		b:
			    -319.6069
			    324.6068
			    -308.8093
			    -227.7090
			    6.6675
			    10.0336
			    382.0818
			    42.4459
			    -11.0017
			    -378.0818
			    -40.4459
			    18.0017
	==================================================================================
	Q3:
		Shape: Polyhedra
		q_c:    241.5000    268.0000    123.5000
		ub :    245.6837    271.8177    128.1301
		lb :    237.3163    264.1823    118.8699
		A:
			    -0.4348    -0.5826    -0.6866
			    0.0676    0.7796    0.6226
			    0.6706    -0.1820    -0.7191
			    -0.0621    0.9948    0.0804
			    0.2515    -0.6221    -0.7414
			    -0.1303    -0.9905    0.0449
			    0.3052    0.8137    0.4947
			    0.3879    0.3682    -0.8450
			    -0.8697    0.4498    -0.2033
			    -0.3052    -0.8137    -0.4947
			    -0.3879    -0.3682    0.8450
			    0.8697    -0.4498    0.2033
		b:
			    -344.2100
			    303.8769
			    27.8478
			    263.6110
			    -195.0892
			    -289.0258
			    354.3746
			    92.0026
			    -112.1017
			    -351.3746
			    -84.0026
			    117.1017
	==================================================================================
	Q4:
		Shape: Ellipse
		q_c:    248.5000    260.5000    123.0000
		ub :    252.6277    266.2890    127.9309
		lb :    244.3723    254.7110    118.0691
		P^-1: 
			    0.1439    0.0378    0.0096
			    0.0378    0.0649    0.0015
			    0.0096    0.0015    0.0631
	==================================================================================
	Q5:
		Shape: Polyhedra
		q_c:    249.5000    258.5000    121.0000
		ub :    252.7444    262.0042    123.5948
		lb :    246.2556    254.9958    118.4052
		A:
			    -0.9091    -0.2474    -0.3352
			    -0.7981    -0.2756    0.5358
			    -0.0834    0.0638    -0.9945
			    -0.5270    -0.7007    0.4809
			    0.3046    0.9158    0.2619
			    0.0090    0.2283    0.9735
			    0.7196    0.6630    0.2065
			    0.0597    -0.3553    0.9328
			    0.6919    -0.6589    -0.2952
			    -0.7196    -0.6630    -0.2065
			    -0.0597    0.3553    -0.9328
			    -0.6919    0.6589    0.2952
		b:
			    -329.5602
			    -203.4969
			    -123.0434
			    -252.9304
			    346.3432
			    180.9441
			    377.4072
			    37.4071
			    -30.4353
			    -374.4072
			    -34.4071
			    36.4353
	==================================================================================
	Q6:
		Shape: Ellipse
		q_c:    245.5000    271.0000    126.0000
		ub :    249.8617    275.2626    130.8487
		lb :    241.1383    266.7374    121.1513
		P^-1: 
			    0.1938    -0.0601    -0.0460
			    -0.0601    0.1465    0.0166
			    -0.0460    0.0166    0.1024


===========================================================================================
===========================================================================================
S5:
	q_c:    314.0000    182.0000    81.5000
	ub :    334.0000    210.0000    109.0000
	lb :    294.0000    154.0000    54.0000

	==================================================================================
	Q1:
		Shape: Polyhedra
		q_c:    317.0000    197.5000    71.5000
		ub :    323.4246    200.9754    77.2030
		lb :    310.5754    194.0246    65.7970
		A:
			    0.1472    -0.9197    -0.3639
			    0.1624    -0.9714    0.1731
			    -0.7780    0.5891    -0.2185
			    0.5043    0.8084    -0.3036
			    -0.7480    0.6276    0.2160
			    -0.4560    -0.6630    -0.5937
			    0.0941    0.9250    0.3682
			    0.8811    0.0948    -0.4634
			    -0.4635    0.3680    -0.8061
			    -0.0941    -0.9250    -0.3682
			    -0.8811    -0.0948    0.4634
			    0.4635    -0.3680    0.8061
		b:
			    -158.7153
			    -125.6079
			    -142.1286
			    301.8075
			    -93.5150
			    -315.5104
			    240.8242
			    270.4021
			    -128.8990
			    -236.8242
			    -259.4021
			    134.8990
	==================================================================================
	Q2:
		Shape: Hybrid
		q_c:    309.5000    169.0000    75.5000
		ub :    319.4358    176.5174    85.8321
		lb :    299.5642    161.4826    65.1679
		P^-1: 
			    0.0289    0.0187    0.0098
			    0.0187    0.0618    0.0217
			    0.0098    0.0217    0.0318
		A:
			    0.6723    0.7168    0.1847
			    -0.3883    0.8319    0.3963
			    0.1864    0.7556    -0.6279
			    0.3816    0.5067    0.7731
			    0.7324    -0.1453    -0.6652
			    -0.7073    0.7063    0.0297
		b:
			    345.6655
			    54.0950
			    142.7592
			    264.7947
			    157.1070
			    -92.3489
	==================================================================================
	Q3:
		Shape: Polyhedra
		q_c:    325.5000    183.5000    72.0000
		ub :    334.8312    191.7622    83.3110
		lb :    316.1688    175.2378    60.6890
		A:
			    -0.7599    0.3184    0.5667
			    0.4904    -0.7218    0.4884
			    -0.5991    -0.5911    0.5400
			    0.3083    -0.5508    0.7756
			    -0.5860    0.5976    -0.5472
			    -0.2484    0.9551    -0.1616
			    0.8895    0.2389    0.3895
			    0.0308    -0.8819    0.4705
			    0.4559    -0.4065    -0.7918
			    -0.8895    -0.2389    -0.3895
			    -0.0308    0.8819    -0.4705
			    -0.4559    0.4065    0.7918
		b:
			    -139.1007
			    66.4969
			    -258.8854
			    59.6843
			    -116.1303
			    87.5909
			    366.9123
			    -114.4214
			    26.2990
			    -355.9123
			    121.4214
			    -7.2990
	==================================================================================
	Q4:
		Shape: Hybrid
		q_c:    332.5000    178.0000    70.5000
		ub :    341.2475    181.8948    76.3821
		lb :    323.7525    174.1052    64.6179
		P^-1: 
			    0.0238    0.0070    0.0298
			    0.0070    0.1391    0.0232
			    0.0298    0.0232    0.1238
		A:
			    0.1397    -0.2286    0.9634
			    0.0902    0.0860    0.9922
			    -0.4232    -0.7563    -0.4989
			    -0.7555    -0.5678    -0.3269
			    -0.1654    -0.0542    -0.9847
			    0.0682    -0.9976    -0.0116
		b:
			    75.4641
			    117.0551
			    -308.5152
			    -371.0983
			    -132.4456
			    -154.1842
	==================================================================================
	Q5:
		Shape: Hybrid
		q_c:    321.0000    195.0000    71.5000
		ub :    328.6401    201.5736    78.9076
		lb :    313.3599    188.4264    64.0924
		P^-1: 
			    0.0475    -0.0003    0.0231
			    -0.0003    0.0837    -0.0298
			    0.0231    -0.0298    0.0702
		A:
			    -0.3110    0.7303    -0.6083
			    0.2324    -0.1674    0.9581
			    0.0627    0.9679    -0.2435
			    0.3078    0.6707    -0.6749
			    0.2820    0.4870    0.8266
			    -0.6634    0.2988    0.6860
		b:
			    0.6106
			    112.7267
			    193.3184
			    183.6251
			    247.5402
			    -101.1253
	==================================================================================
	Q6:
		Shape: Polyhedra
		q_c:    330.5000    174.0000    75.0000
		ub :    336.9913    182.4353    84.4748
		lb :    324.0087    165.5647    65.5252
		A:
			    0.8259    0.4659    -0.3175
			    0.5707    -0.8201    -0.0426
			    0.3481    0.3196    0.8813
			    -0.0310    -0.6396    -0.7680
			    0.5860    -0.8036    -0.1041
			    -0.8844    -0.4461    0.1370
			    0.0806    0.8858    0.4571
			    -0.4096    0.4475    -0.7949
			    -0.9087    -0.1232    0.3989
			    -0.0806    -0.8858    -0.4571
			    0.4096    -0.4475    0.7949
			    0.9087    0.1232    -0.3989
		b:
			    334.0625
			    48.4491
			    243.0319
			    -173.5328
			    51.6095
			    -355.7465
			    220.5490
			    -110.1398
			    -288.3278
			    -209.5490
			    124.1398
			    295.3278


===========================================================================================
===========================================================================================
S6:
	q_c:    72.5000    136.5000    198.5000
	ub :    92.0000    154.0000    222.0000
	lb :    53.0000    119.0000    175.0000

	==================================================================================
	Q1:
		Shape: Hybrid
		q_c:    90.5000    140.0000    198.5000
		ub :    99.8422    150.1811    207.6750
		lb :    81.1578    129.8189    189.3250
		P^-1: 
			    0.0344    0.0106    0.0165
			    0.0106    0.0295    0.0109
			    0.0165    0.0109    0.0427
		A:
			    -0.9658    -0.1196    0.2302
			    0.8056    0.1516    0.5727
			    0.4712    0.2710    -0.8393
			    -0.4065    -0.4169    -0.8130
			    -0.0425    0.9168    0.3970
			    0.0703    0.5745    0.8155
		b:
			    -54.0411
			    210.3472
			    -81.4811
			    -254.3868
			    207.1757
			    251.6406
	==================================================================================
	Q2:
		Shape: Hybrid
		q_c:    90.0000    143.5000    183.5000
		ub :    98.5826    152.8899    190.4299
		lb :    81.4174    134.1101    176.5701
		P^-1: 
			    0.0497    0.0245    -0.0139
			    0.0245    0.0398    -0.0307
			    -0.0139    -0.0307    0.0866
		A:
			    -0.1116    -0.5241    0.8443
			    0.4788    -0.2255    -0.8485
			    0.6319    0.6532    0.4172
			    0.2930    -0.3461    0.8913
			    -0.2245    -0.1278    0.9661
			    0.3504    0.1737    0.9203
		b:
			    71.4928
			    -140.7943
			    230.6525
			    142.6682
			    140.9273
			    228.2263
	==================================================================================
	Q3:
		Shape: Hybrid
		q_c:    84.0000    147.0000    203.0000
		ub :    94.1069    156.7726    214.1253
		lb :    73.8931    137.2274    191.8747
		P^-1: 
			    0.0243    -0.0098    0.0082
			    -0.0098    0.0326    -0.0124
			    0.0082    -0.0124    0.0281
		A:
			    -0.1164    0.5197    -0.8464
			    -0.1363    0.2142    0.9672
			    0.3210    -0.9030    0.2856
			    0.5232    0.6227    -0.5818
			    -0.2394    0.5053    -0.8291
			    0.8471    0.5005    -0.1788
		b:
			    -102.1971
			    221.3413
			    -45.0208
			    21.9594
			    -111.3539
			    113.6636
	==================================================================================
	Q4:
		Shape: Ellipse
		q_c:    62.5000    140.0000    212.5000
		ub :    72.4631    149.3304    222.0042
		lb :    52.5369    130.6696    202.9958
		P^-1: 
			    0.0321    -0.0065    -0.0038
			    -0.0065    0.0342    -0.0053
			    -0.0038    -0.0053    0.0271
	==================================================================================
	Q5:
		Shape: Hybrid
		q_c:    73.0000    122.5000    194.5000
		ub :    80.8753    130.9784    203.4385
		lb :    65.1247    114.0216    185.5615
		P^-1: 
			    0.0506    -0.0128    0.0098
			    -0.0128    0.0397    -0.0033
			    0.0098    -0.0033    0.0330
		A:
			    0.3919    -0.5665    0.7249
			    -0.8703    -0.0813    -0.4859
			    -0.5424    0.0407    -0.8392
			    -0.8300    0.1342    -0.5414
			    0.4056    -0.5215    -0.7507
			    0.9807    0.1181    -0.1560
		b:
			    102.9151
			    -165.4175
			    -194.9783
			    -147.1597
			    -176.7478
			    58.8330
	==================================================================================
	Q6:
		Shape: Ellipse
		q_c:    84.5000    131.0000    192.5000
		ub :    93.9106    136.3523    199.2684
		lb :    75.0894    125.6477    185.7316
		P^-1: 
			    0.1267    -0.1374    -0.0805
			    -0.1374    0.3792    -0.0713
			    -0.0805    -0.0713    0.1986


===========================================================================================
===========================================================================================
S7:
	q_c:    77.5000    274.5000    441.0000
	ub :    107.0000    297.0000    457.0000
	lb :    48.0000    252.0000    425.0000

	==================================================================================
	Q1:
		Shape: Hybrid
		q_c:    72.5000    268.0000    432.5000
		ub :    84.1970    280.4083    445.5524
		lb :    60.8030    255.5917    419.4476
		P^-1: 
			    0.0216    -0.0003    -0.0035
			    -0.0003    0.0200    0.0041
			    -0.0035    0.0041    0.0115
		A:
			    -0.2522    0.7654    -0.5920
			    0.6387    -0.7526    0.1601
			    0.9537    -0.2359    0.1867
			    -0.3005    0.9480    0.1048
			    -0.7232    -0.6906    -0.0050
			    -0.1728    0.5407    0.8233
		b:
			    -62.7914
			    -81.4037
			    91.1084
			    281.4916
			    -235.9489
			    493.0738
	==================================================================================
	Q2:
		Shape: Polyhedra
		q_c:    75.5000    282.5000    446.0000
		ub :    89.2862    295.6547    457.4294
		lb :    61.7138    269.3453    434.5706
		A:
			    -0.2186    0.6487    -0.7290
			    0.4160    -0.0813    0.9057
			    -0.1384    -0.6843    0.7160
			    0.7859    -0.1250    0.6056
			    -0.9958    0.0685    -0.0610
			    0.8703    -0.4916    0.0310
			    0.5327    0.8409    0.0952
			    0.6189    -0.3105    -0.7215
			    -0.5772    0.4433    -0.6858
			    -0.5327    -0.8409    -0.0952
			    -0.6189    0.3105    0.7215
			    0.5772    -0.4433    0.6858
		b:
			    -151.0577
			    419.6837
			    123.4529
			    301.4435
			    -75.1885
			    -51.8528
			    329.2202
			    -354.7658
			    -217.2376
			    -311.2202
			    370.7658
			    231.2376
	==================================================================================
	Q3:
		Shape: Hybrid
		q_c:    72.0000    282.0000    429.5000
		ub :    80.2700    291.6589    438.4180
		lb :    63.7300    272.3411    420.5820
		P^-1: 
			    0.0460    -0.0187    -0.0211
			    -0.0187    0.0393    0.0177
			    -0.0211    0.0177    0.0436
		A:
			    0.8803    -0.2174    -0.4218
			    0.3246    -0.7209    -0.6123
			    0.7775    -0.5836    -0.2344
			    -0.0986    0.9750    0.1992
			    -0.7043    0.6955    -0.1421
			    -0.9335    0.1753    0.3130
		b:
			    -176.6371
			    -440.6560
			    -206.9286
			    356.9484
			    87.8274
			    119.3954
	==================================================================================
	Q4:
		Shape: Ellipse
		q_c:    95.0000    265.0000    454.5000
		ub :    103.2168    273.2629    461.4019
		lb :    86.7832    256.7371    447.5981
		P^-1: 
			    0.0320    0.0029    -0.0003
			    0.0029    0.0248    0.0009
			    -0.0003    0.0009    0.0330
	==================================================================================
	Q5:
		Shape: Hybrid
		q_c:    82.0000    270.5000    430.0000
		ub :    86.2456    276.1832    435.8180
		lb :    77.7544    264.8168    424.1820
		P^-1: 
			    0.1111    -0.0000    -0.0001
			    -0.0000    0.1013    -0.0226
			    -0.0001    -0.0226    0.0592
		A:
			    0.5871    0.6306    0.5075
			    0.8820    0.2588    0.3939
			    -0.1750    0.9839    0.0372
			    0.4861    0.8664    -0.1144
			    0.9292    -0.3305    0.1655
			    -0.4126    -0.8965    0.1615
		b:
			    439.3185
			    313.5763
			    269.5934
			    226.6503
			    59.4481
			    -205.2810
	==================================================================================
	Q6:
		Shape: Polyhedra
		q_c:    72.0000    290.5000    441.0000
		ub :    81.6981    296.1805    448.1804
		lb :    62.3019    284.8195    433.8196
		A:
			    0.0473    -0.9507    0.3066
			    -0.0663    0.9729    -0.2217
			    -0.6828    0.3264    0.6537
			    0.5580    0.2963    0.7751
			    0.5932    -0.3622    -0.7190
			    -0.0601    0.7413    -0.6684
			    0.2725    0.9583    0.0856
			    0.2724    0.0085    -0.9621
			    -0.9228    0.2855    -0.2588
			    -0.2725    -0.9583    -0.0856
			    -0.2724    -0.0085    0.9621
			    0.9228    -0.2855    0.2588
		b:
			    -132.9492
			    184.6297
			    339.9658
			    474.1896
			    -373.8777
			    -78.5160
			    339.2717
			    -397.2213
			    -89.6250
			    -332.2717
			    407.2213
			    105.6250


===========================================================================================
===========================================================================================
S8:
	q_c:    462.5000    213.0000    57.5000
	ub :    492.0000    228.0000    71.0000
	lb :    433.0000    198.0000    44.0000

	==================================================================================
	Q1:
		Shape: Ellipse
		q_c:    469.0000    197.5000    52.0000
		ub :    477.3649    207.0379    61.0948
		lb :    460.6351    187.9621    42.9052
		P^-1: 
			    0.0400    -0.0105    -0.0062
			    -0.0105    0.0351    -0.0009
			    -0.0062    -0.0009    0.0310
	==================================================================================
	Q2:
		Shape: Polyhedra
		q_c:    465.5000    204.5000    71.5000
		ub :    473.2297    211.0255    78.6476
		lb :    457.7703    197.9745    64.3524
		A:
			    0.0618    0.5389    -0.8401
			    0.6296    -0.7769    -0.0052
			    0.2579    0.6686    0.6974
			    0.1876    -0.4712    0.8618
			    -0.6598    -0.6133    -0.4343
			    -0.1434    -0.9894    -0.0211
			    0.4703    0.2107    0.8570
			    -0.5447    0.8333    0.0941
			    -0.6943    -0.5110    0.5067
			    -0.4703    -0.2107    -0.8570
			    0.5447    -0.8333    -0.0941
			    0.6943    0.5110    -0.5067
		b:
			    83.7674
			    137.3433
			    311.3650
			    57.3550
			    -458.6345
			    -266.3815
			    328.2998
			    -72.9309
			    -386.4822
			    -318.2998
			    79.9309
			    396.4822
	==================================================================================
	Q3:
		Shape: Hybrid
		q_c:    454.5000    199.0000    54.5000
		ub :    463.5707    204.1113    63.7773
		lb :    445.4293    193.8887    45.2227
		P^-1: 
			    0.0487    -0.0142    0.0311
			    -0.0142    0.0953    -0.0181
			    0.0311    -0.0181    0.0452
		A:
			    -0.4505    0.8208    -0.3513
			    -0.8325    0.5343    -0.1465
			    -0.3395    0.9359    -0.0938
			    -0.2894    -0.6993    -0.6537
			    0.1057    -0.8547    0.5082
			    0.8546    -0.3484    0.3851
		b:
			    -59.0043
			    -276.8383
			    28.7911
			    -303.2490
			    -92.2647
			    342.6138
	==================================================================================
	Q4:
		Shape: Ellipse
		q_c:    455.0000    214.0000    54.0000
		ub :    462.2209    222.5224    59.4800
		lb :    447.7791    205.4776    48.5200
		P^-1: 
			    0.0257    0.0052    0.0158
			    0.0052    0.0272    0.0389
			    0.0158    0.0389    0.1463
	==================================================================================
	Q5:
		Shape: Polyhedra
		q_c:    450.0000    224.0000    58.5000
		ub :    458.4879    231.2734    67.6146
		lb :    441.5121    216.7266    49.3854
		A:
			    0.1752    -0.7824    0.5976
			    -0.8411    -0.4966    -0.2145
			    0.9242    -0.2416    0.2958
			    -0.1115    -0.5353    -0.8373
			    -0.0164    -0.5002    -0.8657
			    0.6709    0.7312    -0.1239
			    0.4451    0.7751    0.4485
			    0.5031    0.1979    -0.8413
			    -0.7408    0.6001    -0.3019
			    -0.4451    -0.7751    -0.4485
			    -0.5031    -0.1979    0.8413
			    0.7408    -0.6001    0.3019
		b:
			    -56.2521
			    -497.4718
			    383.2710
			    -213.6911
			    -164.4659
			    463.9105
			    404.6372
			    228.5217
			    -212.6025
			    -395.6372
			    -214.5217
			    220.6025
	==================================================================================
	Q6:
		Shape: Polyhedra
		q_c:    478.0000    220.5000    55.0000
		ub :    487.1524    232.3284    64.9997
		lb :    468.8476    208.6716    45.0003
		A:
			    0.9984    -0.0056    -0.0561
			    0.3649    -0.5629    -0.7416
			    -0.8114    0.4085    -0.4181
			    -0.0565    -0.7836    -0.6187
			    -0.2505    0.9591    -0.1317
			    -0.6615    0.3113    0.6823
			    0.9060    0.4204    0.0492
			    0.0863    -0.2973    0.9509
			    0.4143    -0.8573    -0.3056
			    -0.9060    -0.4204    -0.0492
			    -0.0863    0.2973    -0.9509
			    -0.4143    0.8573    0.3056
		b:
			    479.0906
			    17.7711
			    -313.5171
			    -225.8899
			    92.7691
			    -202.2602
			    533.9727
			    35.5206
			    0.7092
			    -522.9727
			    -20.5206
			    16.2908


===========================================================================================
===========================================================================================
S9:
	q_c:    127.0000    271.0000    390.0000
	ub :    159.0000    292.0000    401.0000
	lb :    95.0000    250.0000    379.0000

	==================================================================================
	Q1:
		Shape: Polyhedra
		q_c:    134.0000    269.5000    396.0000
		ub :    140.1985    276.2457    401.2901
		lb :    127.8015    262.7543    390.7099
		A:
			    0.3929    0.4462    -0.8041
			    0.2729    0.9617    -0.0253
			    -0.1081    -0.9475    0.3008
			    -0.4818    -0.7908    -0.3775
			    -0.9088    0.1970    0.3679
			    0.1906    0.9207    0.3407
			    0.6123    0.7706    0.1768
			    -0.2548    0.4040    -0.8786
			    -0.7485    0.4929    0.4437
			    -0.6123    -0.7706    -0.1768
			    0.2548    -0.4040    0.8786
			    0.7485    -0.4929    -0.4437
		b:
			    -141.7554
			    290.4581
			    -146.3672
			    -422.2623
			    80.3010
			    413.2075
			    364.7409
			    -269.6733
			    211.2428
			    -354.7409
			    276.6733
			    -205.2428
	==================================================================================
	Q2:
		Shape: Hybrid
		q_c:    128.0000    278.0000    392.0000
		ub :    132.1591    283.2631    397.0506
		lb :    123.8409    272.7369    386.9494
		P^-1: 
			    0.2112    0.0688    0.0180
			    0.0688    0.1266    -0.0178
			    0.0180    -0.0178    0.0858
		A:
			    -0.9268    0.2949    -0.2324
			    0.7694    -0.3313    -0.5461
			    -0.0460    -0.9620    0.2691
			    0.9619    0.2368    0.1368
			    0.2138    0.5531    -0.8052
			    -0.8565    -0.4643    0.2254
		b:
			    -126.0125
			    -205.0962
			    -165.9103
			    243.6924
			    -132.5028
			    -149.2249
	==================================================================================
	Q3:
		Shape: Polyhedra
		q_c:    122.5000    264.0000    389.0000
		ub :    129.5843    269.6409    396.2449
		lb :    115.4157    258.3591    381.7551
		A:
			    0.4029    0.2444    -0.8820
			    0.1191    -0.9794    -0.1628
			    -0.5269    -0.8495    -0.0265
			    0.0238    0.7923    0.6096
			    -0.1322    0.9903    -0.0422
			    -0.9844    0.0685    -0.1618
			    0.6427    0.2399    0.7275
			    -0.7526    0.3750    0.5412
			    -0.1430    -0.8954    0.4216
			    -0.6427    -0.2399    -0.7275
			    0.7526    -0.3750    -0.5412
			    0.1430    0.8954    -0.4216
		b:
			    -225.0165
			    -303.5063
			    -295.5622
			    453.6764
			    232.3596
			    -160.7311
			    429.5894
			    222.3425
			    -86.9139
			    -420.5894
			    -212.3425
			    92.9139
	==================================================================================
	Q4:
		Shape: Polyhedra
		q_c:    133.0000    272.0000    389.0000
		ub :    136.6309    274.4269    392.2102
		lb :    129.3691    269.5731    385.7898
		A:
			    -0.1570    0.9751    -0.1566
			    -0.2206    0.7601    0.6112
			    0.3261    0.9453    -0.0018
			    0.6886    -0.0527    0.7233
			    0.8535    0.2106    0.4766
			    0.7704    -0.5879    0.2467
			    0.4313    0.5196    0.7375
			    -0.8995    0.1845    0.3960
			    0.0697    -0.8342    0.5470
			    -0.4313    -0.5196    -0.7375
			    0.8995    -0.1845    -0.3960
			    -0.0697    0.8342    -0.5470
		b:
			    184.7965
			    417.4867
			    301.3407
			    360.5612
			    358.5375
			    40.7778
			    487.6058
			    87.6011
			    -3.8612
			    -483.6058
			    -81.6011
			    5.8612
	==================================================================================
	Q5:
		Shape: Polyhedra
		q_c:    137.5000    281.5000    385.0000
		ub :    143.2179    287.4350    391.5699
		lb :    131.7821    275.5650    378.4301
		A:
			    0.8495    0.4615    0.2557
			    0.1358    0.6576    0.7410
			    0.4483    -0.8873    0.1083
			    0.4328    -0.6808    0.5910
			    -0.3413    0.6553    0.6738
			    0.4060    0.8999    -0.1590
			    0.5908    0.7396    0.3224
			    0.7344    -0.3275    -0.5944
			    -0.3341    0.5879    -0.7367
			    -0.5908    -0.7396    -0.3224
			    -0.7344    0.3275    0.5944
			    0.3341    -0.5879    0.7367
		b:
			    347.9133
			    492.0650
			    -142.0966
			    100.3456
			    400.2550
			    251.2705
			    416.0537
			    -216.5703
			    -159.0606
			    -411.0537
			    223.5703
			    169.0606
	==================================================================================
	Q6:
		Shape: Polyhedra
		q_c:    131.5000    269.0000    395.5000
		ub :    134.6877    273.8031    400.2895
		lb :    128.3123    264.1969    390.7105
		A:
			    0.6319    -0.1288    0.7643
			    0.2221    -0.5900    0.7763
			    0.7644    0.3397    -0.5480
			    0.5802    0.3754    0.7228
			    0.3712    0.1198    0.9208
			    0.6188    0.7801    0.0919
			    0.8749    0.2928    0.3859
			    -0.0652    -0.7182    0.6928
			    0.4800    -0.6312    -0.6093
			    -0.8749    -0.2928    -0.3859
			    0.0652    0.7182    -0.6928
			    -0.4800    0.6312    0.6093
		b:
			    352.8720
			    180.3853
			    -22.0820
			    465.1813
			    447.7030
			    329.7830
			    347.9172
			    75.2103
			    -344.1410
			    -344.9172
			    -69.2103
			    351.1410


===========================================================================================
===========================================================================================
S10:
	q_c:    415.5000    133.0000    500.0000
	ub :    444.0000    159.0000    520.0000
	lb :    387.0000    107.0000    480.0000

	==================================================================================
	Q1:
		Shape: Polyhedra
		q_c:    399.0000    127.0000    494.5000
		ub :    409.1456    136.0007    502.5238
		lb :    388.8544    117.9993    486.4762
		A:
			    -0.7328    -0.6789    0.0453
			    0.0392    0.9780    -0.2049
			    0.6686    0.7221    -0.1776
			    0.7760    0.6269    -0.0694
			    -0.3058    -0.5572    -0.7720
			    -0.5153    -0.7083    -0.4825
			    0.6032    0.7260    0.3301
			    -0.4809    0.0009    0.8768
			    0.6363    -0.6876    0.3497
			    -0.6032    -0.7260    -0.3301
			    0.4809    -0.0009    -0.8768
			    -0.6363    0.6876    -0.3497
		b:
			    -354.0926
			    46.8702
			    273.4408
			    357.1709
			    -571.8977
			    -532.5197
			    497.6293
			    245.8164
			    350.9714
			    -494.6293
			    -237.8164
			    -327.9714
	==================================================================================
	Q2:
		Shape: Hybrid
		q_c:    400.0000    135.0000    506.0000
		ub :    411.2608    142.0378    517.2175
		lb :    388.7392    127.9622    494.7825
		P^-1: 
			    0.0193    0.0024    0.0026
			    0.0024    0.0323    0.0017
			    0.0026    0.0017    0.0175
		A:
			    0.8100    0.5339    0.2425
			    0.8745    0.4838    0.0350
			    0.1523    0.9694    0.1923
			    0.1202    -0.3505    0.9288
			    0.8907    0.4001    -0.2158
			    -0.5979    0.7903    0.1336
		b:
			    522.4169
			    436.7735
			    291.9024
			    475.4543
			    305.4516
			    -61.0002
	==================================================================================
	Q3:
		Shape: Ellipse
		q_c:    419.0000    152.0000    492.0000
		ub :    426.3478    160.0697    499.9308
		lb :    411.6522    143.9303    484.0692
		P^-1: 
			    0.0582    0.0168    -0.0035
			    0.0168    0.0442    0.0244
			    -0.0035    0.0244    0.0621
	==================================================================================
	Q4:
		Shape: Polyhedra
		q_c:    415.0000    120.5000    485.0000
		ub :    421.2645    128.0230    489.8949
		lb :    408.7355    112.9770    480.1051
		A:
			    -0.3412    0.2180    0.9143
			    0.9187    0.3371    -0.2059
			    -0.7236    0.6470    -0.2402
			    0.3842    0.4042    -0.8301
			    0.8967    -0.1985    0.3957
			    -0.5437    0.7762    -0.3194
			    0.5438    0.8183    0.1861
			    0.8042    -0.4449    -0.3941
			    -0.2397    0.3640    -0.9000
			    -0.5438    -0.8183    -0.1861
			    -0.8042    0.4449    0.3941
			    0.2397    -0.3640    0.9000
		b:
			    331.0257
			    327.0902
			    -336.0652
			    -190.7810
			    543.7338
			    -283.7560
			    421.0553
			    91.5315
			    -489.1255
			    -408.0553
			    -86.5315
			    495.1255
	==================================================================================
	Q5:
		Shape: Ellipse
		q_c:    393.5000    120.0000    499.0000
		ub :    401.3298    127.4033    507.7568
		lb :    385.6702    112.5967    490.2432
		P^-1: 
			    0.0357    0.0044    0.0042
			    0.0044    0.0542    -0.0135
			    0.0042    -0.0135    0.0404
	==================================================================================
	Q6:
		Shape: Ellipse
		q_c:    413.5000    131.0000    503.5000
		ub :    424.5479    142.0721    513.7567
		lb :    402.4521    119.9279    493.2433
		P^-1: 
			    0.0265    -0.0124    0.0028
			    -0.0124    0.0284    0.0006
			    0.0028    0.0006    0.0194


===========================================================================================
===========================================================================================
S11:
	q_c:    522.0000    399.0000    247.0000
	ub :    539.0000    416.0000    258.0000
	lb :    505.0000    382.0000    236.0000

	==================================================================================
	Q1:
		Shape: Polyhedra
		q_c:    533.5000    392.0000    251.0000
		ub :    542.9893    397.9828    259.8465
		lb :    524.0107    386.0172    242.1535
		A:
			    0.4806    0.7173    0.5045
			    -0.2658    0.1789    -0.9473
			    0.1553    -0.9041    0.3981
			    -0.3214    -0.4139    -0.8517
			    -0.5392    -0.7503    -0.3826
			    0.5314    0.4172    0.7373
			    0.5064    0.6326    0.5860
			    0.8174    -0.1357    -0.5598
			    -0.2746    0.7625    -0.5858
			    -0.5064    -0.6326    -0.5860
			    -0.8174    0.1357    0.5598
			    0.2746    -0.7625    0.5858
		b:
			    665.8034
			    -304.7140
			    -166.7693
			    -544.3788
			    -675.6925
			    634.0677
			    666.7148
			    251.3790
			    10.3782
			    -663.7148
			    -233.3790
			    -0.3782
	==================================================================================
	Q2:
		Shape: Hybrid
		q_c:    533.5000    405.5000    255.5000
		ub :    544.9872    413.9342    267.0664
		lb :    522.0128    397.0658    243.9336
		P^-1: 
			    0.0261    -0.0113    -0.0088
			    -0.0113    0.0402    0.0055
			    -0.0088    0.0055    0.0206
		A:
			    -0.3950    0.3742    0.8390
			    -0.2418    0.9570    -0.1601
			    0.5354    -0.2094    -0.8182
			    -0.9431    -0.2487    -0.2206
			    0.8421    -0.3101    -0.4413
			    0.4762    -0.8380    0.2664
		b:
			    159.0650
			    221.1458
			    -4.7397
			    -654.8024
			    213.8754
			    -14.2736
	==================================================================================
	Q3:
		Shape: Polyhedra
		q_c:    511.5000    409.5000    249.5000
		ub :    521.6683    420.2212    257.9323
		lb :    501.3317    398.7788    241.0677
		A:
			    -0.2236    0.4365    -0.8714
			    -0.1661    -0.9440    0.2852
			    0.7642    -0.3826    -0.5193
			    -0.6033    -0.7726    0.1979
			    -0.7170    -0.5331    -0.4491
			    -0.6138    0.2675    -0.7427
			    0.2852    0.6939    0.6612
			    -0.9253    0.3792    0.0011
			    -0.2500    -0.6121    0.7502
			    -0.2852    -0.6939    -0.6612
			    0.9253    -0.3792    -0.0011
			    0.2500    0.6121    -0.7502
		b:
			    -147.1297
			    -394.4632
			    111.7754
			    -569.5729
			    -690.4113
			    -383.0730
			    601.4994
			    -310.2160
			    -185.8244
			    -588.4994
			    325.2160
			    196.8244
	==================================================================================
	Q4:
		Shape: Ellipse
		q_c:    527.0000    392.5000    245.0000
		ub :    535.5452    399.0245    250.1159
		lb :    518.4548    385.9755    239.8841
		P^-1: 
			    0.0803    -0.0200    -0.1516
			    -0.0200    0.0433    0.0360
			    -0.1516    0.0360    0.3764
	==================================================================================
	Q5:
		Shape: Hybrid
		q_c:    512.0000    404.5000    251.0000
		ub :    516.1884    409.2767    255.3229
		lb :    507.8116    399.7233    246.6771
		P^-1: 
			    0.1493    -0.0199    0.0036
			    -0.0199    0.1215    -0.0019
			    0.0036    -0.0019    0.1114
		A:
			    -0.1039    -0.5356    0.8381
			    0.7822    0.6208    0.0514
			    -0.4554    -0.1386    -0.8794
			    -0.4221    0.7612    -0.4923
			    0.3797    0.0452    0.9240
			    -0.5519    0.1957    0.8106
		b:
			    -57.7275
			    666.2104
			    -508.3125
			    -30.2871
			    446.2656
			    1.6610
	==================================================================================
	Q6:
		Shape: Hybrid
		q_c:    526.5000    392.0000    244.0000
		ub :    534.5513    403.5892    255.9069
		lb :    518.4487    380.4108    232.0931
		P^-1: 
			    0.0235    0.0006    0.0011
			    0.0006    0.0157    0.0001
			    0.0011    0.0001    0.0158
		A:
			    -0.3009    -0.9026    -0.3077
			    -0.5176    0.2435    0.8203
			    0.8587    -0.3661    -0.3586
			    0.1859    0.9709    -0.1508
			    -0.1604    -0.4193    -0.8936
			    0.7521    -0.5900    0.2937
		b:
			    -582.8129
			    27.6357
			    224.9522
			    446.3733
			    -462.2290
			    240.3291


===========================================================================================
===========================================================================================
S12:
	q_c:    242.0000    87.0000    150.5000
	ub :    252.0000    108.0000    154.0000
	lb :    232.0000    66.0000    147.0000

	==================================================================================
	Q1:
		Shape: Ellipse
		q_c:    243.0000    87.0000    148.5000
		ub :    245.1154    88.3255    150.8424
		lb :    240.8846    85.6745    146.1576
		P^-1: 
			    0.7176    -0.0356    -0.3616
			    -0.0356    0.9955    -0.0455
			    -0.3616    -0.0455    0.5369
	==================================================================================
	Q2:
		Shape: Ellipse
		q_c:    243.5000    87.0000    151.5000
		ub :    245.2577    88.9448    153.5048
		lb :    241.7423    85.0552    149.4952
		P^-1: 
			    0.7964    -0.1857    -0.1928
			    -0.1857    0.8306    -0.1758
			    -0.1928    -0.1758    0.8175
	==================================================================================
	Q3:
		Shape: Polyhedra
		q_c:    241.5000    88.5000    148.0000
		ub :    244.0664    91.0058    150.3477
		lb :    238.9336    85.9942    145.6523
		A:
			    0.2014    -0.8975    0.3924
			    -0.5030    0.7795    -0.3732
			    0.6742    -0.0599    -0.7361
			    0.3980    0.9145    -0.0731
			    0.2502    0.7710    -0.5856
			    0.3625    -0.8653    -0.3461
			    0.4704    0.6216    0.6264
			    0.6883    -0.7026    0.1804
			    0.5522    0.3463    -0.7584
			    -0.4704    -0.6216    -0.6264
			    -0.6883    0.7026    -0.1804
			    -0.5522    -0.3463    0.7584
		b:
			    28.7793
			    -106.2304
			    50.0796
			    167.7224
			    43.5023
			    -38.7596
			    262.8143
			    132.2407
			    53.2707
			    -259.8143
			    -129.2407
			    -50.2707
	==================================================================================
	Q4:
		Shape: Polyhedra
		q_c:    244.5000    88.0000    153.5000
		ub :    246.5393    89.6101    155.3724
		lb :    242.4607    86.3899    151.6276
		A:
			    -0.7064    0.5044    -0.4966
			    -0.9526    0.0663    0.2969
			    0.3409    -0.9385    -0.0552
			    -0.4133    0.5934    -0.6907
			    -0.6886    0.5784    -0.4374
			    0.7232    0.6457    -0.2450
			    0.7045    0.4871    0.5162
			    0.3887    -0.8733    0.2935
			    0.5938    -0.0061    -0.8046
			    -0.7045    -0.4871    -0.5162
			    -0.3887    0.8733    -0.2935
			    -0.5938    0.0061    0.8046
		b:
			    -203.4111
			    -180.3696
			    -6.6592
			    -153.7846
			    -183.4870
			    197.3003
			    295.8442
			    64.2532
			    22.1429
			    -292.8442
			    -62.2532
			    -20.1429
	==================================================================================
	Q5:
		Shape: Polyhedra
		q_c:    246.0000    90.0000    148.0000
		ub :    248.9042    92.9163    150.9107
		lb :    243.0958    87.0837    145.0893
		A:
			    0.3093    -0.5855    -0.7493
			    0.1046    0.9865    0.1257
			    0.2223    -0.9729    -0.0642
			    0.3439    -0.8502    0.3987
			    -0.7227    -0.2371    0.6492
			    0.2086    -0.7196    -0.6624
			    0.7783    0.4666    0.4201
			    -0.2381    -0.3998    0.8851
			    0.5810    -0.7889    -0.2001
			    -0.7783    -0.4666    -0.4201
			    0.2381    0.3998    -0.8851
			    -0.5810    0.7889    0.2001
		b:
			    -85.7953
			    134.8689
			    -40.7951
			    68.7833
			    -101.1008
			    -109.7941
			    297.6375
			    38.4549
			    43.8024
			    -293.6375
			    -34.4549
			    -40.8024
	==================================================================================
	Q6:
		Shape: Polyhedra
		q_c:    242.0000    84.5000    150.0000
		ub :    244.8635    87.3477    152.6020
		lb :    239.1365    81.6523    147.3980
		A:
			    0.5208    0.0005    0.8537
			    0.8202    -0.0364    -0.5709
			    0.3950    -0.8453    -0.3598
			    0.7002    -0.6891    0.1868
			    -0.3947    0.8477    0.3544
			    0.8841    -0.3578    0.3005
			    0.6762    0.6797    0.2843
			    0.3708    -0.6474    0.6658
			    0.6366    -0.3448    -0.6898
			    -0.6762    -0.6797    -0.2843
			    -0.3708    0.6474    -0.6658
			    -0.6366    0.3448    0.6898
		b:
			    255.8205
			    111.3674
			    -28.2136
			    140.7265
			    30.8579
			    230.3990
			    265.7127
			    136.4083
			    22.9381
			    -261.7127
			    -133.4083
			    -19.9381


===========================================================================================
===========================================================================================
S13:
	q_c:    281.0000    184.5000    467.0000
	ub :    300.0000    212.0000    474.0000
	lb :    262.0000    157.0000    460.0000

	==================================================================================
	Q1:
		Shape: Ellipse
		q_c:    281.0000    184.0000    460.5000
		ub :    282.4348    186.8929    463.9892
		lb :    279.5652    181.1071    457.0108
		P^-1: 
			    2.9400    -1.3644    -0.5057
			    -1.3644    1.5577    0.8249
			    -0.5057    0.8249    0.5839
	==================================================================================
	Q2:
		Shape: Ellipse
		q_c:    274.0000    184.0000    463.0000
		ub :    277.9479    187.2293    466.9861
		lb :    270.0521    180.7707    459.0139
		P^-1: 
			    0.1295    0.0174    0.0416
			    0.0174    0.1863    0.0371
			    0.0416    0.0371    0.2053
	==================================================================================
	Q3:
		Shape: Hybrid
		q_c:    277.0000    180.0000    461.0000
		ub :    281.0360    184.2500    464.8365
		lb :    272.9640    175.7500    457.1635
		P^-1: 
			    0.1120    0.0022    -0.0062
			    0.0022    0.1164    -0.0151
			    -0.0062    -0.0151    0.1538
		A:
			    0.0407    -0.9555    -0.2921
			    0.2505    -0.5677    0.7842
			    -0.3795    -0.8620    0.3360
			    -0.6765    0.2436    0.6949
			    0.3091    -0.0200    -0.9508
			    -0.6794    -0.7074    0.1950
		b:
			    -293.6424
			    330.0836
			    -103.8298
			    178.3649
			    -354.9588
			    -224.0118
	==================================================================================
	Q4:
		Shape: Ellipse
		q_c:    286.5000    183.0000    461.5000
		ub :    289.6946    185.1600    464.4043
		lb :    283.3054    180.8400    458.5957
		P^-1: 
			    0.2321    -0.0206    0.1220
			    -0.0206    0.4425    0.0118
			    0.1220    0.0118    0.3743
	==================================================================================
	Q5:
		Shape: Polyhedra
		q_c:    282.0000    179.0000    463.5000
		ub :    284.1030    181.9516    466.2959
		lb :    279.8970    176.0484    460.7041
		A:
			    -0.0858    0.5278    0.8450
			    -0.9893    -0.0245    0.1435
			    0.7688    0.4097    0.4911
			    -0.6457    0.5185    -0.5605
			    0.9580    0.2182    -0.1859
			    0.7539    -0.2940    -0.5876
			    0.8989    0.0440    0.4360
			    -0.3380    -0.5636    0.7537
			    0.2788    -0.8249    -0.4917
			    -0.8989    -0.0440    -0.4360
			    0.3380    0.5636    -0.7537
			    -0.2788    0.8249    0.4917
		b:
			    464.2220
			    -215.5211
			    519.0597
			    -347.6927
			    224.3239
			    -110.3281
			    464.4345
			    154.6626
			    -294.4291
			    -462.4345
			    -151.6626
			    299.4291
	==================================================================================
	Q6:
		Shape: Polyhedra
		q_c:    278.5000    180.0000    466.5000
		ub :    281.5800    183.4814    470.4212
		lb :    275.4200    176.5186    462.5788
		A:
			    -0.6423    0.7626    -0.0768
			    -0.5353    -0.4855    0.6912
			    0.6309    -0.0702    -0.7727
			    0.5281    0.7338    -0.4273
			    -0.5070    -0.4284    0.7480
			    -0.1673    -0.4592    0.8724
			    0.4402    0.5832    0.6827
			    -0.1391    0.7955    -0.5898
			    -0.8871    0.1646    0.4313
			    -0.4402    -0.5832    -0.6827
			    0.1391    -0.7955    0.5898
			    0.8871    -0.1646    -0.4313
		b:
			    -75.8843
			    87.4493
			    -195.6080
			    81.7111
			    132.1241
			    279.4434
			    549.5574
			    -169.2142
			    -14.7026
			    -542.5574
			    172.2142
			    17.7026


===========================================================================================
===========================================================================================
S14:
	q_c:    210.0000    200.5000    307.5000
	ub :    225.0000    223.0000    329.0000
	lb :    195.0000    178.0000    286.0000

	==================================================================================
	Q1:
		Shape: Polyhedra
		q_c:    211.5000    218.5000    319.5000
		ub :    222.8361    229.0184    328.4581
		lb :    200.1639    207.9816    310.5419
		A:
			    -0.5285    0.5049    0.6824
			    0.6647    0.7217    0.1932
			    0.5365    0.1775    -0.8250
			    -0.1472    -0.8668    -0.4764
			    -0.2255    -0.6471    -0.7283
			    0.2645    -0.7655    0.5865
			    0.0878    0.6079    0.7891
			    -0.7597    0.5533    -0.3416
			    -0.6443    -0.5695    0.5104
			    -0.0878    -0.6079    -0.7891
			    0.7597    -0.5533    0.3416
			    0.6443    0.5695    -0.5104
		b:
			    221.7516
			    366.9747
			    -103.4057
			    -368.6182
			    -418.9649
			    83.7491
			    406.0346
			    -141.9453
			    -88.6209
			    -401.0346
			    155.9453
			    106.6209
	==================================================================================
	Q2:
		Shape: Hybrid
		q_c:    215.5000    182.0000    312.5000
		ub :    223.4857    190.5629    320.3994
		lb :    207.5143    173.4371    304.6006
		P^-1: 
			    0.0178    0.0004    0.0002
			    0.0004    0.0240    -0.0012
			    0.0002    -0.0012    0.0274
		A:
			    -0.4030    -0.3024    0.8638
			    0.6010    -0.4990    -0.6244
			    0.1722    -0.5180    -0.8379
			    0.4029    -0.8481    0.3443
			    0.9104    0.3971    -0.1160
			    0.3002    0.8887    0.3465
		b:
			    131.3104
			    -152.5634
			    -315.6411
			    43.6007
			    236.4829
			    338.2764
	==================================================================================
	Q3:
		Shape: Polyhedra
		q_c:    198.5000    200.5000    318.0000
		ub :    209.3095    210.2376    329.4858
		lb :    187.6905    190.7624    306.5142
		A:
			    0.7826    0.0141    0.6224
			    -0.1994    -0.1212    -0.9724
			    0.4924    0.5823    0.6468
			    0.5363    -0.1247    0.8348
			    -0.7866    0.4352    -0.4380
			    0.0976    -0.5148    -0.8517
			    0.4627    0.6676    0.5833
			    -0.2791    0.7342    -0.6188
			    -0.8414    0.1235    0.5261
			    -0.4627    -0.6676    -0.5833
			    0.2791    -0.7342    0.6188
			    0.8414    -0.1235    -0.5261
		b:
			    362.3834
			    -366.7995
			    425.7191
			    353.3176
			    -201.2014
			    -348.3855
			    416.6901
			    -97.9879
			    32.5348
			    -405.6901
			    111.9879
			    -17.5348
	==================================================================================
	Q4:
		Shape: Ellipse
		q_c:    221.5000    208.0000    296.0000
		ub :    234.2934    218.0139    308.2271
		lb :    208.7066    197.9861    283.7729
		P^-1: 
			    0.0152    -0.0046    0.0077
			    -0.0046    0.0352    -0.0154
			    0.0077    -0.0154    0.0278
	==================================================================================
	Q5:
		Shape: Polyhedra
		q_c:    205.5000    214.0000    314.0000
		ub :    210.6540    219.3498    320.1751
		lb :    200.3460    208.6502    307.8249
		A:
			    -0.8580    0.4245    -0.2892
			    0.2771    0.9433    -0.1830
			    -0.5679    -0.3674    0.7365
			    0.2641    0.9124    0.3127
			    0.0870    -0.7474    0.6586
			    -0.4209    0.9031    -0.0853
			    0.5857    0.2953    0.7548
			    -0.1507    -0.8753    0.4594
			    0.7964    -0.3828    -0.4682
			    -0.5857    -0.2953    -0.7548
			    0.1507    0.8753    -0.4594
			    -0.7964    0.3828    0.4682
		b:
			    -172.8003
			    204.9519
			    39.0779
			    351.6182
			    68.3600
			    83.1326
			    425.0735
			    -70.5241
			    -62.7735
			    -416.0735
			    77.5241
			    67.7735
	==================================================================================
	Q6:
		Shape: Polyhedra
		q_c:    217.0000    188.0000    304.5000
		ub :    228.5971    198.7344    315.6707
		lb :    205.4029    177.2656    293.3293
		A:
			    0.1439    -0.8741    0.4639
			    -0.3128    -0.6474    -0.6950
			    0.1086    -0.1718    -0.9791
			    -0.9640    0.2303    0.1327
			    -0.8567    0.1768    -0.4846
			    0.9970    -0.0414    -0.0656
			    0.7926    0.1688    0.5858
			    -0.5419    -0.2452    0.8039
			    0.2794    -0.9547    -0.1028
			    -0.7926    -0.1688    -0.5858
			    0.5419    0.2452    -0.8039
			    -0.2794    0.9547    0.1028
		b:
			    16.1836
			    -394.2858
			    -299.0193
			    -118.0676
			    -293.9294
			    195.7391
			    388.1359
			    89.5868
			    -142.1678
			    -376.1359
			    -72.5868
			    158.1678


===========================================================================================
===========================================================================================
S15:
	q_c:    65.0000    371.0000    130.5000
	ub :    82.0000    398.0000    151.0000
	lb :    48.0000    344.0000    110.0000

	==================================================================================
	Q1:
		Shape: Ellipse
		q_c:    69.0000    380.0000    121.0000
		ub :    77.9953    387.9257    129.7016
		lb :    60.0047    372.0743    112.2984
		P^-1: 
			    0.0283    0.0128    -0.0018
			    0.0128    0.0412    -0.0025
			    -0.0018    -0.0025    0.0159
	==================================================================================
	Q2:
		Shape: Polyhedra
		q_c:    58.5000    373.0000    133.5000
		ub :    66.2976    378.1156    141.0166
		lb :    50.7024    367.8844    125.9834
		A:
			    0.3887    -0.8946    -0.2203
			    0.3390    0.6178    0.7095
			    -0.4529    -0.6563    0.6034
			    0.1272    -0.9046    -0.4067
			    0.2406    0.9674    0.0786
			    -0.6393    0.7690    0.0012
			    0.3577    0.9333    0.0313
			    0.8994    -0.3353    -0.2803
			    -0.2511    0.1284    -0.9594
			    -0.3577    -0.9333    -0.0313
			    -0.8994    0.3353    0.2803
			    0.2511    -0.1284    0.9594
		b:
			    -335.7590
			    349.5209
			    -186.3876
			    -380.2409
			    388.0209
			    254.9741
			    375.7360
			    -103.8640
			    -88.8595
			    -370.7360
			    115.8640
			    100.8595
	==================================================================================
	Q3:
		Shape: Ellipse
		q_c:    68.0000    371.5000    137.5000
		ub :    76.2348    385.0739    149.4462
		lb :    59.7652    357.9261    125.5538
		P^-1: 
			    0.0913    0.0296    0.0275
			    0.0296    0.0209    0.0059
			    0.0275    0.0059    0.0250
	==================================================================================
	Q4:
		Shape: Hybrid
		q_c:    60.5000    385.5000    136.5000
		ub :    68.1304    395.4911    146.3368
		lb :    52.8696    375.5089    126.6632
		P^-1: 
			    0.0564    0.0188    0.0115
			    0.0188    0.0357    0.0240
			    0.0115    0.0240    0.0434
		A:
			    0.1746    -0.6546    -0.7356
			    -0.3862    -0.6624    -0.6419
			    0.4058    -0.8582    -0.3144
			    -0.9689    -0.1880    -0.1607
			    -0.9754    -0.2189    0.0259
			    -0.9180    -0.0510    0.3932
		b:
			    -339.3791
			    -364.3902
			    -344.6631
			    -150.6304
			    -137.3394
			    -18.4632
	==================================================================================
	Q5:
		Shape: Hybrid
		q_c:    52.5000    378.5000    133.0000
		ub :    64.6703    391.9213    144.1198
		lb :    40.3297    365.0787    121.8802
		P^-1: 
			    0.0136    -0.0029    -0.0016
			    -0.0029    0.0169    -0.0034
			    -0.0016    -0.0034    0.0219
		A:
			    0.5750    -0.3830    -0.7230
			    -0.5896    0.0248    0.8073
			    -0.5406    0.8189    0.1928
			    -0.1139    0.4896    0.8645
			    0.4976    0.6095    -0.6171
			    -0.3271    -0.6536    -0.6825
		b:
			    -206.8951
			    89.6685
			    311.4513
			    298.6850
			    179.0563
			    -349.7963
	==================================================================================
	Q6:
		Shape: Ellipse
		q_c:    82.0000    358.0000    119.0000
		ub :    93.4134    366.5140    130.4576
		lb :    70.5866    349.4860    107.5424
		P^-1: 
			    0.0251    -0.0035    0.0096
			    -0.0035    0.0342    -0.0053
			    0.0096    -0.0053    0.0223


===========================================================================================
===========================================================================================
S16:
	q_c:    25.0000    389.0000    135.0000
	ub :    41.0000    407.0000    145.0000
	lb :    9.0000    371.0000    125.0000

	==================================================================================
	Q1:
		Shape: Hybrid
		q_c:    22.5000    390.0000    140.5000
		ub :    28.4421    395.9689    145.9248
		lb :    16.5579    384.0311    135.0752
		P^-1: 
			    0.0614    0.0173    -0.0162
			    0.0173    0.0831    -0.0078
			    -0.0162    -0.0078    0.0976
		A:
			    -0.0910    -0.9335    0.3469
			    -0.5843    -0.5162    -0.6263
			    0.8355    0.5426    0.0862
			    0.3935    -0.3447    -0.8522
			    0.7445    -0.2603    -0.6148
			    0.7561    -0.6074    -0.2435
		b:
			    -315.4545
			    -300.2080
			    244.7363
			    -243.4425
			    -168.9058
			    -251.3509
	==================================================================================
	Q2:
		Shape: Polyhedra
		q_c:    28.0000    386.5000    143.0000
		ub :    32.7714    391.2712    147.5151
		lb :    23.2286    381.7288    138.4849
		A:
			    0.5526    0.7290    0.4039
			    0.1237    -0.3843    0.9149
			    0.5621    -0.5415    -0.6251
			    -0.0291    0.7824    0.6221
			    -0.7100    0.3689    0.5998
			    -0.4374    0.8762    0.2022
			    0.0945    0.6656    0.7403
			    -0.7198    0.5594    -0.4111
			    -0.6878    -0.4940    0.5319
			    -0.0945    -0.6656    -0.7403
			    0.7198    -0.5594    0.4111
			    0.6878    0.4940    -0.5319
		b:
			    357.3719
			    -11.1476
			    -280.3656
			    392.6219
			    211.2558
			    358.2084
			    367.7529
			    140.7885
			    -131.1340
			    -363.7529
			    -133.7885
			    137.1340
	==================================================================================
	Q3:
		Shape: Ellipse
		q_c:    25.5000    395.5000    137.0000
		ub :    33.1004    401.9656    144.2145
		lb :    17.8996    389.0344    129.7855
		P^-1: 
			    0.0486    -0.0065    0.0057
			    -0.0065    0.0593    0.0042
			    0.0057    0.0042    0.0370
	==================================================================================
	Q4:
		Shape: Ellipse
		q_c:    25.0000    398.0000    137.0000
		ub :    30.3533    402.2542    141.6243
		lb :    19.6467    393.7458    132.3757
		P^-1: 
			    0.0695    0.0582    -0.0559
			    0.0582    0.5468    -0.4649
			    -0.0559    -0.4649    0.5087
	==================================================================================
	Q5:
		Shape: Polyhedra
		q_c:    30.5000    378.0000    142.5000
		ub :    37.3390    384.7328    146.5376
		lb :    23.6610    371.2672    138.4624
		A:
			    0.1021    -0.4597    0.8822
			    0.6595    0.6247    -0.4181
			    -0.1185    0.5842    -0.8029
			    -0.4588    0.4442    -0.7696
			    -0.1683    -0.6048    0.7784
			    0.2391    -0.7606    0.6036
			    0.6804    0.6979    0.2235
			    0.7264    -0.6021    -0.3313
			    -0.0966    0.3878    -0.9167
			    -0.6804    -0.6979    -0.2235
			    -0.7264    0.6021    0.3313
			    0.0966    -0.3878    0.9167
		b:
			    -43.3958
			    200.5346
			    104.6241
			    46.5786
			    -120.6862
			    -191.4519
			    320.9180
			    -247.6468
			    14.5282
			    -311.9180
			    257.6468
			    -11.5282
	==================================================================================
	Q6:
		Shape: Polyhedra
		q_c:    16.5000    389.0000    131.0000
		ub :    21.8154    393.8926    136.5009
		lb :    11.1846    384.1074    125.4991
		A:
			    0.2969    0.3735    -0.8788
			    0.0222    -0.5966    0.8022
			    0.8760    -0.0057    0.4822
			    -0.4079    0.6479    -0.6433
			    -0.2540    0.2250    -0.9406
			    -0.1905    0.6222    0.7593
			    0.4352    0.1370    0.8898
			    0.0490    0.9833    -0.1754
			    -0.8990    0.1200    0.4212
			    -0.4352    -0.1370    -0.8898
			    -0.0490    -0.9833    0.1754
			    0.8990    -0.1200    -0.4212
		b:
			    38.8960
			    -122.8073
			    79.0682
			    164.8413
			    -36.2891
			    342.1500
			    180.5554
			    364.3240
			    91.0188
			    -173.5554
			    -356.3240
			    -83.0188


===========================================================================================
===========================================================================================
S17:
	q_c:    168.0000    504.0000    254.0000
	ub :    197.0000    511.0000    281.0000
	lb :    139.0000    497.0000    227.0000

	==================================================================================
	Q1:
		Shape: Ellipse
		q_c:    169.0000    500.5000    262.0000
		ub :    172.9545    505.7457    267.7935
		lb :    165.0455    495.2543    256.2065
		P^-1: 
			    0.4943    0.4099    0.2245
			    0.4099    0.4467    0.2196
			    0.2245    0.2196    0.1709
	==================================================================================
	Q2:
		Shape: Polyhedra
		q_c:    162.5000    501.0000    247.0000
		ub :    167.6268    506.2428    252.0444
		lb :    157.3732    495.7572    241.9556
		A:
			    0.1351    -0.1165    -0.9840
			    0.7304    0.5275    -0.4339
			    -0.1862    -0.9653    0.1829
			    -0.1588    -0.8920    0.4231
			    0.6651    0.3983    0.6316
			    -0.1568    -0.2123    -0.9645
			    0.7429    0.1135    0.6597
			    -0.5068    -0.5485    0.6651
			    0.4373    -0.8284    -0.3500
			    -0.7429    -0.1135    -0.6597
			    0.5068    0.5485    -0.6651
			    -0.4373    0.8284    0.3500
		b:
			    -276.3276
			    278.7772
			    -465.2660
			    -364.9131
			    466.2709
			    -367.1502
			    343.0141
			    -189.8545
			    -426.4341
			    -338.0141
			    195.8545
			    434.4341
	==================================================================================
	Q3:
		Shape: Polyhedra
		q_c:    162.0000    505.5000    249.5000
		ub :    169.3348    512.8873    254.2503
		lb :    154.6652    498.1127    244.7497
		A:
			    -0.1156    0.4339    0.8935
			    0.6060    -0.2122    0.7666
			    0.6575    -0.4218    -0.6243
			    -0.9580    0.2586    0.1240
			    -0.3746    0.9069    0.1931
			    -0.5202    0.7447    -0.4182
			    0.7412    0.6692    0.0531
			    0.6474    -0.6915    -0.3204
			    -0.1777    0.2719    -0.9458
			    -0.7412    -0.6692    -0.0531
			    -0.6474    0.6915    0.3204
			    0.1777    -0.2719    0.9458
		b:
			    427.2416
			    186.0656
			    -258.8694
			    10.8251
			    449.7916
			    191.3663
			    477.6136
			    -321.1386
			    -123.8379
			    -465.6136
			    328.1386
			    130.8379
	==================================================================================
	Q4:
		Shape: Polyhedra
		q_c:    167.5000    512.5000    253.0000
		ub :    172.6670    518.1077    258.3208
		lb :    162.3330    506.8923    247.6792
		A:
			    -0.0052    0.3361    -0.9418
			    -0.4429    0.7834    0.4360
			    0.4613    0.8872    0.0098
			    -0.8930    -0.4110    0.1834
			    -0.8204    0.0212    -0.5714
			    0.3296    0.7203    0.6103
			    0.6428    0.6319    0.4330
			    0.7651    -0.5007    -0.4050
			    -0.0391    0.5916    -0.8053
			    -0.6428    -0.6319    -0.4330
			    -0.7651    0.5007    0.4050
			    0.0391    -0.5916    0.8053
		b:
			    -63.8152
			    441.8253
			    537.0989
			    -310.5182
			    -268.0801
			    581.6234
			    543.5858
			    -226.4002
			    95.9130
			    -538.5858
			    235.4002
			    -89.9130
	==================================================================================
	Q5:
		Shape: Ellipse
		q_c:    171.5000    505.0000    261.5000
		ub :    177.9333    508.2473    266.9595
		lb :    165.0667    501.7527    256.0405
		P^-1: 
			    0.0700    0.0833    -0.0159
			    0.0833    0.4090    0.0787
			    -0.0159    0.0787    0.1096
	==================================================================================
	Q6:
		Shape: Ellipse
		q_c:    165.0000    499.0000    261.5000
		ub :    170.1930    505.0806    267.1373
		lb :    159.8070    492.9194    255.8627
		P^-1: 
			    0.1572    0.1061    0.0160
			    0.1061    0.1239    0.0129
			    0.0160    0.0129    0.0420


===========================================================================================
===========================================================================================
S18:
	q_c:    113.5000    20.0000    128.5000
	ub :    138.0000    40.0000    153.0000
	lb :    89.0000    0.0000    104.0000

	==================================================================================
	Q1:
		Shape: Polyhedra
		q_c:    130.5000    4.5000    141.5000
		ub :    140.1387    14.4110    150.3234
		lb :    120.8613    -5.4110    132.6766
		A:
			    0.2546    0.1985    0.9465
			    0.5093    0.8568    0.0803
			    -0.4329    0.1491    -0.8890
			    -0.0793    0.6009    -0.7953
			    -0.5607    -0.7265    0.3973
			    -0.8293    -0.5588    0.0040
			    0.4634    0.7888    0.4039
			    0.2786    0.3030    -0.9114
			    -0.8412    0.5349    -0.0794
			    -0.4634    -0.7888    -0.4039
			    -0.2786    -0.3030    0.9114
			    0.8412    -0.5349    0.0794
		b:
			    174.3104
			    87.7311
			    -175.3441
			    -113.7916
			    -13.9524
			    -104.0893
			    127.1739
			    -84.7332
			    -112.6007
			    -115.1739
			    97.7332
			    124.6007
	==================================================================================
	Q2:
		Shape: Polyhedra
		q_c:    129.5000    9.0000    135.5000
		ub :    139.6718    20.1431    145.1625
		lb :    119.3282    -2.1431    125.8375
		A:
			    0.9809    -0.0793    0.1774
			    -0.5768    -0.2656    -0.7725
			    0.9631    -0.2485    -0.1039
			    0.4222    -0.1759    -0.8893
			    0.7218    -0.2601    0.6414
			    0.5749    0.4681    0.6712
			    0.7952    0.5933    0.1255
			    0.5861    -0.6988    -0.4101
			    -0.1556    0.3996    -0.9034
			    -0.7952    -0.5933    -0.1255
			    -0.5861    0.6988    0.4101
			    0.1556    -0.3996    0.9034
		b:
			    157.0549
			    -174.7843
			    114.8135
			    -60.9170
			    184.9255
			    176.5313
			    132.3179
			    20.0480
			    -131.9589
			    -118.3179
			    -8.0480
			    145.9589
	==================================================================================
	Q3:
		Shape: Hybrid
		q_c:    117.0000    10.5000    116.0000
		ub :    126.9544    21.2194    128.0033
		lb :    107.0456    -0.2194    103.9967
		P^-1: 
			    0.0232    -0.0010    0.0019
			    -0.0010    0.0216    0.0039
			    0.0019    0.0039    0.0164
		A:
			    -0.0834    0.8193    -0.5672
			    0.5060    -0.1239    0.8536
			    -0.5617    -0.8115    -0.1613
			    -0.9818    0.0003    -0.1900
			    0.4242    0.8812    0.2086
			    0.8770    0.3865    -0.2855
		b:
			    -62.2269
			    161.1407
			    -89.3999
			    -133.6431
			    86.5666
			    77.6439
	==================================================================================
	Q4:
		Shape: Ellipse
		q_c:    133.0000    13.0000    109.5000
		ub :    141.0816    15.8702    117.7970
		lb :    124.9184    10.1298    101.2030
		P^-1: 
			    0.0310    0.0032    0.0023
			    0.0032    0.2473    -0.0239
			    0.0023    -0.0239    0.0325
	==================================================================================
	Q5:
		Shape: Hybrid
		q_c:    102.5000    18.0000    139.0000
		ub :    107.2175    22.9891    143.1959
		lb :    97.7825    13.0109    134.8041
		P^-1: 
			    1.7674    0.2229    -1.9397
			    0.2229    0.1314    -0.2966
			    -1.9397    -0.2966    2.2523
		A:
			    0.7263    0.1024    -0.6797
			    -0.6046    0.2952    0.7398
			    0.6535    0.2411    -0.7175
			    0.6244    0.0344    -0.7803
			    -0.6439    0.3879    0.6595
			    -0.5481    0.2109    0.8094
		b:
			    -17.7647
			    47.4176
			    -27.9131
			    -43.4716
			    34.0462
			    61.3563
	==================================================================================
	Q6:
		Shape: Ellipse
		q_c:    129.5000    18.5000    123.5000
		ub :    134.3775    23.4843    128.3105
		lb :    124.6225    13.5157    118.6895
		P^-1: 
			    0.0819    0.0177    0.0126
			    0.0177    0.1337    0.0885
			    0.0126    0.0885    0.1785


===========================================================================================
===========================================================================================
S19:
	q_c:    431.0000    296.5000    337.5000
	ub :    442.0000    327.0000    354.0000
	lb :    420.0000    266.0000    321.0000

	==================================================================================
	Q1:
		Shape: Hybrid
		q_c:    439.0000    291.0000    339.0000
		ub :    447.0491    298.4425    344.6824
		lb :    430.9509    283.5575    333.3176
		P^-1: 
			    0.0307    0.0164    -0.0006
			    0.0164    0.0637    -0.0100
			    -0.0006    -0.0100    0.0734
		A:
			    -0.4254    -0.1338    0.8950
			    0.7947    0.3198    0.5160
			    -0.8178    -0.5066    -0.2729
			    0.5680    0.8153    -0.1127
			    -0.3352    0.1823    -0.9244
			    0.3038    -0.9485    -0.0893
		b:
			    80.1331
			    620.0276
			    -595.9003
			    450.5334
			    -405.1414
			    -169.4963
	==================================================================================
	Q2:
		Shape: Polyhedra
		q_c:    432.5000    301.0000    327.5000
		ub :    438.5386    308.2106    332.9279
		lb :    426.4614    293.7894    322.0721
		A:
			    -0.1655    0.7342    0.6585
			    0.3739    0.8390    0.3953
			    -0.0091    -0.6359    -0.7717
			    -0.5390    -0.4979    -0.6794
			    0.3636    -0.0141    0.9315
			    0.3743    -0.2084    -0.9036
			    0.0600    0.3885    0.9195
			    0.1647    0.9047    -0.3930
			    -0.9845    0.1750    -0.0097
			    -0.0600    -0.3885    -0.9195
			    -0.1647    -0.9047    0.3930
			    0.9845    -0.1750    0.0097
		b:
			    369.0492
			    548.2794
			    -444.3838
			    -601.4663
			    462.0497
			    -192.8700
			    447.5355
			    220.3502
			    -371.2783
			    -440.5355
			    -209.3502
			    381.2783
	==================================================================================
	Q3:
		Shape: Hybrid
		q_c:    421.0000    308.0000    341.0000
		ub :    430.1889    317.0161    346.9132
		lb :    411.8111    298.9839    335.0868
		P^-1: 
			    0.0385    0.0214    0.0023
			    0.0214    0.0400    0.0040
			    0.0023    0.0040    0.0511
		A:
			    0.4258    0.6434    0.6361
			    -0.4600    0.2354    -0.8561
			    -0.7512    0.0385    0.6589
			    0.0937    0.8666    -0.4902
			    0.8237    0.3887    0.4128
			    -0.7740    0.0304    0.6324
		b:
			    596.4912
			    -409.7174
			    -76.2066
			    142.6767
			    609.8025
			    -97.2709
	==================================================================================
	Q4:
		Shape: Polyhedra
		q_c:    427.0000    306.0000    339.0000
		ub :    432.7972    311.3105    342.5274
		lb :    421.2028    300.6895    335.4726
		A:
			    -0.1068    -0.5894    0.8008
			    0.0088    0.3045    -0.9525
			    -0.0538    -0.2980    0.9530
			    -0.4955    0.7337    -0.4651
			    0.1122    0.3300    0.9373
			    -0.5429    0.8106    -0.2194
			    0.9807    0.1203    0.1540
			    -0.1088    -0.3181    0.9418
			    0.1623    -0.9404    -0.2989
			    -0.9807    -0.1203    -0.1540
			    0.1088    0.3181    -0.9418
			    -0.1623    0.9404    0.2989
		b:
			    47.4749
			    -224.3883
			    210.4211
			    -140.9174
			    469.7967
			    -53.8579
			    512.7786
			    176.9634
			    -315.2804
			    -502.7786
			    -173.9634
			    324.2804
	==================================================================================
	Q5:
		Shape: Ellipse
		q_c:    424.5000    299.5000    345.0000
		ub :    431.7836    308.6936    352.9142
		lb :    417.2164    290.3064    337.0858
		P^-1: 
			    0.0236    -0.0003    0.0002
			    -0.0003    0.0222    0.0044
			    0.0002    0.0044    0.0313
	==================================================================================
	Q6:
		Shape: Polyhedra
		q_c:    438.5000    290.5000    351.0000
		ub :    444.2597    297.1501    356.9880
		lb :    432.7403    283.8499    345.0120
		A:
			    -0.8019    0.1129    0.5867
			    -0.4238    -0.8419    0.3341
			    0.0763    -0.1125    0.9907
			    0.3344    0.3365    -0.8803
			    -0.0797    -0.2440    0.9665
			    0.1273    0.3727    0.9192
			    0.3688    0.6830    0.6305
			    0.7158    0.2241    -0.6614
			    -0.5931    0.6952    -0.4062
			    -0.3688    -0.6830    -0.6305
			    -0.7158    -0.2241    0.6614
			    0.5931    -0.6952    0.4062
		b:
			    -110.4696
			    -309.6401
			    352.2713
			    -61.9209
			    236.7492
			    490.8686
			    585.9167
			    148.8144
			    -196.1828
			    -576.9167
			    -144.8144
			    205.1828


===========================================================================================
===========================================================================================
S20:
	q_c:    394.0000    427.0000    119.5000
	ub :    410.0000    441.0000    133.0000
	lb :    378.0000    413.0000    106.0000

	==================================================================================
	Q1:
		Shape: Hybrid
		q_c:    386.5000    433.5000    112.0000
		ub :    393.4245    440.2547    116.8514
		lb :    379.5755    426.7453    107.1486
		P^-1: 
			    0.0734    0.0450    -0.0203
			    0.0450    0.0850    -0.0343
			    -0.0203    -0.0343    0.1162
		A:
			    -0.2311    0.9723    -0.0347
			    -0.8211    -0.5447    0.1706
			    0.7791    0.6181    0.1047
			    -0.0426    0.6093    0.7918
			    0.8890    0.1144    0.4435
			    0.6384    0.7673    -0.0609
		b:
			    331.8858
			    -532.5960
			    582.7040
			    339.2704
			    445.6815
			    574.2296
	==================================================================================
	Q2:
		Shape: Hybrid
		q_c:    402.0000    433.0000    110.5000
		ub :    406.4274    437.2425    114.6603
		lb :    397.5726    428.7575    106.3397
		P^-1: 
			    0.0748    -0.0304    -0.0351
			    -0.0304    0.1632    0.0623
			    -0.0351    0.0623    0.1856
		A:
			    0.3957    0.8376    -0.3765
			    -0.1267    -0.6509    0.7485
			    -0.0586    -0.2542    -0.9654
			    0.4928    0.1305    -0.8603
			    0.3530    0.0099    0.9356
			    0.4911    -0.4038    -0.7718
		b:
			    482.3960
			    -248.0995
			    -238.8861
			    161.2831
			    251.5980
			    -61.4939
	==================================================================================
	Q3:
		Shape: Polyhedra
		q_c:    395.0000    437.0000    120.5000
		ub :    398.1356    441.9380    125.6059
		lb :    391.8644    432.0620    115.3941
		A:
			    -0.5821    -0.5503    -0.5986
			    0.1331    0.7403    0.6590
			    0.2770    0.9122    0.3018
			    0.6582    0.4057    -0.6342
			    -0.9739    0.1703    0.1501
			    0.7628    0.6135    -0.2045
			    0.0351    0.7261    0.6867
			    -0.0135    0.6874    -0.7261
			    -0.9993    0.0162    0.0339
			    -0.0351    -0.7261    -0.6867
			    0.0135    -0.6874    0.7261
			    0.9993    -0.0162    -0.0339
		b:
			    -540.1843
			    457.4999
			    547.2225
			    365.0142
			    -289.1968
			    548.4146
			    415.9087
			    212.5836
			    -380.5399
			    -411.9087
			    -202.5836
			    386.5399
	==================================================================================
	Q4:
		Shape: Ellipse
		q_c:    401.0000    437.5000    134.5000
		ub :    403.8846    441.7392    139.3669
		lb :    398.1154    433.2608    129.6331
		P^-1: 
			    0.8047    0.1233    0.3260
			    0.1233    0.2344    0.1608
			    0.3260    0.1608    0.2603
	==================================================================================
	Q5:
		Shape: Hybrid
		q_c:    395.0000    435.0000    117.0000
		ub :    399.7983    438.8191    121.9185
		lb :    390.2017    431.1809    112.0815
		P^-1: 
			    0.1356    0.0172    0.0978
			    0.0172    0.1118    0.0065
			    0.0978    0.0065    0.1631
		A:
			    0.0205    0.5617    0.8271
			    0.7510    0.2579    0.6078
			    0.5684    0.2872    0.7710
			    0.8862    -0.0696    0.4580
			    0.0881    0.9960    0.0146
			    -0.3422    -0.9392    0.0301
		b:
			    351.4561
			    481.0670
			    440.7405
			    374.9201
			    471.7587
			    -538.2079
	==================================================================================
	Q6:
		Shape: Polyhedra
		q_c:    399.5000    435.0000    117.0000
		ub :    406.9376    443.8589    125.8778
		lb :    392.0624    426.1411    108.1222
		A:
			    -0.5508    0.0953    -0.8292
			    0.0009    -0.6543    -0.7562
			    -0.3344    0.3641    -0.8692
			    0.0596    -0.8395    -0.5401
			    0.8833    0.2860    -0.3715
			    -0.5128    -0.7600    0.3993
			    0.4417    0.5116    0.7370
			    -0.8915    0.3419    0.2970
			    -0.1001    -0.7883    0.6071
			    -0.4417    -0.5116    -0.7370
			    0.8915    -0.3419    -0.2970
			    0.1001    0.7883    -0.6071
		b:
			    -270.1156
			    -367.3289
			    -71.4216
			    -399.1987
			    439.0080
			    -483.2731
			    490.7399
			    -167.6769
			    -306.3319
			    -479.7399
			    177.6769
			    317.3319


===========================================================================================
===========================================================================================
