3D_40_25_6_a                l = 3

===========================================================================================
===========================================================================================
S1:
	q_c:	426.5	318.0	25.0
	ub :	431.5068	324.5008	40.0358
	lb :	405.0453	294.2536	2.0476

	==================================================================================
	Q1:
		Shape: Hybrid
		q_c:	412.0	312.5	12.0
		ub :	418.9547	318.5819	15.1962
		lb :	405.0453	306.4181	8.8038
		P^-1:
			0.0397	-0.0203	0.0101
			-0.0203	0.1019	0.105
			0.0101	0.105	0.4122
		A:
			-0.2184	-0.125	-0.9678
			-0.1823	0.4731	-0.8619
			0.0953	-0.5088	0.8556
			0.7217	-0.4583	-0.5187
			-0.4937	0.7222	0.4844
			-0.6197	-0.4663	0.6313
		b:
			-139.6301
			64.5012
			-107.1443
			150.9505
			30.2717
			-389.0076
	==================================================================================
	Q2:
		Shape: Hybrid
		q_c:	421.5	318.0	9.0
		ub :	426.2912	324.5008	15.9524
		lb :	416.7088	311.4992	2.0476
		P^-1:
			0.1104	-0.0658	-0.0488
			-0.0658	0.1452	0.0816
			-0.0488	0.0816	0.0847
		A:
			0.0576	-0.8583	-0.51
			-0.2594	0.7427	0.6173
			0.7142	-0.6738	-0.1897
			0.3256	-0.7922	-0.5161
			0.8508	-0.3824	-0.3605
			0.4294	-0.6326	-0.6445
		b:
			-251.6817
			133.6492
			86.6837
			-118.2027
			235.3686
			-24.7714
	==================================================================================
	Q3:
		Shape: Ellipse
		q_c:	417.0	302.0	34.0
		ub :	424.2929	309.7464	40.0358
		lb :	409.7071	294.2536	27.9642
		P^-1:
			0.0444	0.0073	0.0105
			0.0073	0.0521	0.0174
			0.0105	0.0174	0.0651
	==================================================================================
	Q4:
		Shape: Ellipse
		q_c:	415.0	314.5	12.5
		ub :	423.5815	322.5515	21.2569
		lb :	406.4185	306.4485	3.7431
		P^-1:
			0.0418	0.0008	-0.0081
			0.0008	0.0331	-0.0007
			-0.0081	-0.0007	0.0406
	==================================================================================
	Q5:
		Shape: Ellipse
		q_c:	417.0	315.5	10.0
		ub :	421.7858	320.5178	14.396
		lb :	412.2142	310.4822	5.604
		P^-1:
			0.1747	-0.0463	-0.0697
			-0.0463	0.1047	0.0347
			-0.0697	0.0347	0.1339
	==================================================================================
	Q6:
		Shape: Hybrid
		q_c:	423.5	314.0	25.0
		ub :	431.5068	322.3286	31.1014
		lb :	415.4932	305.6714	18.8986
		P^-1:
			0.0558	-0.0133	-0.0257
			-0.0133	0.0427	-0.0215
			-0.0257	-0.0215	0.0956
		A:
			0.2808	-0.0359	-0.9591
			0.0674	0.0732	0.995
			-0.6045	0.7965	0.0125
			0.3102	0.1336	0.9412
			-0.9982	0.0404	0.0451
			0.7265	0.0383	-0.6861
		b:
			85.5756
			79.2115
			-2.8631
			200.4977
			-405.5601
			304.3878


===========================================================================================
===========================================================================================
S2:
	q_c:	375.5	101.0	218.5
	ub :	397.218	122.7299	242.0841
	lb :	364.8481	78.6378	203.1526

	==================================================================================
	Q1:
		Shape: Polyhedra
		q_c:	385.5	112.0	228.5
		ub :	392.9502	122.7299	237.8973
		lb :	378.0498	101.2701	219.1027
		A:
			-0.9635	0.075	-0.257
			0.7871	0.3192	0.5278
			0.2499	-0.5366	-0.806
			0.3405	-0.449	-0.8261
			0.026	0.0772	0.9967
			-0.8141	0.1876	0.5496
			0.6946	0.2407	0.678
			-0.0457	0.9552	-0.2924
			-0.718	0.1722	0.6744
			-0.6946	-0.2407	-0.678
			0.0457	-0.9552	0.2924
			0.718	-0.1722	-0.6744
		b:
			-416.0962
			465.7917
			-142.7874
			-103.0585
			251.8073
			-163.1398
			455.6302
			31.5654
			-99.3925
			-443.6302
			-13.5654
			107.3925
	==================================================================================
	Q2:
		Shape: Hybrid
		q_c:	372.0	104.0	227.5
		ub :	379.1519	112.0548	234.3453
		lb :	364.8481	95.9452	220.6547
		P^-1:
			0.0882	0.0442	0.0477
			0.0442	0.0619	0.0304
			0.0477	0.0304	0.0778
		A:
			0.3428	0.278	0.8974
			0.9353	0.2292	0.2698
			0.4552	0.4623	0.7609
			-0.9665	-0.0147	-0.2563
			-0.5771	-0.5468	0.6066
			0.2827	0.6997	0.6561
		b:
			362.6442
			435.3549
			392.1558
			-416.5051
			-129.924
			329.4406
	==================================================================================
	Q3:
		Shape: Hybrid
		q_c:	387.0	89.5	236.0
		ub :	397.218	98.9606	242.0841
		lb :	376.782	80.0394	229.9159
		P^-1:
			0.0278	0.0215	0.0056
			0.0215	0.0477	0.015
			0.0056	0.015	0.0693
		A:
			-0.1068	-0.8752	-0.4718
			0.4535	0.4304	0.7804
			-0.2712	-0.1545	0.95
			-0.064	-0.0815	0.9946
			0.2923	-0.4022	0.8676
			-0.48	-0.7062	-0.5206
		b:
			-228.1754
			400.2652
			107.9046
			204.9412
			285.8041
			-369.8902
	==================================================================================
	Q4:
		Shape: Ellipse
		q_c:	374.5	86.5	220.0
		ub :	382.6622	93.3346	226.5489
		lb :	366.3378	79.6654	213.4511
		P^-1:
			0.0706	0.001	-0.0642
			0.001	0.048	-0.0168
			-0.0642	-0.0168	0.1112
	==================================================================================
	Q5:
		Shape: Polyhedra
		q_c:	389.0	94.0	213.0
		ub :	397.122	103.7145	222.8474
		lb :	380.878	84.2855	203.1526
		A:
			-0.0379	0.6208	-0.783
			-0.0292	0.9221	0.3858
			0.845	-0.2649	0.4645
			-0.7636	-0.6092	-0.2139
			-0.9647	-0.0624	0.256
			0.1908	-0.9439	-0.2695
			0.5738	0.5831	0.5752
			-0.7814	0.6001	0.1711
			-0.2454	-0.5476	0.7999
			-0.5738	-0.5831	-0.5752
			0.7814	-0.6001	-0.1711
			0.2454	0.5476	-0.7999
		b:
			-115.8982
			162.536
			407.7553
			-394.1478
			-321.3122
			-67.0316
			406.0149
			-207.1034
			30.9337
			-395.0149
			215.1034
			-15.9337
	==================================================================================
	Q6:
		Shape: Polyhedra
		q_c:	378.0	87.0	220.5
		ub :	389.5686	95.3622	229.4322
		lb :	366.4314	78.6378	211.5678
		A:
			0.9373	0.3373	0.0874
			-0.2443	0.705	0.6658
			0.3455	0.2358	-0.9083
			0.5218	-0.5931	-0.6131
			-0.1333	0.965	0.2258
			-0.4112	0.7139	0.5669
			0.3976	0.1661	0.9024
			-0.8488	-0.307	0.4305
			0.3486	-0.9371	0.0189
			-0.3976	-0.1661	-0.9024
			0.8488	0.307	-0.4305
			-0.3486	0.9371	-0.0189
		b:
			411.1748
			121.418
			-41.4572
			16.9103
			88.4308
			37.5041
			369.2338
			-243.6116
			59.3909
			-358.2338
			261.6116
			-49.3909


===========================================================================================
===========================================================================================
S3:
	q_c:	396.5	289.0	126.5
	ub :	414.4112	311.9436	149.4915
	lb :	378.4971	262.1415	109.2961

	==================================================================================
	Q1:
		Shape: Ellipse
		q_c:	395.0	298.5	140.5
		ub :	405.2263	308.8711	148.726
		lb :	384.7737	288.1289	132.274
		P^-1:
			0.0273	-0.0042	0.0053
			-0.0042	0.0287	-0.0062
			0.0053	-0.0062	0.0314
	==================================================================================
	Q2:
		Shape: Hybrid
		q_c:	389.5	301.5	133.5
		ub :	400.3835	311.9436	144.8592
		lb :	378.6165	291.0564	122.1408
		P^-1:
			0.0217	0.0003	0.008
			0.0003	0.01	0.0002
			0.008	0.0002	0.0172
		A:
			0.9018	-0.2251	-0.3688
			0.8816	0.1508	0.4473
			0.8778	-0.4536	0.1543
			0.8277	0.2784	0.4873
			-0.7948	-0.1737	-0.5815
			0.0074	-0.8597	0.5108
		b:
			239.9913
			451.7944
			230.4347
			474.7835
			-436.4433
			-181.5072
	==================================================================================
	Q3:
		Shape: Ellipse
		q_c:	403.5	274.5	137.0
		ub :	414.4112	282.9164	149.4645
		lb :	392.5888	266.0836	124.5355
		P^-1:
			0.032	0.0067	0.0088
			0.0067	0.0283	0.003
			0.0088	0.003	0.0124
	==================================================================================
	Q4:
		Shape: Polyhedra
		q_c:	390.5	278.5	117.0
		ub :	398.7524	286.695	124.7039
		lb :	382.2476	270.305	109.2961
		A:
			0.3613	-0.9008	-0.241
			-0.7021	-0.6335	0.3251
			0.3769	-0.1527	0.9136
			0.3139	0.9274	-0.2034
			-0.6672	0.2094	-0.7148
			0.3812	-0.4591	0.8025
			0.7954	0.5889	0.143
			0.4376	-0.7214	0.5368
			0.4193	-0.3644	-0.8315
			-0.7954	-0.5889	-0.143
			-0.4376	0.7214	-0.5368
			-0.4193	0.3644	0.8315
		b:
			-132.9415
			-407.5622
			216.4071
			361.8811
			-281.1645
			119.5036
			496.3654
			37.2719
			-29.5359
			-486.3654
			-28.2719
			40.5359
	==================================================================================
	Q5:
		Shape: Hybrid
		q_c:	389.5	274.5	136.5
		ub :	398.5929	286.8585	149.4915
		lb :	380.4071	262.1415	123.5085
		P^-1:
			0.0321	-0.0104	-0.0047
			-0.0104	0.0216	0.0048
			-0.0047	0.0048	0.011
		A:
			-0.8544	0.4706	0.2202
			-0.477	0.8749	-0.0844
			0.9026	-0.2733	0.3325
			0.9007	0.4331	0.0327
			0.4034	-0.2278	-0.8862
			-0.2377	-0.7291	-0.6418
		b:
			-171.0508
			46.9825
			326.3301
			479.0609
			-20.3289
			-374.672
	==================================================================================
	Q6:
		Shape: Polyhedra
		q_c:	386.5	286.5	132.0
		ub :	394.5029	295.7631	140.1015
		lb :	378.4971	277.2369	123.8985
		A:
			-0.2121	0.2191	0.9524
			0.4714	0.4878	-0.7347
			-0.8014	-0.3061	0.5139
			-0.3907	-0.2585	0.8835
			0.3804	-0.3805	-0.8429
			0.6781	-0.6745	-0.292
			0.9016	0.3877	0.1917
			0.0937	-0.6079	0.7885
			0.4222	-0.6929	-0.5844
			-0.9016	-0.3877	-0.1917
			-0.0937	0.6079	-0.7885
			-0.4222	0.6929	0.5844
		b:
			112.8531
			229.3163
			-324.3703
			-103.5213
			-66.2634
			37.4152
			489.8613
			-30.3605
			-104.979
			-479.8613
			37.3605
			119.979


===========================================================================================
===========================================================================================
S4:
	q_c:	59.5	90.0	42.5
	ub :	72.4529	99.5264	55.396
	lb :	45.1046	77.0976	26.7535

	==================================================================================
	Q1:
		Shape: Hybrid
		q_c:	67.0	91.5	46.0
		ub :	72.4529	95.6282	51.445
		lb :	61.5471	87.3718	40.555
		P^-1:
			0.148	0.1175	0.1201
			0.1175	0.2302	0.1349
			0.1201	0.1349	0.1973
		A:
			0.1664	0.8748	0.4551
			-0.6407	-0.3244	-0.6959
			0.5009	0.3823	0.7765
			0.7111	0.6991	0.0747
			-0.6055	-0.7949	0.0391
			0.6815	0.5798	0.4465
		b:
			113.4564
			-103.4715
			105.3209
			116.9172
			-109.5014
			120.3215
	==================================================================================
	Q2:
		Shape: Ellipse
		q_c:	59.5	84.0	48.5
		ub :	66.954	90.6656	55.396
		lb :	52.046	77.3344	41.604
		P^-1:
			0.0559	-0.0088	-0.0052
			-0.0088	0.0508	-0.007
			-0.0052	-0.007	0.0584
	==================================================================================
	Q3:
		Shape: Ellipse
		q_c:	62.0	95.0	38.0
		ub :	67.158	99.5264	43.0237
		lb :	56.842	90.4736	32.9763
		P^-1:
			0.2164	-0.1834	0.0055
			-0.1834	0.2884	-0.0496
			0.0055	-0.0496	0.1001
	==================================================================================
	Q4:
		Shape: Polyhedra
		q_c:	51.5	83.0	46.5
		ub :	57.8954	88.9024	51.6326
		lb :	45.1046	77.0976	41.3674
		A:
			0.0828	-0.3191	-0.9441
			-0.16	0.7446	0.648
			0.5959	-0.6272	-0.5015
			0.4009	0.6793	-0.6146
			-0.4049	0.4108	-0.8169
			0.2966	-0.9295	-0.2194
			0.6579	0.6488	0.3824
			-0.3927	-0.1377	0.9093
			0.6426	-0.7484	0.1642
			-0.6579	-0.6488	-0.3824
			0.3927	0.1377	-0.9093
			-0.6426	0.7484	-0.1642
		b:
			-62.4856
			87.6056
			-41.573
			51.9914
			-21.4914
			-68.4866
			110.5149
			13.6245
			-18.3829
			-100.5149
			-7.6245
			24.3829
	==================================================================================
	Q5:
		Shape: Polyhedra
		q_c:	55.5	91.5	33.5
		ub :	62.7278	99.1392	40.2465
		lb :	48.2722	83.8608	26.7535
		A:
			0.7796	0.1257	0.6135
			0.7731	0.581	-0.2543
			0.8324	0.5099	-0.2171
			-0.563	-0.2449	-0.7894
			-0.225	-0.9574	-0.1809
			0.5539	0.0609	0.8304
			0.6159	0.6182	0.4884
			-0.7847	0.5363	0.3107
			-0.0698	-0.5746	0.8154
			-0.6159	-0.6182	-0.4884
			0.7847	-0.5363	-0.3107
			0.0698	0.5746	-0.8154
		b:
			79.0836
			91.5727
			89.7765
			-76.8318
			-102.2341
			67.6276
			110.1076
			22.429
			-25.1373
			-104.1076
			-9.429
			33.1373
	==================================================================================
	Q6:
		Shape: Ellipse
		q_c:	56.5	85.5	38.0
		ub :	61.9357	89.4654	43.3604
		lb :	51.0643	81.5346	32.6396
		P^-1:
			0.0857	-0.0199	0.0485
			-0.0199	0.3425	-0.1596
			0.0485	-0.1596	0.1767


===========================================================================================
===========================================================================================
S5:
	q_c:	283.0	278.5	211.0
	ub :	293.1021	283.2975	218.692
	lb :	274.5745	267.1689	207.2385

	==================================================================================
	Q1:
		Shape: Polyhedra
		q_c:	289.5	276.0	210.5
		ub :	293.1021	279.7778	213.6406
		lb :	285.8979	272.2222	207.3594
		A:
			-0.1165	-0.9022	0.4153
			-0.0751	-0.9894	0.1239
			-0.4091	-0.8719	0.2691
			0.5589	-0.5471	0.6232
			-0.5683	0.8026	0.1812
			-0.8781	0.2561	-0.4041
			0.7585	0.5311	0.3776
			0.6493	-0.6649	-0.3691
			0.055	0.5252	-0.8492
			-0.7585	-0.5311	-0.3776
			-0.6493	0.6649	0.3691
			-0.055	-0.5252	0.8492
		b:
			-193.439
			-266.5919
			-300.3739
			143.9064
			97.6032
			-266.2399
			448.161
			-70.7318
			-16.3855
			-443.161
			75.7318
			19.3855
	==================================================================================
	Q2:
		Shape: Polyhedra
		q_c:	286.0	273.5	215.5
		ub :	288.5215	277.3466	218.0158
		lb :	283.4785	269.6534	212.9842
		A:
			0.6306	0.2787	-0.7244
			0.7852	-0.2151	-0.5807
			-0.7735	0.3066	0.5547
			0.5811	0.1434	-0.8011
			0.821	0.2881	-0.4928
			0.124	-0.1567	0.9798
			0.5951	0.1699	0.7855
			-0.7886	-0.0651	0.6115
			0.1551	-0.9833	0.0952
			-0.5951	-0.1699	-0.7855
			0.7886	0.0651	-0.6115
			-0.1551	0.9833	-0.0952
		b:
			101.8008
			41.9569
			-16.2364
			33.9419
			208.6464
			205.6999
			387.9396
			-110.5765
			-200.5583
			-383.9396
			112.5765
			207.5583
	==================================================================================
	Q3:
		Shape: Hybrid
		q_c:	281.5	274.5	214.0
		ub :	284.7221	277.8873	216.957
		lb :	278.2779	271.1127	211.043
		P^-1:
			0.1124	0.0097	0.0181
			0.0097	0.1853	0.1383
			0.0181	0.1383	0.369
		A:
			0.6169	0.3533	-0.7033
			-0.0909	0.6045	0.7914
			0.0997	-0.3437	-0.9338
			0.3936	0.321	0.8614
			0.3013	0.4397	-0.8461
			-0.0178	-0.5917	-0.8059
		b:
			122.205
			310.56
			-265.2736
			384.2869
			26.39
			-339.1237
	==================================================================================
	Q4:
		Shape: Polyhedra
		q_c:	284.5	279.0	211.5
		ub :	289.0871	283.2975	215.747
		lb :	279.9129	274.7025	207.253
		A:
			0.5082	-0.6273	0.5902
			0.4017	-0.5153	0.757
			0.0714	0.5249	-0.8482
			0.0335	-0.164	0.9859
			-0.3372	0.6733	-0.658
			-0.5974	-0.6068	0.5242
			0.3684	0.6853	0.6282
			0.9292	-0.2493	-0.2729
			-0.0304	0.6843	-0.7286
			-0.3684	-0.6853	-0.6282
			-0.9292	0.2493	0.2729
			0.0304	-0.6843	0.7286
		b:
			96.5296
			132.5753
			-10.9853
			174.6031
			-45.4308
			-225.9118
			432.3745
			140.5627
			29.6771
			-425.3745
			-133.5627
			-26.6771
	==================================================================================
	Q5:
		Shape: Ellipse
		q_c:	281.5	272.5	212.5
		ub :	285.0899	277.8311	217.7615
		lb :	277.9101	267.1689	207.2385
		P^-1:
			0.16	0.0013	-0.0011
			0.0013	0.1023	0.0479
			-0.0011	0.0479	0.1202
	==================================================================================
	Q6:
		Shape: Polyhedra
		q_c:	278.5	277.5	214.5
		ub :	282.4255	280.7571	218.692
		lb :	274.5745	274.2429	210.308
		A:
			0.6492	-0.4778	0.5918
			-0.0984	0.9548	0.2805
			0.1835	-0.9647	-0.1889
			-0.1352	0.8729	0.4688
			0.6849	0.6333	0.3604
			0.0899	0.3714	-0.9241
			0.5706	0.8081	0.1465
			0.7752	-0.5888	0.2287
			0.271	-0.0169	-0.9624
			-0.5706	-0.8081	-0.1465
			-0.7752	0.5888	-0.2287
			-0.271	0.0169	0.9624
		b:
			177.4575
			300.171
			-254.762
			307.8271
			446.2897
			-66.8184
			417.0663
			103.5464
			-132.1534
			-412.0663
			-99.5464
			139.1534


===========================================================================================
===========================================================================================
S6:
	q_c:	321.5	472.0	513.0
	ub :	344.3161	494.6303	526.3551
	lb :	300.3347	449.0435	492.6915

	==================================================================================
	Q1:
		Shape: Hybrid
		q_c:	322.0	456.0	510.5
		ub :	329.9535	462.9565	518.8251
		lb :	314.0465	449.0435	502.1749
		P^-1:
			0.0319	0.0115	0.0157
			0.0115	0.2885	0.205
			0.0157	0.205	0.1728
		A:
			-0.0387	0.8606	0.5078
			0.292	0.6327	0.7172
			0.4165	-0.3381	-0.8439
			0.5765	0.7754	0.2576
			0.4347	0.7824	0.446
			-0.2198	0.8968	0.3839
		b:
			640.1843
			750.2304
			-446.5259
			674.3071
			726.6599
			535.9215
	==================================================================================
	Q2:
		Shape: Ellipse
		q_c:	333.5	485.5	513.0
		ub :	344.3161	494.497	522.6137
		lb :	322.6839	476.503	503.3863
		P^-1:
			0.0266	0.0185	0.0065
			0.0185	0.0471	0.0118
			0.0065	0.0118	0.0223
	==================================================================================
	Q3:
		Shape: Hybrid
		q_c:	317.0	462.5	505.5
		ub :	326.5626	470.0886	516.5654
		lb :	307.4374	454.9114	494.4346
		P^-1:
			0.0433	0.0285	0.005
			0.0285	0.1247	-0.0569
			0.005	-0.0569	0.0505
		A:
			-0.629	-0.6563	0.4167
			-0.8863	0.3124	-0.3418
			-0.6026	0.6766	-0.4232
			0.1366	0.8189	-0.5575
			-0.6707	-0.7223	0.1687
			-0.6643	0.2282	-0.7118
		b:
			-289.3754
			-305.0095
			-88.4199
			141.6419
			-459.256
			-461.7974
	==================================================================================
	Q4:
		Shape: Ellipse
		q_c:	314.5	486.5	511.0
		ub :	324.0614	494.6303	520.2537
		lb :	304.9386	478.3697	501.7463
		P^-1:
			0.0982	0.1002	0.0333
			0.1002	0.1443	0.0633
			0.0333	0.0633	0.0586
	==================================================================================
	Q5:
		Shape: Polyhedra
		q_c:	306.5	481.5	520.0
		ub :	312.6653	488.7249	526.3551
		lb :	300.3347	474.2751	513.6449
		A:
			-0.698	0.567	0.4373
			-0.0668	-0.0675	-0.9955
			0.4128	0.5519	0.7246
			-0.1148	0.2772	0.9539
			0.082	0.3861	0.9188
			-0.9001	-0.1764	-0.3985
			0.5227	0.2501	0.815
			0.2412	0.8736	-0.4227
			-0.8177	0.4175	0.3963
			-0.5227	-0.2501	-0.815
			-0.2412	-0.8736	0.4227
			0.8177	-0.4175	-0.3963
		b:
			290.4933
			-567.0828
			772.3307
			597.8258
			692.0514
			-564.5781
			707.4227
			280.2496
			160.4793
			-701.4227
			-269.2496
			-152.4793
	==================================================================================
	Q6:
		Shape: Hybrid
		q_c:	320.5	467.0	504.5
		ub :	333.004	477.4561	516.3085
		lb :	307.996	456.5439	492.6915
		P^-1:
			0.022	-0.0087	0.0074
			-0.0087	0.0268	-0.0086
			0.0074	-0.0086	0.0206
		A:
			-0.2537	-0.2323	-0.939
			-0.9138	0.3248	-0.2437
			-0.5489	0.6567	-0.5172
			0.4918	-0.8675	-0.075
			0.7217	-0.239	0.6496
			-0.6154	0.7833	0.0875
		b:
			-658.2986
			-260.4405
			-127.6985
			-281.5306
			450.7698
			216.5607


===========================================================================================
===========================================================================================
S7:
	q_c:	133.5	383.0	412.5
	ub :	149.5203	408.4754	439.0299
	lb :	105.7633	368.9018	387.5712

	==================================================================================
	Q1:
		Shape: Ellipse
		q_c:	117.5	392.5	402.5
		ub :	129.2367	407.761	417.4288
		lb :	105.7633	377.239	387.5712
		P^-1:
			0.0147	-0.0022	-0.0016
			-0.0022	0.0135	0.0026
			-0.0016	0.0026	0.0119
	==================================================================================
	Q2:
		Shape: Polyhedra
		q_c:	132.5	378.0	413.0
		ub :	137.2274	381.6512	422.869
		lb :	127.7726	374.3488	403.131
		A:
			0.1238	0.6607	0.7403
			-0.7507	-0.6548	-0.0877
			-0.8413	-0.4973	-0.2119
			-0.7297	-0.6726	-0.1231
			0.7265	0.6745	0.1313
			-0.5045	-0.8628	0.0323
			0.7197	0.6867	0.1023
			0.681	-0.7269	0.0885
			0.1351	0.006	-0.9908
			-0.7197	-0.6867	-0.1023
			-0.681	0.7269	-0.0885
			-0.1351	-0.006	0.9908
		b:
			578.8518
			-382.1419
			-385.3489
			-400.7585
			406.4827
			-377.8632
			398.1818
			-144.0022
			-379.5388
			-396.1818
			152.0022
			398.5388
	==================================================================================
	Q3:
		Shape: Polyhedra
		q_c:	138.0	397.5	400.0
		ub :	149.5203	405.6391	406.1817
		lb :	126.4797	389.3609	393.8183
		A:
			-0.0992	0.1368	0.9856
			0.1697	-0.1178	0.9784
			0.3338	-0.065	0.9404
			0.2858	-0.9243	-0.2529
			0.7062	-0.7078	-0.0179
			0.0009	-0.9987	-0.0507
			0.9345	0.3344	0.1224
			-0.3059	0.578	0.7565
			0.1822	-0.7444	0.6424
			-0.9345	-0.3344	-0.1224
			0.3059	-0.578	-0.7565
			-0.1822	0.7444	-0.6424
		b:
			438.5188
			372.2083
			401.7212
			-425.5614
			-185.6196
			-412.2788
			321.3335
			493.6452
			-10.3025
			-300.3335
			-486.6452
			17.3025
	==================================================================================
	Q4:
		Shape: Polyhedra
		q_c:	141.0	388.5	430.5
		ub :	146.1804	396.3128	439.0299
		lb :	135.8196	380.6872	421.9701
		A:
			0.0786	0.6048	0.7925
			0.881	0.1793	0.4379
			0.5583	-0.3837	-0.7356
			-0.548	0.6611	-0.5124
			-0.6662	0.2496	0.7027
			-0.4238	0.5026	0.7535
			0.6723	0.6261	0.395
			0.7395	-0.5926	-0.3193
			0.0342	0.5067	-0.8614
			-0.6723	-0.6261	-0.395
			-0.7395	0.5926	0.3193
			-0.0342	-0.5067	0.8614
		b:
			591.3812
			386.214
			-382.5202
			-35.2633
			310.1944
			464.1915
			511.5789
			-259.9155
			-162.1498
			-504.5789
			266.9155
			176.1498
	==================================================================================
	Q5:
		Shape: Polyhedra
		q_c:	123.0	373.5	423.0
		ub :	130.0432	378.0982	429.5921
		lb :	115.9568	368.9018	416.4079
		A:
			-0.1723	0.9697	0.173
			-0.8648	0.0252	0.5014
			0.5017	-0.5155	0.6947
			0.133	-0.8625	-0.4882
			-0.61	-0.6758	0.4137
			0.1931	0.8328	0.5188
			0.9187	0.17	0.3565
			0.2582	-0.9415	-0.2166
			0.2988	0.291	-0.9088
			-0.9187	-0.17	-0.3565
			-0.2582	0.9415	0.2166
			-0.2988	-0.291	0.9088
		b:
			416.7156
			119.8501
			167.5857
			-509.4984
			-147.9019
			557.8186
			332.7917
			-408.9954
			-234.4811
			-321.7917
			413.9954
			243.4811
	==================================================================================
	Q6:
		Shape: Hybrid
		q_c:	130.5	399.5	411.0
		ub :	138.7768	408.4754	420.7869
		lb :	122.2232	390.5246	401.2131
		P^-1:
			0.0363	-0.0249	-0.01
			-0.0249	0.0588	0.0168
			-0.01	0.0168	0.0247
		A:
			-0.6761	0.7289	-0.1078
			0.5697	-0.7231	-0.3906
			0.0865	-0.7172	-0.6915
			-0.3424	0.8757	0.3404
			-0.7696	0.6009	0.2159
			-0.551	0.8281	-0.1032
		b:
			161.446
			-373.236
			-556.2999
			447.0072
			230.6316
			219.2014


===========================================================================================
===========================================================================================
S8:
	q_c:	67.5	137.5	488.0
	ub :	71.7477	144.9051	495.8375
	lb :	57.6502	130.3618	482.0604

	==================================================================================
	Q1:
		Shape: Polyhedra
		q_c:	64.0	134.5	486.5
		ub :	65.7617	135.7278	487.8959
		lb :	62.2383	133.2722	485.1041
		A:
			0.6235	-0.76	0.1834
			0.6844	-0.6665	0.2958
			0.7943	-0.2504	-0.5535
			0.4813	-0.8625	0.1561
			-0.03	-0.9574	-0.2871
			-0.5316	0.8339	-0.1481
			0.8412	0.4662	0.274
			0.2639	0.0884	-0.9605
			-0.472	0.8803	-0.0487
			-0.8412	-0.4662	-0.274
			-0.2639	-0.0884	0.9605
			0.472	-0.8803	0.0487
		b:
			27.5173
			98.7607
			-251.1641
			-8.755
			-269.4128
			6.6129
			251.3464
			-437.5014
			65.0118
			-248.3464
			439.5014
			-64.0118
	==================================================================================
	Q2:
		Shape: Hybrid
		q_c:	69.0	137.5	486.0
		ub :	71.7477	141.2389	489.9396
		lb :	66.2523	133.7611	482.0604
		P^-1:
			0.5592	-0.3449	-0.2395
			-0.3449	0.4328	0.2318
			-0.2395	0.2318	0.2791
		A:
			0.8014	-0.5842	0.1284
			-0.1898	0.1811	0.965
			-0.9969	-0.0772	-0.0136
			0.2309	-0.8719	-0.4318
			-0.7977	0.5991	-0.0698
			-0.4743	0.5393	0.6958
		b:
			38.5731
			482.5713
			-84.4969
			-312.7231
			-5.4549
			380.444
	==================================================================================
	Q3:
		Shape: Polyhedra
		q_c:	61.5	135.0	491.5
		ub :	65.3498	138.4689	494.7038
		lb :	57.6502	131.5311	488.2962
		A:
			-0.2333	0.6081	0.7588
			0.9654	0.1745	-0.1937
			-0.3461	0.8249	0.4469
			-0.7209	0.6878	-0.0851
			0.5591	-0.1625	-0.813
			0.0327	-0.3074	0.951
			0.3883	0.0562	0.9198
			-0.831	0.4527	0.3232
			-0.3982	-0.8899	0.2225
			-0.3883	-0.0562	-0.9198
			0.831	-0.4527	-0.3232
			0.3982	0.8899	-0.2225
		b:
			443.0223
			-9.7861
			312.1805
			9.1496
			-384.7762
			430.0615
			485.5575
			171.3447
			-32.7578
			-481.5575
			-166.3447
			37.7578
	==================================================================================
	Q4:
		Shape: Ellipse
		q_c:	66.0	133.5	493.0
		ub :	69.06	136.6382	495.8375
		lb :	62.94	130.3618	490.1625
		P^-1:
			0.5492	0.0326	-0.399
			0.0326	0.2349	-0.0974
			-0.399	-0.0974	0.6258
	==================================================================================
	Q5:
		Shape: Hybrid
		q_c:	64.5	140.0	487.0
		ub :	67.2785	143.6169	490.2127
		lb :	61.7215	136.3831	483.7873
		P^-1:
			0.247	0.0118	-0.0109
			0.0118	0.2031	0.0434
			-0.0109	0.0434	0.2098
		A:
			-0.2205	0.263	0.9393
			0.5632	0.133	0.8155
			0.9676	-0.171	0.1857
			0.471	-0.114	-0.8747
			-0.7476	0.6456	0.1561
			0.8601	-0.3048	-0.409
		b:
			481.1114
			453.2808
			130.011
			-410.4851
			119.331
			-185.3685
	==================================================================================
	Q6:
		Shape: Polyhedra
		q_c:	66.5	141.0	486.5
		ub :	70.2855	144.9051	490.845
		lb :	62.7145	137.0949	482.155
		A:
			-0.2959	0.919	-0.2604
			-0.1424	-0.9542	0.2629
			-0.5914	-0.2461	0.7679
			0.8885	-0.0742	0.4529
			-0.8169	0.4792	0.3211
			0.9703	-0.2343	0.0608
			0.1637	0.8976	0.4092
			0.888	0.0466	-0.4575
			-0.4298	0.4382	-0.7895
			-0.1637	-0.8976	-0.4092
			-0.888	-0.0466	0.4575
			0.4298	-0.4382	0.7895
		b:
			-14.0561
			-13.2901
			302.0629
			271.5049
			172.0534
			63.5438
			339.5196
			-154.4605
			-348.3611
			-333.5196
			159.4605
			353.3611


===========================================================================================
===========================================================================================
S9:
	q_c:	443.5	73.5	330.0
	ub :	466.405	106.926	354.2082
	lb :	421.1499	52.795	300.4488

	==================================================================================
	Q1:
		Shape: Polyhedra
		q_c:	446.0	67.5	345.5
		ub :	457.0397	78.8182	354.2082
		lb :	434.9603	56.1818	336.7918
		A:
			0.306	-0.4171	-0.8558
			-0.8014	-0.1612	0.5761
			-0.9826	-0.0887	0.1633
			0.3815	-0.189	0.9048
			-0.4787	0.81	-0.3388
			-0.8833	0.1743	-0.4352
			0.5312	0.7414	0.4102
			0.6782	-0.6622	0.3187
			0.5079	0.1089	-0.8545
			-0.5312	-0.7414	-0.4102
			-0.6782	0.6622	-0.3187
			-0.5079	-0.1089	0.8545
		b:
			-182.011
			-164.7505
			-381.503
			476.3551
			-268.8374
			-525.1343
			437.1643
			374.8646
			-57.8596
			-420.1643
			-360.8646
			64.8596
	==================================================================================
	Q2:
		Shape: Hybrid
		q_c:	456.0	72.5	317.0
		ub :	466.405	82.4816	327.2403
		lb :	445.595	62.5184	306.7597
		P^-1:
			0.0302	-0.0086	0.0032
			-0.0086	0.0316	-0.0011
			0.0032	-0.0011	0.0223
		A:
			0.6147	-0.6052	0.5059
			-0.4215	-0.1046	0.9008
			0.4318	0.4511	0.7811
			-0.9573	0.2611	0.1239
			-0.3859	0.4796	0.7881
			-0.2417	0.7808	-0.5762
		b:
			399.5235
			90.2136
			481.1939
			-375.1079
			112.5212
			-233.0099
	==================================================================================
	Q3:
		Shape: Polyhedra
		q_c:	434.5	66.0	335.5
		ub :	447.8501	72.8662	348.8271
		lb :	421.1499	59.1338	322.1729
		A:
			0.3495	-0.9367	-0.0199
			0.2037	-0.9597	0.1934
			0.9366	-0.0916	0.3381
			-0.3438	0.9378	-0.048
			-0.4553	0.7784	-0.4322
			-0.1012	-0.9515	0.2904
			0.7789	0.3399	0.527
			-0.5759	0.0548	0.8157
			0.2484	-0.9389	0.2385
			-0.7789	-0.3399	-0.527
			0.5759	-0.0548	-0.8157
			-0.2484	0.9389	-0.2385
		b:
			87.6045
			93.5958
			522.7656
			-99.6253
			-287.049
			-4.7395
			546.69
			36.5838
			129.4462
			-528.69
			-17.5838
			-122.4462
	==================================================================================
	Q4:
		Shape: Hybrid
		q_c:	440.5	90.5	315.0
		ub :	457.0972	106.926	329.5512
		lb :	423.9028	74.074	300.4488
		P^-1:
			0.0105	0.0009	0.0023
			0.0009	0.0115	0.0028
			0.0023	0.0028	0.0119
		A:
			0.6568	0.7499	0.0798
			0.8077	0.2082	0.5517
			0.1165	0.7746	-0.6217
			0.4288	0.6989	0.5725
			0.2335	0.0929	0.9679
			0.9473	-0.3188	0.0325
		b:
			387.658
			553.0402
			-67.6763
			436.5502
			421.1528
			404.6819
	==================================================================================
	Q5:
		Shape: Polyhedra
		q_c:	437.5	70.0	337.0
		ub :	452.7622	87.205	353.0116
		lb :	422.2378	52.795	320.9884
		A:
			0.8663	0.499	-0.0228
			0.3192	0.8697	-0.3765
			0.8611	-0.4539	-0.229
			-0.8538	-0.2842	0.4362
			0.3487	-0.8722	-0.343
			-0.1654	0.6491	-0.7425
			0.8214	0.4116	0.3948
			-0.1839	-0.464	0.8665
			0.5398	-0.7844	-0.3055
			-0.8214	-0.4116	-0.3948
			0.1839	0.464	-0.8665
			-0.5398	0.7844	0.3055
		b:
			415.5281
			83.9344
			278.4539
			-236.4769
			-13.1865
			-266.6135
			530.2261
			189.5649
			89.3222
			-512.2261
			-168.5649
			-67.3222
	==================================================================================
	Q6:
		Shape: Hybrid
		q_c:	452.5	85.0	337.0
		ub :	463.4435	93.161	348.0085
		lb :	441.5565	76.839	325.9915
		P^-1:
			0.0272	0.0053	0.0101
			0.0053	0.0276	0.0046
			0.0101	0.0046	0.0244
		A:
			0.5	-0.8359	-0.2263
			-0.5034	-0.7024	0.5032
			-0.1926	-0.9519	-0.2382
			-0.7411	-0.0964	-0.6644
			-0.9564	0.2001	-0.2127
			-0.1829	-0.4985	-0.8474
		b:
			83.2993
			-113.3089
			-245.0776
			-564.6811
			-483.6425
			-407.229


===========================================================================================
===========================================================================================
S10:
	q_c:	161.5	28.5	255.5
	ub :	181.8522	48.4268	274.9468
	lb :	158.8135	14.8512	241.9978

	==================================================================================
	Q1:
		Shape: Ellipse
		q_c:	168.5	40.5	267.5
		ub :	176.8202	48.4268	274.9468
		lb :	160.1798	32.5732	260.0532
		P^-1:
			0.0393	0.0005	0.0029
			0.0005	0.0397	-0.0019
			0.0029	-0.0019	0.0288
	==================================================================================
	Q2:
		Shape: Polyhedra
		q_c:	165.5	20.5	261.0
		ub :	171.6077	26.1488	266.3892
		lb :	159.3923	14.8512	255.6108
		A:
			0.2383	-0.4563	-0.8573
			0.2485	0.4788	0.842
			-0.0535	-0.2047	0.9774
			0.2908	-0.2227	-0.9305
			0.9959	0.0872	-0.0257
			-0.7086	0.2169	0.6714
			0.9795	0.115	0.1657
			-0.1454	-0.1668	0.9752
			0.1398	-0.9793	-0.1467
			-0.9795	-0.115	-0.1657
			0.1454	0.1668	-0.9752
			-0.1398	0.9793	0.1467
		b:
			-189.4816
			275.0756
			246.0458
			-195.2087
			164.8744
			66.8265
			212.6988
			231.0513
			-30.7196
			-202.6988
			-223.0513
			39.7196
	==================================================================================
	Q3:
		Shape: Hybrid
		q_c:	173.5	38.0	262.0
		ub :	181.8522	43.1605	270.3798
		lb :	165.1478	32.8395	253.6202
		P^-1:
			0.031	0.0014	0.008
			0.0014	0.0492	-0.0016
			0.008	-0.0016	0.0328
		A:
			0.9137	-0.059	-0.4022
			-0.6276	0.3618	-0.6894
			0.3835	-0.6242	-0.6806
			-0.8664	-0.3977	0.3018
			0.228	-0.325	0.9178
			-0.1506	0.8638	-0.4808
		b:
			55.0358
			-273.078
			-131.8993
			-82.6606
			270.6459
			-116.8807
	==================================================================================
	Q4:
		Shape: Ellipse
		q_c:	167.0	26.0	259.5
		ub :	175.1865	35.6842	269.3819
		lb :	158.8135	16.3158	249.6181
		P^-1:
			0.0588	0.0278	0.0064
			0.0278	0.044	0.0069
			0.0064	0.0069	0.0229
	==================================================================================
	Q5:
		Shape: Hybrid
		q_c:	167.5	25.0	245.0
		ub :	171.6385	29.9294	248.0022
		lb :	163.3615	20.0706	241.9978
		P^-1:
			0.1394	-0.0423	-0.0009
			-0.0423	0.123	-0.1123
			-0.0009	-0.1123	0.4046
		A:
			-0.1046	0.2087	-0.9724
			0.9812	-0.183	0.0617
			-0.4533	-0.2278	0.8617
			0.0692	0.0181	-0.9974
			0.4609	-0.6841	0.5654
			-0.4351	0.5734	-0.6942
		b:
			-249.6907
			176.817
			130.6222
			-231.282
			199.9161
			-227.5555
	==================================================================================
	Q6:
		Shape: Hybrid
		q_c:	167.0	39.5	253.0
		ub :	175.0513	45.6871	259.7986
		lb :	158.9487	33.3129	246.2014
		P^-1:
			0.0328	-0.0238	0.0036
			-0.0238	0.1727	-0.0991
			0.0036	-0.0991	0.1176
		A:
			0.1834	0.7062	-0.6839
			-0.512	-0.8209	-0.253
			0.7852	-0.5717	-0.2379
			-0.1949	-0.9069	0.3736
			0.0507	-0.5092	-0.8592
			0.7049	0.6472	-0.2903
		b:
			-113.0197
			-177.2351
			51.9116
			28.2095
			-225.0245
			73.9308


===========================================================================================
===========================================================================================
S11:
	q_c:	126.0	115.0	133.0
	ub :	142.4537	133.0124	148.198
	lb :	112.1022	106.4381	119.0035

	==================================================================================
	Q1:
		Shape: Ellipse
		q_c:	131.0	118.0	125.0
		ub :	136.5252	123.4337	128.7799
		lb :	125.4748	112.5663	121.2201
		P^-1:
			0.3037	0.0618	-0.4064
			0.0618	0.0908	-0.0381
			-0.4064	-0.0381	0.7567
	==================================================================================
	Q2:
		Shape: Ellipse
		q_c:	132.5	126.0	128.5
		ub :	140.0312	133.0124	132.9943
		lb :	124.9688	118.9876	124.0057
		P^-1:
			0.1196	-0.1103	0.0233
			-0.1103	0.1383	-0.0335
			0.0233	-0.0335	0.0915
	==================================================================================
	Q3:
		Shape: Ellipse
		q_c:	125.0	121.5	125.5
		ub :	131.1182	125.7687	131.9965
		lb :	118.8818	117.2313	119.0035
		P^-1:
			0.0567	0.0073	0.0045
			0.0073	0.1492	-0.0314
			0.0045	-0.0314	0.066
	==================================================================================
	Q4:
		Shape: Polyhedra
		q_c:	133.0	115.5	135.5
		ub :	142.4537	124.5619	143.4343
		lb :	123.5463	106.4381	127.5657
		A:
			0.3042	-0.9495	0.0763
			0.1142	-0.9934	-0.0134
			-0.8559	0.1288	-0.5009
			0.3431	-0.9357	0.082
			0.0562	-0.7457	0.6639
			-0.4169	0.4074	-0.8126
			0.7127	0.6744	0.193
			0.3452	-0.5767	0.7405
			0.6107	-0.4611	-0.6438
			-0.7127	-0.6744	-0.193
			-0.3452	0.5767	-0.7405
			-0.6107	0.4611	0.6438
		b:
			-53.7627
			-95.966
			-161.9873
			-46.2402
			15.1762
			-114.853
			204.8345
			83.1362
			-52.7656
			-192.8345
			-76.1362
			65.7656
	==================================================================================
	Q5:
		Shape: Ellipse
		q_c:	118.0	114.0	137.0
		ub :	123.8978	120.0442	142.5468
		lb :	112.1022	107.9558	131.4532
		P^-1:
			0.066	-0.0095	0.0082
			-0.0095	0.0885	-0.0223
			0.0082	-0.0223	0.0816
	==================================================================================
	Q6:
		Shape: Hybrid
		q_c:	120.5	112.5	143.5
		ub :	125.0789	117.3341	148.198
		lb :	115.9211	107.6659	138.802
		P^-1:
			0.1038	0.034	0.0093
			0.034	0.134	0.0143
			0.0093	0.0143	0.0855
		A:
			-0.7351	-0.1543	-0.6601
			0.7691	-0.1782	0.6138
			-0.22	-0.3764	-0.9
			0.0919	-0.0069	-0.9957
			-0.0616	0.7509	0.6575
			0.6598	-0.7189	0.2189
		b:
			-198.8269
			162.8228
			-196.1041
			-130.3693
			173.1717
			32.2568


===========================================================================================
===========================================================================================
S12:
	q_c:	242.0	295.5	65.0
	ub :	259.2899	312.9033	87.8635
	lb :	229.0049	278.638	47.3482

	==================================================================================
	Q1:
		Shape: Hybrid
		q_c:	249.0	288.0	57.0
		ub :	259.2899	292.2539	66.6518
		lb :	238.7101	283.7461	47.3482
		P^-1:
			0.0202	0.0252	0.0017
			0.0252	0.2383	0.0441
			0.0017	0.0441	0.0308
		A:
			-0.0563	0.8336	-0.5495
			-0.3677	-0.7959	-0.481
			0.1488	-0.9147	-0.3758
			-0.977	-0.1799	0.1143
			-0.5702	-0.8041	-0.1682
			0.0025	-0.9285	-0.3713
		b:
			199.0173
			-345.4668
			-245.9353
			-282.3334
			-380.0736
			-286.5717
	==================================================================================
	Q2:
		Shape: Polyhedra
		q_c:	251.5	287.0	57.0
		ub :	258.9134	295.362	64.2393
		lb :	244.0866	278.638	49.7607
		A:
			-0.2905	0.9214	0.2581
			-0.9545	0.2945	0.0473
			0.2183	0.5045	0.8354
			-0.1067	0.5713	0.8137
			-0.4425	0.7234	-0.53
			0.6493	0.6119	-0.4517
			0.7972	0.4752	0.3724
			0.2331	0.3267	-0.9159
			-0.5569	0.817	0.1497
			-0.7972	-0.4752	-0.3724
			-0.2331	-0.3267	0.9159
			0.5569	-0.817	-0.1497
		b:
			211.9267
			-147.6102
			251.9536
			188.8382
			71.8225
			317.9543
			361.5971
			105.6801
			108.9595
			-354.5971
			-94.6801
			-96.9595
	==================================================================================
	Q3:
		Shape: Polyhedra
		q_c:	237.0	300.0	58.5
		ub :	244.9951	306.6047	66.608
		lb :	229.0049	293.3953	50.392
		A:
			-0.3501	-0.5427	0.7634
			0.2775	-0.8051	0.5242
			0.0103	-0.9799	0.199
			-0.2578	0.5388	-0.8021
			0.4158	-0.4507	0.7899
			0.5105	-0.3912	-0.7657
			0.5617	0.5949	0.575
			-0.74	0.0506	0.6707
			0.3699	-0.8022	0.4686
			-0.5617	-0.5949	-0.575
			0.74	-0.0506	-0.6707
			-0.3699	0.8022	-0.4686
		b:
			-197.0439
			-141.5926
			-275.7283
			57.4858
			13.6496
			-36.4365
			351.2261
			-116.4775
			-122.0971
			-339.2261
			125.4775
			129.0971
	==================================================================================
	Q4:
		Shape: Hybrid
		q_c:	251.0	302.5	66.0
		ub :	256.0718	309.4268	72.1283
		lb :	245.9282	295.5732	59.8717
		P^-1:
			0.1988	-0.0693	0.0524
			-0.0693	0.0604	-0.0343
			0.0524	-0.0343	0.0811
		A:
			0.5338	-0.3219	0.782
			-0.0905	-0.3081	0.947
			0.9256	0.1089	-0.3626
			-0.9716	0.2241	-0.0759
			-0.841	0.541	-0.0088
			0.2666	0.4577	-0.8482
		b:
			89.9645
			-50.6266
			243.8333
			-179.7818
			-46.3851
			152.4331
	==================================================================================
	Q5:
		Shape: Polyhedra
		q_c:	248.0	303.0	76.5
		ub :	258.0558	312.9033	86.3723
		lb :	237.9442	293.0967	66.6277
		A:
			0.736	0.5593	-0.3815
			0.6201	0.7841	-0.0263
			0.4078	0.8495	0.3347
			-0.1853	-0.6814	0.708
			-0.6651	-0.718	0.2052
			-0.0078	-0.2833	-0.959
			0.3987	0.8724	0.2829
			0.9164	-0.3667	-0.1607
			-0.0364	0.3233	-0.9456
			-0.3987	-0.8724	-0.2829
			-0.9164	0.3667	0.1607
			0.0364	-0.3233	0.9456
		b:
			329.619
			394.9075
			389.1548
			-191.2382
			-360.7388
			-154.1613
			389.8384
			112.3724
			24.0877
			-379.8384
			-95.3724
			-9.0877
	==================================================================================
	Q6:
		Shape: Polyhedra
		q_c:	246.5	296.5	79.0
		ub :	257.4566	306.8722	87.8635
		lb :	235.5434	286.1278	70.1365
		A:
			-0.2829	0.5294	0.7998
			0.2934	0.065	0.9538
			0.915	0.3254	-0.2386
			-0.0892	-0.9886	0.1214
			0.6867	0.6295	-0.3635
			-0.75	0.2607	0.6078
			0.4304	0.6719	0.6028
			0.7423	-0.6434	0.1871
			0.5136	0.3669	-0.7756
			-0.4304	-0.6719	-0.6028
			-0.7423	0.6434	-0.1871
			-0.5136	-0.3669	0.7756
		b:
			156.1023
			172.5079
			309.3094
			-299.2188
			332.8668
			-52.8118
			357.4131
			14.9949
			180.1233
			-348.4131
			1.0051
			-168.1233


===========================================================================================
===========================================================================================
S13:
	q_c:	63.5	421.0	150.0
	ub :	73.6242	430.06	156.8818
	lb :	56.1199	414.4012	141.895

	==================================================================================
	Q1:
		Shape: Hybrid
		q_c:	60.0	423.0	151.0
		ub :	63.8646	426.7585	153.5572
		lb :	56.1354	419.2415	148.4428
		P^-1:
			0.2101	0.1251	0.0561
			0.1251	0.2693	0.0767
			0.0561	0.0767	0.3261
		A:
			0.7212	0.2754	-0.6356
			0.43	0.8999	0.073
			0.4869	0.7765	-0.4
			-0.6339	0.0367	-0.7725
			0.1511	0.7927	0.5906
			0.4639	0.8173	0.3419
		b:
			65.2066
			418.4829
			298.4592
			-137.7964
			434.5818
			426.013
	==================================================================================
	Q2:
		Shape: Hybrid
		q_c:	64.0	424.0	147.0
		ub :	66.5912	426.9723	149.7744
		lb :	61.4088	421.0277	144.2256
		P^-1:
			0.2779	0.054	0.0416
			0.054	0.3545	0.0805
			0.0416	0.0805	0.3121
		A:
			-0.2198	0.8736	-0.4342
			0.3904	0.4003	-0.8291
			-0.027	0.9726	0.2309
			0.712	0.4222	0.5611
			0.5224	0.3383	0.7827
			0.6492	0.7494	0.1301
		b:
			293.7288
			74.0912
			445.5221
			307.908
			292.8064
			379.3198
	==================================================================================
	Q3:
		Shape: Polyhedra
		q_c:	68.5	418.5	149.0
		ub :	72.7031	422.5988	152.6028
		lb :	64.2969	414.4012	145.3972
		A:
			-0.9067	0.3884	0.1645
			0.4629	-0.8131	0.3528
			0.1171	-0.8759	0.468
			-0.2478	0.0501	0.9675
			-0.8635	-0.3273	0.3837
			0.1594	-0.1222	0.9796
			0.824	0.41	0.391
			-0.528	0.8061	0.2674
			-0.2055	-0.4268	0.8807
			-0.824	-0.41	-0.391
			0.528	-0.8061	-0.2674
			0.2055	0.4268	-0.8807
		b:
			127.559
			-253.6455
			-286.6071
			150.291
			-136.3789
			108.0021
			289.2979
			343.5167
			-59.4543
			-283.2979
			-338.5167
			63.4543
	==================================================================================
	Q4:
		Shape: Ellipse
		q_c:	68.5	424.0	153.0
		ub :	73.6242	428.1432	156.8818
		lb :	63.3758	419.8568	149.1182
		P^-1:
			0.0675	-0.0128	-0.0073
			-0.0128	0.1074	-0.0022
			-0.0073	-0.0022	0.1099
	==================================================================================
	Q5:
		Shape: Hybrid
		q_c:	63.0	425.5	147.5
		ub :	66.6673	430.06	151.2038
		lb :	59.3327	420.94	143.7962
		P^-1:
			0.1537	-0.0206	-0.0054
			-0.0206	0.0925	-0.0176
			-0.0054	-0.0176	0.1554
		A:
			-0.8008	-0.3675	0.473
			-0.7229	0.2021	-0.6608
			-0.4407	0.2674	0.8569
			-0.1391	0.2009	0.9697
			-0.2925	-0.1785	0.9395
			0.1468	0.1775	-0.9731
		b:
			-135.5648
			-55.7393
			213.7893
			221.1797
			45.4256
			-57.5291
	==================================================================================
	Q6:
		Shape: Ellipse
		q_c:	60.5	422.5	146.5
		ub :	64.8801	426.3169	151.105
		lb :	56.1199	418.6831	141.895
		P^-1:
			0.148	-0.0143	-0.0155
			-0.0143	0.1431	-0.0184
			-0.0155	-0.0184	0.14


===========================================================================================
===========================================================================================
S14:
	q_c:	216.5	44.0	411.5
	ub :	230.4175	56.1072	430.3522
	lb :	206.7806	31.9125	415.6892

	==================================================================================
	Q1:
		Shape: Ellipse
		q_c:	212.5	43.5	425.0
		ub :	218.2194	49.4997	429.4834
		lb :	206.7806	37.5003	420.5166
		P^-1:
			0.1408	0.0723	-0.1481
			0.0723	0.1099	-0.11
			-0.1481	-0.11	0.3056
	==================================================================================
	Q2:
		Shape: Ellipse
		q_c:	217.5	35.5	425.5
		ub :	221.6975	39.0875	428.4135
		lb :	213.3025	31.9125	422.5865
		P^-1:
			0.2918	0.3073	0.0243
			0.3073	0.6145	0.3064
			0.0243	0.3064	0.6006
	==================================================================================
	Q3:
		Shape: Ellipse
		q_c:	226.5	42.5	421.0
		ub :	230.4175	46.9915	425.5478
		lb :	222.5825	38.0085	416.4522
		P^-1:
			0.1365	-0.017	-0.0176
			-0.017	0.1478	-0.0127
			-0.0176	-0.0127	0.1469
	==================================================================================
	Q4:
		Shape: Hybrid
		q_c:	216.0	42.0	423.5
		ub :	221.8059	48.2733	430.3522
		lb :	210.1941	35.7267	416.6478
		P^-1:
			0.0961	0.0431	0.0214
			0.0431	0.0963	0.039
			0.0214	0.039	0.0701
		A:
			-0.8329	-0.5528	0.0266
			0.7692	-0.25	-0.5881
			0.745	0.3677	0.5566
			-0.2604	-0.6906	0.6748
			-0.8669	-0.4916	-0.0818
			-0.7764	-0.2873	0.5609
		b:
			-190.0964
			-90.6504
			413.7366
			203.9172
			-240.9013
			60.4901
	==================================================================================
	Q5:
		Shape: Polyhedra
		q_c:	226.0	53.0	424.5
		ub :	230.295	56.1072	428.634
		lb :	221.705	49.8928	420.366
		A:
			0.9594	-0.02	0.2814
			-0.2302	0.3199	0.9191
			-0.4515	-0.8613	0.2331
			-0.0766	0.9454	-0.3168
			-0.9189	-0.133	-0.3713
			0.096	-0.8396	0.5346
			0.6984	0.1132	0.7067
			-0.6501	-0.3127	0.6926
			0.2994	-0.9431	-0.1448
			-0.6984	-0.1132	-0.7067
			0.6501	0.3127	-0.6926
			-0.2994	0.9431	0.1448
		b:
			337.7909
			357.7187
			-46.1572
			-99.4144
			-369.7707
			206.5749
			466.327
			133.5014
			-41.8077
			-461.327
			-127.5014
			45.8077
	==================================================================================
	Q6:
		Shape: Hybrid
		q_c:	217.5	39.5	422.0
		ub :	219.7427	45.6786	428.3108
		lb :	215.2573	33.3214	415.6892
		P^-1:
			3.6873	-0.0736	-1.0653
			-0.0736	0.0492	0.0178
			-1.0653	0.0178	0.3529
		A:
			0.8823	0.0481	-0.4682
			0.9182	-0.1216	-0.3771
			-0.7196	0.6287	-0.2948
			0.9439	-0.1022	-0.314
			-0.9687	-0.009	0.2481
			0.9476	-0.1315	-0.2913
		b:
			-2.9149
			36.3936
			-252.748
			69.1889
			-106.0379
			78.4428


===========================================================================================
===========================================================================================
S15:
	q_c:	297.0	37.5	406.0
	ub :	309.6527	50.5824	417.3085
	lb :	284.4189	23.596	391.5105

	==================================================================================
	Q1:
		Shape: Ellipse
		q_c:	299.0	27.5	410.0
		ub :	305.7093	31.404	417.0061
		lb :	292.2907	23.596	402.9939
		P^-1:
			0.2299	0.3811	0.0326
			0.3811	0.8045	0.0653
			0.0326	0.0653	0.0456
	==================================================================================
	Q2:
		Shape: Hybrid
		q_c:	297.0	27.5	412.0
		ub :	300.0583	29.3448	417.3085
		lb :	293.9417	25.6552	406.6915
		P^-1:
			0.4011	-0.3037	0.0645
			-0.3037	0.8374	-0.0574
			0.0645	-0.0574	0.0515
		A:
			-0.4145	-0.9033	-0.1108
			0.6816	0.72	-0.1305
			0.759	-0.6442	-0.0939
			-0.8046	-0.4143	-0.4254
			-0.9251	0.3797	-0.0061
			-0.9689	-0.1104	0.2213
		b:
			-192.3722
			170.1651
			170.1534
			-423.7432
			-265.6506
			-197.5475
	==================================================================================
	Q3:
		Shape: Hybrid
		q_c:	304.5	37.0	409.0
		ub :	309.6527	42.1682	414.2703
		lb :	299.3473	31.8318	403.7297
		P^-1:
			0.0494	-0.0	0.0003
			-0.0	0.0494	0.0003
			0.0003	0.0003	0.04
		A:
			-0.1223	0.8206	-0.5583
			0.0573	-0.9657	0.2534
			-0.2425	-0.7579	0.6056
			0.5662	0.8077	0.1646
			-0.5604	0.8268	0.0478
			0.0947	-0.684	-0.7233
		b:
			-232.7879
			87.6362
			148.2508
			271.8546
			-118.2682
			-289.8158
	==================================================================================
	Q4:
		Shape: Polyhedra
		q_c:	292.5	42.5	397.0
		ub :	300.5811	50.5824	402.4895
		lb :	284.4189	34.4176	391.5105
		A:
			-0.2479	0.947	-0.2043
			0.7885	0.5485	-0.2783
			-0.4353	-0.138	0.8896
			0.8021	0.2206	-0.555
			0.2021	-0.5062	-0.8384
			-0.0162	-0.4782	0.8781
			0.5524	0.7586	0.3454
			-0.1769	-0.2983	0.9379
			0.8146	-0.5793	-0.0305
			-0.5524	-0.7586	-0.3454
			0.1769	0.2983	-0.9379
			-0.8146	0.5793	0.0305
		b:
			-108.0483
			148.0241
			224.2052
			28.4161
			-290.5455
			327.6864
			335.4682
			311.9345
			207.5139
			-326.4682
			-303.9345
			-195.5139
	==================================================================================
	Q5:
		Shape: Polyhedra
		q_c:	301.5	36.0	407.5
		ub :	306.7677	40.3516	411.9514
		lb :	296.2323	31.6484	403.0486
		A:
			0.1353	-0.8312	0.5392
			-0.7477	0.6602	0.0714
			0.3118	-0.9458	-0.0903
			-0.0029	-0.1826	-0.9832
			0.4113	0.4149	-0.8116
			-0.16	-0.9068	0.3901
			0.7698	0.4926	0.406
			0.1836	-0.78	0.5983
			0.6113	-0.386	-0.6908
			-0.7698	-0.4926	-0.406
			-0.1836	0.78	-0.5983
			-0.6113	0.386	0.6908
		b:
			232.1577
			-170.2284
			25.3891
			-405.1368
			-189.6424
			80.3996
			419.7495
			272.5741
			-108.5909
			-410.7495
			-269.5741
			113.5909
	==================================================================================
	Q6:
		Shape: Hybrid
		q_c:	290.0	44.0	405.5
		ub :	294.6159	50.2146	408.9551
		lb :	285.3841	37.7854	402.0449
		P^-1:
			0.2022	0.0523	0.0431
			0.0523	0.0496	0.006
			0.0431	0.006	0.1913
		A:
			0.9864	-0.066	-0.1507
			-0.4104	-0.8403	0.3541
			0.3488	-0.3373	0.8744
			0.8428	0.4285	0.3259
			0.0398	-0.1822	-0.9824
			-0.9069	0.1461	0.3953
		b:
			223.978
			-9.334
			442.8326
			396.6098
			-393.2641
			-94.0352


===========================================================================================
===========================================================================================
S16:
	q_c:	428.0	417.0	301.0
	ub :	452.7763	441.918	320.7917
	lb :	405.0133	392.3457	278.0697

	==================================================================================
	Q1:
		Shape: Ellipse
		q_c:	439.5	406.0	299.5
		ub :	452.7763	419.6543	310.7362
		lb :	426.2237	392.3457	288.2638
		P^-1:
			0.0136	0.0029	0.0029
			0.0029	0.0163	-0.0038
			0.0029	-0.0038	0.0215
	==================================================================================
	Q2:
		Shape: Ellipse
		q_c:	419.5	420.5	303.5
		ub :	425.7151	426.2563	311.3406
		lb :	413.2849	414.7437	295.6594
		P^-1:
			0.177	0.2015	-0.0202
			0.2015	0.2884	-0.027
			-0.0202	-0.027	0.0205
	==================================================================================
	Q3:
		Shape: Polyhedra
		q_c:	424.5	425.0	289.0
		ub :	433.9934	439.2482	299.9136
		lb :	415.0066	410.7518	278.0864
		A:
			-0.5223	0.3025	0.7973
			0.8875	-0.2391	0.3941
			-0.3391	0.824	0.4539
			-0.5487	0.5178	0.6564
			-0.1021	0.5989	0.7943
			-0.073	0.1003	-0.9923
			0.8758	0.1289	0.4651
			0.0468	0.9365	-0.3475
			-0.4803	0.3261	0.8142
			-0.8758	-0.1289	-0.4651
			-0.0468	-0.9365	0.3475
			0.4803	-0.3261	-0.8142
		b:
			140.343
			397.944
			345.586
			181.1002
			446.1689
			-267.6446
			569.4672
			330.4279
			173.0047
			-552.4672
			-304.4279
			-167.0047
	==================================================================================
	Q4:
		Shape: Hybrid
		q_c:	439.5	412.5	311.5
		ub :	448.5642	423.0964	320.6056
		lb :	430.4358	401.9036	302.3944
		P^-1:
			0.0228	0.0021	-0.0005
			0.0021	0.0186	-0.0002
			-0.0005	-0.0002	0.0178
		A:
			0.632	-0.2524	0.7327
			0.9101	-0.1947	0.3657
			-0.1324	0.8417	0.5235
			0.3013	0.8547	-0.4226
			-0.6135	0.6636	0.4281
			0.7233	0.1585	-0.6721
		b:
			405.9702
			437.3641
			456.2924
			357.2039
			141.6012
			177.5512
	==================================================================================
	Q5:
		Shape: Hybrid
		q_c:	414.0	422.5	285.5
		ub :	422.9867	432.9969	292.9303
		lb :	405.0133	412.0031	278.0697
		P^-1:
			0.0545	0.0185	-0.0151
			0.0185	0.0284	0.0166
			-0.0151	0.0166	0.0723
		A:
			-0.6719	0.6344	0.3821
			0.0451	0.651	0.7577
			0.5732	0.0157	0.8193
			-0.2857	-0.9397	-0.1881
			0.331	0.3901	-0.8592
			-0.3264	-0.4691	0.8206
		b:
			104.3269
			512.6405
			482.0555
			-564.4084
			60.1274
			-95.0731
	==================================================================================
	Q6:
		Shape: Hybrid
		q_c:	438.5	429.0	312.5
		ub :	450.7153	441.918	320.7917
		lb :	426.2847	416.082	304.2083
		P^-1:
			0.016	-0.0071	-0.0016
			-0.0071	0.0188	-0.0065
			-0.0016	-0.0065	0.038
		A:
			0.2211	-0.4857	0.8457
			0.7221	-0.6767	0.1438
			0.276	-0.424	0.8626
			-0.4052	-0.4026	-0.8208
			0.6418	-0.4064	-0.6503
			-0.3649	0.4001	-0.8407
		b:
			155.5058
			75.129
			211.3882
			-601.0696
			-92.4106
			-248.2109


===========================================================================================
===========================================================================================
S17:
	q_c:	119.5	130.5	367.0
	ub :	133.7084	147.8308	386.3791
	lb :	107.1896	116.907	349.5494

	==================================================================================
	Q1:
		Shape: Polyhedra
		q_c:	127.0	132.0	364.5
		ub :	132.5982	136.1062	370.1843
		lb :	121.4018	127.8938	358.8157
		A:
			0.801	0.4275	0.4191
			0.0198	0.9766	0.2141
			-0.0548	0.0113	-0.9984
			-0.4853	0.8499	-0.2055
			-0.0979	0.9668	0.2358
			-0.2212	-0.96	-0.1715
			0.1684	0.8495	0.5
			0.8156	0.1647	-0.5546
			-0.5535	0.5012	-0.6652
			-0.1684	-0.8495	-0.5
			-0.8156	-0.1647	0.5546
			0.5535	-0.5012	0.6652
		b:
			313.9767
			211.5298
			-365.7021
			-20.4792
			203.3637
			-215.3307
			317.2573
			-73.3296
			-242.0923
			-314.2573
			80.3296
			251.0923
	==================================================================================
	Q2:
		Shape: Ellipse
		q_c:	123.5	139.5	377.0
		ub :	133.44	147.8308	386.3791
		lb :	113.56	131.1692	367.6209
		P^-1:
			0.0339	0.0154	0.007
			0.0154	0.0415	0.0143
			0.007	0.0143	0.0353
	==================================================================================
	Q3:
		Shape: Polyhedra
		q_c:	124.0	122.0	367.0
		ub :	128.2045	127.093	371.9122
		lb :	119.7955	116.907	362.0878
		A:
			0.4734	0.8808	-0.0093
			0.6597	-0.714	0.2346
			-0.238	-0.8194	0.5214
			0.2869	0.4454	0.8481
			-0.6204	-0.7717	-0.1402
			0.7772	-0.0275	-0.6286
			0.9302	0.2654	0.2535
			-0.3069	0.184	0.9338
			0.2012	-0.9464	0.2526
			-0.9302	-0.2654	-0.2535
			0.3069	-0.184	-0.9338
			-0.2012	0.9464	-0.2526
		b:
			166.1517
			84.4876
			65.6888
			404.3616
			-219.4453
			-134.457
			243.2513
			330.5827
			6.1742
			-238.2513
			-323.5827
			1.8258
	==================================================================================
	Q4:
		Shape: Hybrid
		q_c:	128.5	139.0	362.0
		ub :	133.7084	145.6123	368.7225
		lb :	123.2916	132.3877	355.2775
		P^-1:
			0.1905	-0.0103	-0.0934
			-0.0103	0.0469	0.0014
			-0.0934	0.0014	0.102
		A:
			-0.4042	-0.3986	0.8233
			-0.064	-0.5475	0.8343
			-0.4529	0.7818	0.4285
			-0.9059	0.3383	0.2548
			0.6995	-0.3672	-0.6131
			-0.6523	0.2991	0.6964
		b:
			192.9821
			220.7945
			208.4279
			24.4442
			-181.553
			211.4175
	==================================================================================
	Q5:
		Shape: Ellipse
		q_c:	111.5	135.5	363.5
		ub :	115.8104	139.2524	367.6221
		lb :	107.1896	131.7476	359.3779
		P^-1:
			0.1576	0.0564	0.0619
			0.0564	0.2156	-0.0378
			0.0619	-0.0378	0.2085
	==================================================================================
	Q6:
		Shape: Hybrid
		q_c:	117.5	125.0	356.5
		ub :	121.3528	132.5293	363.4506
		lb :	113.6472	117.4707	349.5494
		P^-1:
			0.3747	0.0342	-0.147
			0.0342	0.0368	-0.0251
			-0.147	-0.0251	0.11
		A:
			0.7585	0.0943	-0.6448
			-0.9021	-0.0216	0.4309
			0.0585	-0.1311	-0.9896
			0.9891	0.1107	-0.0972
			-0.0367	0.449	0.8928
			-0.9499	-0.2209	0.2212
		b:
			-127.7342
			45.7427
			-358.3982
			96.7598
			374.6534
			-59.1969


===========================================================================================
===========================================================================================
S18:
	q_c:	497.0	478.5	18.5
	ub :	516.4453	493.8693	34.6993
	lb :	485.9079	458.7793	11.9257

	==================================================================================
	Q1:
		Shape: Hybrid
		q_c:	508.0	484.5	28.0
		ub :	513.5399	490.5205	33.0489
		lb :	502.4601	478.4795	22.9511
		P^-1:
			0.0744	0.0274	0.0128
			0.0274	0.0906	-0.0096
			0.0128	-0.0096	0.1066
		A:
			0.7003	-0.1281	0.7023
			-0.0136	-0.1559	-0.9877
			0.0927	0.6959	-0.7121
			-0.0349	-0.3794	-0.9246
			-0.6557	0.2134	-0.7242
			0.7696	-0.5407	-0.3396
		b:
			315.1789
			-108.3481
			365.8552
			-225.5938
			-248.1562
			122.4735
	==================================================================================
	Q2:
		Shape: Hybrid
		q_c:	492.5	488.0	19.0
		ub :	499.0921	493.8693	24.7885
		lb :	485.9079	482.1307	13.2115
		P^-1:
			0.0706	-0.0137	-0.0068
			-0.0137	0.0646	-0.0085
			-0.0068	-0.0085	0.0774
		A:
			0.6806	-0.4836	0.5504
			-0.832	0.2541	0.4932
			0.4826	-0.772	-0.4137
			-0.1354	0.9508	0.2787
			0.422	0.0844	-0.9027
			-0.7185	-0.4716	0.5113
		b:
			111.4941
			-274.6206
			-144.9567
			404.8961
			233.6052
			-572.1747
	==================================================================================
	Q3:
		Shape: Polyhedra
		q_c:	507.5	484.5	23.0
		ub :	515.6758	493.2276	29.9378
		lb :	499.3242	475.7724	16.0622
		A:
			0.9433	-0.3049	0.1315
			-0.6109	0.0433	-0.7905
			-0.793	0.5181	0.3205
			-0.73	0.6828	-0.0285
			-0.6369	0.7056	-0.3105
			-0.4645	-0.52	-0.7168
			0.7236	0.6814	0.1103
			0.6779	-0.6714	-0.2995
			-0.1301	0.2915	-0.9477
			-0.7236	-0.6814	-0.1103
			-0.6779	0.6714	0.2995
			0.1301	-0.2915	0.9477
		b:
			338.7505
			-301.2448
			-140.7559
			-36.9384
			15.512
			-497.5222
			707.3804
			14.8577
			58.9065
			-692.3804
			-8.8577
			-47.9065
	==================================================================================
	Q4:
		Shape: Ellipse
		q_c:	496.5	465.5	19.0
		ub :	503.3905	472.2207	26.0743
		lb :	489.6095	458.7793	11.9257
		P^-1:
			0.0691	0.0003	-0.0179
			0.0003	0.0603	-0.0128
			-0.0179	-0.0128	0.0478
	==================================================================================
	Q5:
		Shape: Polyhedra
		q_c:	511.0	485.0	20.5
		ub :	516.4453	493.3349	28.1024
		lb :	505.5547	476.6651	12.8976
		A:
			-0.4655	0.2383	-0.8524
			0.9642	-0.0499	0.2603
			0.561	-0.8254	-0.063
			0.8983	-0.4107	0.1563
			-0.973	0.175	-0.1504
			0.9017	-0.4287	0.0557
			0.4299	0.7344	0.5252
			0.9017	-0.32	-0.2907
			-0.0454	0.5986	-0.7998
			-0.4299	-0.7344	-0.5252
			-0.9017	0.32	0.2907
			0.0454	-0.5986	0.7998
		b:
			-134.9844
			478.1614
			-111.0522
			266.0726
			-411.8665
			256.8241
			593.6316
			302.097
			254.7415
			-579.6316
			-297.097
			-246.7415
	==================================================================================
	Q6:
		Shape: Hybrid
		q_c:	493.5	475.5	31.5
		ub :	500.548	482.326	34.6993
		lb :	486.452	468.674	28.3007
		P^-1:
			0.0527	-0.0192	-0.0369
			-0.0192	0.0532	0.0222
			-0.0369	0.0222	0.2397
		A:
			-0.1726	0.3329	0.927
			0.2337	0.3283	-0.9152
			0.1348	-0.2168	-0.9669
			0.3518	-0.2247	0.9087
			0.4694	-0.0759	-0.8797
			0.0291	-0.1616	0.9864
		b:
			103.4916
			244.4394
			-65.9737
			97.4325
			169.2689
			-30.0449


===========================================================================================
===========================================================================================
S19:
	q_c:	496.0	259.0	174.5
	ub :	518.3406	276.0854	197.3525
	lb :	476.8222	236.8996	158.2742

	==================================================================================
	Q1:
		Shape: Hybrid
		q_c:	493.5	260.5	180.0
		ub :	499.9733	267.0355	186.255
		lb :	487.0267	253.9645	173.745
		P^-1:
			0.063	0.0551	-0.0564
			0.0551	0.1832	-0.1962
			-0.0564	-0.1962	0.2713
		A:
			0.1145	0.1844	-0.9762
			-0.5734	-0.3725	0.7297
			0.3015	0.4734	-0.8276
			-0.5318	-0.4402	0.7234
			-0.5457	-0.4117	0.7299
			0.3827	0.9144	-0.1316
		b:
			-68.6999
			-246.7209
			124.268
			-245.2752
			-243.3993
			406.7133
	==================================================================================
	Q2:
		Shape: Ellipse
		q_c:	490.5	254.0	167.5
		ub :	497.4382	262.6011	176.7258
		lb :	483.5618	245.3989	158.2742
		P^-1:
			0.0611	-0.0323	-0.0192
			-0.0323	0.0636	0.0288
			-0.0192	0.0288	0.0399
	==================================================================================
	Q3:
		Shape: Ellipse
		q_c:	508.0	253.0	185.5
		ub :	518.3406	263.4411	197.3525
		lb :	497.6594	242.5589	173.6475
		P^-1:
			0.0204	-0.0	-0.0
			-0.0	0.0204	-0.0
			-0.0	-0.0	0.0204
	==================================================================================
	Q4:
		Shape: Polyhedra
		q_c:	496.5	268.5	184.5
		ub :	503.3005	275.4878	187.8549
		lb :	489.6995	261.5122	181.1451
		A:
			-0.4412	0.1687	-0.8814
			-0.6024	0.3715	-0.7064
			-0.1292	0.4342	-0.8915
			-0.4989	-0.1812	-0.8475
			0.1334	0.153	0.9792
			0.6033	-0.3415	0.7207
			0.8077	0.5896	0.0009
			0.5279	-0.7224	-0.4466
			-0.2627	0.3612	-0.8947
			-0.8077	-0.5896	-0.0009
			-0.5279	0.7224	0.4466
			0.2627	-0.3612	0.8947
		b:
			-334.8684
			-327.5664
			-110.8374
			-449.9334
			290.8988
			342.8858
			563.9894
			-8.7841
			-197.5254
			-554.9894
			19.7841
			199.5254
	==================================================================================
	Q5:
		Shape: Polyhedra
		q_c:	484.0	244.5	178.5
		ub :	491.1778	252.1004	186.5678
		lb :	476.8222	236.8996	170.4322
		A:
			-0.7042	-0.6742	0.2228
			0.7364	-0.6684	0.1042
			0.1538	0.9671	-0.2025
			-0.2475	-0.0066	-0.9689
			-0.2908	-0.7683	0.5702
			-0.2343	-0.6357	-0.7355
			0.0939	0.736	0.6704
			0.8771	0.2574	-0.4055
			-0.471	0.6261	-0.6214
			-0.0939	-0.736	-0.6704
			-0.8771	-0.2574	0.4055
			0.471	-0.6261	0.6214
		b:
			-460.5448
			216.0544
			279.4762
			-289.7802
			-222.0025
			-395.1349
			350.0818
			420.5816
			-181.807
			-340.0818
			-409.5816
			189.807
	==================================================================================
	Q6:
		Shape: Ellipse
		q_c:	498.0	265.0	181.0
		ub :	508.7832	276.0854	188.4342
		lb :	487.2168	253.9146	173.5658
		P^-1:
			0.0159	0.0008	-0.0032
			0.0008	0.0179	-0.0083
			-0.0032	-0.0083	0.0468


===========================================================================================
===========================================================================================
S20:
	q_c:	408.5	87.0	36.5
	ub :	418.7585	98.3665	46.892
	lb :	400.8803	77.3592	26.2626

	==================================================================================
	Q1:
		Shape: Polyhedra
		q_c:	404.5	81.5	41.5
		ub :	408.1197	85.6408	45.4411
		lb :	400.8803	77.3592	37.5589
		A:
			0.0918	-0.7711	0.6301
			-0.6432	0.5955	-0.4813
			-0.579	0.1798	0.7952
			-0.4697	-0.8499	0.2389
			-0.6686	0.1762	-0.7224
			0.9111	-0.0433	0.4099
			0.2867	0.4124	0.8647
			0.4118	0.7619	-0.4999
			-0.865	0.4995	0.0486
			-0.2867	-0.4124	-0.8647
			-0.4118	-0.7619	0.4999
			0.865	-0.4995	-0.0486
		b:
			2.8873
			-229.3539
			-184.0376
			-246.7968
			-283.4511
			384.4391
			188.4788
			210.4376
			-305.1552
			-182.4788
			-205.4376
			309.1552
	==================================================================================
	Q2:
		Shape: Hybrid
		q_c:	407.0	92.0	32.0
		ub :	411.9862	98.3665	37.7374
		lb :	402.0138	85.6335	26.2626
		P^-1:
			0.0621	-0.0024	-0.0
			-0.0024	0.0498	0.0
			-0.0	0.0	0.0494
		A:
			-0.1071	0.9906	-0.0846
			0.6701	0.1047	0.7349
			0.9312	-0.1176	0.345
			0.7368	-0.5217	0.4301
			-0.6919	0.4826	0.5371
			-0.9418	-0.2326	-0.2426
		b:
			47.3161
			308.1736
			381.2863
			267.7977
			-217.8008
			-410.3721
	==================================================================================
	Q3:
		Shape: Polyhedra
		q_c:	415.0	91.0	41.5
		ub :	418.7585	94.6624	45.5844
		lb :	411.2415	87.3376	37.4156
		A:
			0.8144	0.2665	0.5155
			0.8324	0.2506	-0.4943
			-0.3116	-0.6502	-0.6929
			0.1485	0.6709	-0.7265
			0.3848	0.6354	-0.6695
			0.3671	0.4624	0.8071
			0.6658	0.396	0.6324
			-0.7184	0.1113	0.6866
			0.2015	-0.9115	0.3586
			-0.6658	-0.396	-0.6324
			0.7184	-0.1113	-0.6866
			-0.2015	0.9115	-0.3586
		b:
			385.2287
			350.6087
			-215.3577
			95.5331
			192.7199
			229.6869
			340.0765
			-256.5226
			18.5638
			-337.0765
			262.5226
			-12.5638
	==================================================================================
	Q4:
		Shape: Hybrid
		q_c:	407.0	86.5	38.5
		ub :	412.1595	90.1692	43.7366
		lb :	401.8405	82.8308	33.2634
		P^-1:
			0.0829	0.0177	-0.0049
			0.0177	0.1552	0.0093
			-0.0049	0.0093	0.066
		A:
			0.5929	0.793	0.1403
			0.3996	0.9129	0.0831
			0.3047	0.9242	-0.2301
			0.979	0.0218	0.2027
			-0.2867	0.9417	-0.176
			0.3838	-0.9206	0.0716
		b:
			316.771
			246.1087
			196.5162
			410.4877
			-40.3216
			81.0442
	==================================================================================
	Q5:
		Shape: Hybrid
		q_c:	405.0	83.5	43.0
		ub :	407.9398	87.0213	46.892
		lb :	402.0602	79.9787	39.108
		P^-1:
			0.1624	-0.0263	-0.0148
			-0.0263	0.2762	0.179
			-0.0148	0.179	0.2474
		A:
			0.3332	-0.7768	-0.5344
			-0.5284	-0.8485	0.0282
			-0.3094	-0.1669	-0.9362
			0.4326	-0.5646	-0.7029
			0.7612	-0.4863	-0.4291
			0.2717	-0.923	0.2726
		b:
			47.9902
			-281.6507
			-177.8209
			98.8168
			250.5157
			46.9421
	==================================================================================
	Q6:
		Shape: Ellipse
		q_c:	410.5	92.5	39.5
		ub :	414.3509	98.2949	44.1118
		lb :	406.6491	86.7051	34.8882
		P^-1:
			0.2226	0.0461	0.0225
			0.0461	0.0674	0.0487
			0.0225	0.0487	0.1599


===========================================================================================
===========================================================================================
S21:
	q_c:	57.5	397.0	82.0
	ub :	69.5994	409.3311	95.063
	lb :	48.4459	386.4732	71.3432

	==================================================================================
	Q1:
		Shape: Hybrid
		q_c:	55.0	404.0	89.0
		ub :	61.5541	409.3311	95.063
		lb :	48.4459	398.6689	82.937
		P^-1:
			0.0752	0.053	0.0132
			0.053	0.1199	0.0198
			0.0132	0.0198	0.0449
		A:
			-0.5598	-0.6122	-0.5585
			-0.8563	-0.486	-0.1751
			-0.6362	-0.673	-0.3773
			-0.6015	-0.1411	-0.7863
			-0.7539	0.4176	-0.5072
			-0.4582	-0.8494	0.2618
		b:
			-326.0154
			-257.1029
			-338.9956
			-157.0478
			85.7907
			-343.1116
	==================================================================================
	Q2:
		Shape: Hybrid
		q_c:	61.0	403.5	78.5
		ub :	64.3027	407.5299	82.1263
		lb :	57.6973	399.4701	74.8737
		P^-1:
			0.16	-0.0	0.0
			-0.0	0.16	-0.0
			0.0	-0.0	0.16
		A:
			-0.4386	-0.8074	0.3946
			0.7402	-0.2529	0.623
			-0.2122	0.9569	0.1985
			0.0043	0.5647	0.8253
			0.1102	0.9824	0.1507
			-0.554	-0.4746	-0.6841
		b:
			-320.3158
			-6.7219
			389.9733
			294.1352
			416.2083
			-277.7233
	==================================================================================
	Q3:
		Shape: Ellipse
		q_c:	55.0	398.0	88.0
		ub :	58.4755	401.9996	91.7336
		lb :	51.5245	394.0004	84.2664
		P^-1:
			0.1574	0.0173	-0.0027
			0.0173	0.1504	-0.0589
			-0.0027	-0.0589	0.2133
	==================================================================================
	Q4:
		Shape: Hybrid
		q_c:	64.0	400.0	88.5
		ub :	69.5994	406.3486	93.6464
		lb :	58.4006	393.6514	83.3536
		P^-1:
			0.0738	0.0145	0.0021
			0.0145	0.0658	-0.0191
			0.0021	-0.0191	0.1026
		A:
			-0.8133	-0.3772	0.443
			-0.5166	-0.7879	0.3352
			-0.8214	0.5055	-0.264
			0.0308	0.4828	0.8752
			-0.9332	0.2969	-0.2022
			-0.7724	0.6197	-0.139
		b:
			-161.8392
			-316.6943
			128.8074
			274.8439
			43.578
			188.8614
	==================================================================================
	Q5:
		Shape: Hybrid
		q_c:	65.0	390.0	78.0
		ub :	68.2735	393.5268	81.677
		lb :	61.7265	386.4732	74.323
		P^-1:
			0.2141	0.0437	-0.0425
			0.0437	0.3093	0.148
			-0.0425	0.148	0.2822
		A:
			-0.9014	0.0868	0.4242
			0.5427	0.8395	-0.026
			-0.9191	-0.2096	0.3337
			0.8344	0.363	-0.4148
			0.2529	0.6649	0.7028
			-0.0249	0.9273	0.3735
		b:
			9.6075
			361.816
			-114.1671
			164.7048
			331.4192
			390.1329
	==================================================================================
	Q6:
		Shape: Polyhedra
		q_c:	59.5	399.5	78.0
		ub :	65.5113	406.6088	84.6568
		lb :	53.4887	392.3912	71.3432
		A:
			-0.8947	0.2837	0.345
			-0.8041	0.4859	0.3424
			-0.0866	0.0318	-0.9957
			-0.7346	-0.6732	0.084
			-0.5612	-0.1089	-0.8205
			0.5898	-0.2775	-0.7584
			0.1207	0.6524	0.7482
			0.4357	0.6424	-0.6305
			-0.892	0.4021	-0.2067
			-0.1207	-0.6524	-0.7482
			-0.4357	-0.6424	0.6305
			0.892	-0.4021	0.2067
		b:
			91.1221
			177.0282
			-65.9287
			-301.7932
			-136.8866
			-130.7376
			330.1868
			237.8814
			95.4318
			-322.1868
			-228.8814
			-87.4318


===========================================================================================
===========================================================================================
S22:
	q_c:	508.0	462.0	275.5
	ub :	524.8829	486.8839	303.6075
	lb :	485.8407	441.8713	246.6375

	==================================================================================
	Q1:
		Shape: Ellipse
		q_c:	493.5	476.0	285.5
		ub :	501.1593	486.8839	296.6232
		lb :	485.8407	465.1161	274.3768
		P^-1:
			0.046	-0.0002	0.0063
			-0.0002	0.0276	0.0149
			0.0063	0.0149	0.0281
	==================================================================================
	Q2:
		Shape: Ellipse
		q_c:	514.0	470.0	294.0
		ub :	524.8829	481.6993	303.6075
		lb :	503.1171	458.3007	284.3925
		P^-1:
			0.026	0.0111	0.0064
			0.0111	0.0242	0.0044
			0.0064	0.0044	0.024
	==================================================================================
	Q3:
		Shape: Ellipse
		q_c:	512.5	453.5	276.0
		ub :	520.1502	461.6261	285.6062
		lb :	504.8498	445.3739	266.3938
		P^-1:
			0.067	-0.0601	-0.0208
			-0.0601	0.105	0.0317
			-0.0208	0.0317	0.0294
	==================================================================================
	Q4:
		Shape: Ellipse
		q_c:	506.5	463.0	264.5
		ub :	517.3425	474.7115	276.559
		lb :	495.6575	451.2885	252.441
		P^-1:
			0.0197	-0.0006	-0.001
			-0.0006	0.0199	-0.0008
			-0.001	-0.0008	0.019
	==================================================================================
	Q5:
		Shape: Polyhedra
		q_c:	509.5	452.5	276.5
		ub :	519.5719	463.1287	284.9412
		lb :	499.4281	441.8713	268.0588
		A:
			-0.579	-0.1585	0.7997
			-0.5417	-0.0594	0.8385
			0.8996	-0.2979	0.3195
			0.6515	-0.2465	-0.7175
			0.7551	-0.2332	-0.6127
			-0.9405	0.3261	-0.0951
			0.6957	0.7144	0.0752
			0.67	-0.6076	-0.4266
			-0.2591	0.3471	-0.9013
			-0.6957	-0.7144	-0.0752
			-0.67	0.6076	0.4266
			0.2591	-0.3471	0.9013
		b:
			-139.3729
			-65.1379
			418.0516
			26.5697
			114.3817
			-352.3975
			707.0043
			-48.0249
			-217.133
			-690.0043
			55.0249
			231.133
	==================================================================================
	Q6:
		Shape: Hybrid
		q_c:	506.5	469.0	257.0
		ub :	516.8939	477.0237	267.3625
		lb :	496.1061	460.9763	246.6375
		P^-1:
			0.0265	-0.0057	0.0025
			-0.0057	0.0349	-0.005
			0.0025	-0.005	0.0259
		A:
			-0.879	0.3923	-0.2711
			0.1615	-0.6835	-0.7119
			-0.2926	0.1145	-0.9493
			0.4915	-0.3538	0.7958
			-0.6728	-0.7074	-0.2165
			0.0802	0.9953	-0.0548
		b:
			-327.8048
			-417.8646
			-334.9226
			290.6411
			-724.2717
			496.3924


===========================================================================================
===========================================================================================
S23:
	q_c:	59.5	427.0	265.0
	ub :	73.0322	445.5213	284.0573
	lb :	48.4257	404.3176	249.2663

	==================================================================================
	Q1:
		Shape: Ellipse
		q_c:	62.5	415.5	275.0
		ub :	73.0322	426.6824	284.0573
		lb :	51.9678	404.3176	265.9427
		P^-1:
			0.0216	-0.0023	0.0029
			-0.0023	0.0249	-0.0056
			0.0029	-0.0056	0.0274
	==================================================================================
	Q2:
		Shape: Polyhedra
		q_c:	53.5	428.0	261.0
		ub :	58.5743	434.1763	266.9588
		lb :	48.4257	421.8237	255.0412
		A:
			0.779	0.533	0.3302
			-0.7429	-0.5669	-0.3559
			-0.906	-0.3022	-0.2963
			0.9157	0.1172	0.3844
			-0.9268	-0.349	-0.1386
			0.5278	0.6414	0.5568
			0.7501	0.4931	0.4408
			-0.5647	0.1306	0.8149
			0.3442	-0.8601	0.3764
			-0.7501	-0.4931	-0.4408
			0.5647	-0.1306	-0.8149
			-0.3442	0.8601	-0.3764
		b:
			357.1386
			-374.1074
			-253.4768
			201.9266
			-233.3314
			449.7518
			367.2038
			242.379
			-245.4706
			-365.2038
			-234.379
			257.4706
	==================================================================================
	Q3:
		Shape: Polyhedra
		q_c:	63.0	417.5	263.0
		ub :	70.5398	423.6173	269.8477
		lb :	55.4602	411.3827	256.1523
		A:
			0.51	-0.8466	0.1524
			-0.1931	0.7771	0.599
			0.4878	-0.7789	-0.3942
			0.9228	-0.0164	0.385
			-0.046	-0.9891	0.1399
			0.539	0.8413	0.0402
			0.6739	0.3051	0.6729
			0.4417	-0.8965	-0.0358
			0.5923	0.3213	-0.7388
			-0.6739	-0.3051	-0.6729
			-0.4417	0.8965	0.0358
			-0.5923	-0.3213	0.7388
		b:
			-277.6909
			473.7572
			-394.4124
			156.9341
			-375.1533
			400.2184
			351.312
			-352.371
			-17.8375
			-342.312
			359.371
			27.8375
	==================================================================================
	Q4:
		Shape: Polyhedra
		q_c:	58.0	438.0	274.5
		ub :	65.5873	445.5213	281.621
		lb :	50.4127	430.4787	267.379
		A:
			0.7788	0.4931	-0.3877
			0.2225	0.9092	-0.3519
			0.0937	0.1368	-0.9862
			-0.0453	-0.0299	0.9985
			0.8076	-0.3366	-0.4842
			-0.2577	-0.9348	0.2445
			0.1144	0.7835	0.6108
			0.5087	0.4819	-0.7134
			-0.8533	0.3923	-0.3434
			-0.1144	-0.7835	-0.6108
			-0.5087	-0.4819	0.7134
			0.8533	-0.3923	0.3434
		b:
			158.39
			318.3826
			-201.4758
			262.3808
			-228.413
			-353.3742
			521.9636
			47.7471
			34.5598
			-512.9636
			-41.7471
			-21.5598
	==================================================================================
	Q5:
		Shape: Polyhedra
		q_c:	64.0	431.0	258.5
		ub :	72.906	440.0471	267.7337
		lb :	55.094	421.9529	249.2663
		A:
			-0.1673	0.2496	0.9538
			0.6211	0.7833	-0.0243
			0.1752	-0.2809	0.9436
			-0.4739	0.8792	0.049
			-0.9471	-0.3183	0.0405
			-0.9372	-0.3488	0.0048
			0.5251	0.2664	0.8083
			0.2602	0.854	-0.4505
			-0.8103	0.4469	0.3791
			-0.5251	-0.2664	-0.8083
			-0.2602	-0.854	0.4505
			0.8103	-0.4469	-0.3791
		b:
			348.9476
			376.9315
			139.7821
			366.9562
			-181.7079
			-203.4158
			362.856
			274.2713
			244.2602
			-351.856
			-262.2713
			-233.2602
	==================================================================================
	Q6:
		Shape: Polyhedra
		q_c:	56.5	418.5	264.5
		ub :	63.8535	424.4442	272.3297
		lb :	49.1465	412.5558	256.6703
		A:
			0.3872	-0.8396	-0.381
			-0.3049	0.7624	-0.5708
			-0.7841	0.5705	-0.2444
			-0.5171	-0.8555	0.0267
			0.5406	-0.8257	-0.1613
			-0.0167	-0.776	-0.6306
			0.6824	0.32	0.6572
			-0.7167	0.1158	0.6878
			0.144	-0.9403	0.3084
			-0.6824	-0.32	-0.6572
			0.7167	-0.1158	-0.6878
			-0.144	0.9403	-0.3084
		b:
			-424.9437
			155.2412
			134.4808
			-375.9468
			-352.3547
			-487.8968
			349.3196
			196.3834
			-299.3121
			-343.3196
			-183.3834
			308.3121


===========================================================================================
===========================================================================================
S24:
	q_c:	345.0	29.0	463.5
	ub :	363.2933	43.9	481.6487
	lb :	334.3496	12.4499	454.1243

	==================================================================================
	Q1:
		Shape: Ellipse
		q_c:	346.5	36.5	473.0
		ub :	353.6536	43.9	479.5508
		lb :	339.3464	29.1	466.4492
		P^-1:
			0.0633	-0.0224	-0.0018
			-0.0224	0.0538	-0.0062
			-0.0018	-0.0062	0.047
	==================================================================================
	Q2:
		Shape: Polyhedra
		q_c:	341.5	26.0	469.5
		ub :	347.9806	31.3427	475.3473
		lb :	335.0194	20.6573	463.6527
		A:
			-0.847	0.1968	-0.4939
			0.013	-0.5659	-0.8244
			-0.281	-0.9566	-0.0773
			-0.8547	-0.0077	0.5191
			-0.1242	0.9868	-0.1043
			-0.9107	0.3602	0.2025
			0.6613	0.6822	0.3118
			0.6215	-0.7311	0.2815
			0.42	0.0076	-0.9075
			-0.6613	-0.6822	-0.3118
			-0.6215	0.7311	-0.2815
			-0.42	-0.0076	0.9075
		b:
			-512.1496
			-393.5045
			-153.4775
			-44.4243
			-61.8712
			-202.6043
			393.491
			329.3818
			-278.422
			-386.491
			-321.3818
			286.422
	==================================================================================
	Q3:
		Shape: Hybrid
		q_c:	344.0	35.5	461.0
		ub :	349.8979	42.2475	467.8757
		lb :	338.1021	28.7525	454.1243
		P^-1:
			0.0736	-0.0087	-0.005
			-0.0087	0.0584	0.0099
			-0.005	0.0099	0.0615
		A:
			0.6033	-0.1328	0.7864
			-0.1888	0.9817	0.0259
			-0.1029	0.2544	-0.9616
			0.8599	-0.4869	-0.1535
			0.9592	0.0515	0.2778
			-0.0471	-0.7632	0.6445
		b:
			567.692
			-15.817
			-467.1506
			209.5432
			461.9732
			256.5544
	==================================================================================
	Q4:
		Shape: Polyhedra
		q_c:	356.0	30.5	474.0
		ub :	363.2933	37.9013	481.6487
		lb :	348.7067	23.0987	466.3513
		A:
			-0.9594	0.1995	-0.1994
			0.1647	-0.8347	0.5255
			0.6138	0.2407	-0.7519
			0.8005	0.5897	0.1075
			-0.7945	0.586	0.1593
			-0.4385	-0.7474	0.4992
			0.2692	0.8024	0.5327
			0.8657	-0.4439	0.2312
			0.4219	0.3989	-0.8141
			-0.2692	-0.8024	-0.5327
			-0.8657	0.4439	-0.2312
			-0.4219	-0.3989	0.8141
		b:
			-425.4611
			287.2179
			-125.0913
			358.3893
			-184.9431
			62.9561
			376.8034
			408.7263
			-218.0195
			-368.8034
			-399.7263
			229.0195
	==================================================================================
	Q5:
		Shape: Ellipse
		q_c:	343.5	25.5	474.5
		ub :	348.8994	31.9158	480.8051
		lb :	338.1006	19.0842	468.1949
		P^-1:
			0.1246	-0.022	-0.0457
			-0.022	0.0605	0.0066
			-0.0457	0.0066	0.0867
	==================================================================================
	Q6:
		Shape: Ellipse
		q_c:	341.0	19.5	473.0
		ub :	347.6504	26.5501	480.9244
		lb :	334.3496	12.4499	465.0756
		P^-1:
			0.0482	-0.0021	-0.0023
			-0.0021	0.0457	-0.0041
			-0.0023	-0.0041	0.0448


===========================================================================================
===========================================================================================
S25:
	q_c:	272.5	240.5	400.0
	ub :	301.5492	249.6036	427.927
	lb :	260.9223	214.4254	377.0085

	==================================================================================
	Q1:
		Shape: Ellipse
		q_c:	272.0	223.0	388.0
		ub :	283.0777	231.5746	398.9915
		lb :	260.9223	214.4254	377.0085
		P^-1:
			0.0182	-0.0026	0.0015
			-0.0026	0.0267	-0.0017
			0.0015	-0.0017	0.0144
	==================================================================================
	Q2:
		Shape: Ellipse
		q_c:	270.0	237.5	406.0
		ub :	278.8965	246.062	413.3983
		lb :	261.1035	228.938	398.6017
		P^-1:
			0.0468	-0.0193	0.0033
			-0.0193	0.032	-0.0077
			0.0033	-0.0077	0.0415
	==================================================================================
	Q3:
		Shape: Hybrid
		q_c:	292.5	238.0	406.5
		ub :	301.5492	247.4064	414.3715
		lb :	283.4508	228.5936	398.6285
		P^-1:
			0.0304	-0.0023	-0.0013
			-0.0023	0.0311	-0.0011
			-0.0013	-0.0011	0.0324
		A:
			-0.9852	0.162	0.0559
			-0.0196	0.8975	-0.4405
			-0.3666	-0.3963	0.8417
			0.0187	0.1575	0.9873
			0.2885	0.0551	-0.9559
			-0.1216	-0.7937	0.5961
		b:
			-223.9637
			31.6442
			143.3582
			447.1794
			-288.3105
			20.6783
	==================================================================================
	Q4:
		Shape: Ellipse
		q_c:	288.5	238.5	421.0
		ub :	297.2477	247.3177	427.927
		lb :	279.7523	229.6823	414.073
		P^-1:
			0.0446	-0.0141	-0.0226
			-0.0141	0.0547	-0.0317
			-0.0226	-0.0317	0.0899
	==================================================================================
	Q5:
		Shape: Ellipse
		q_c:	271.5	247.0	406.0
		ub :	278.385	249.6036	412.1335
		lb :	264.615	244.3964	399.8665
		P^-1:
			0.0412	-0.0205	0.0113
			-0.0205	0.2478	0.0072
			0.0113	0.0072	0.0565
	==================================================================================
	Q6:
		Shape: Ellipse
		q_c:	276.0	235.5	408.0
		ub :	284.3401	245.9615	418.6143
		lb :	267.6599	225.0385	397.3857
		P^-1:
			0.0354	-0.0064	-0.0063
			-0.0064	0.0262	-0.0026
			-0.0063	-0.0026	0.024


===========================================================================================
===========================================================================================
