3D_45_25_6_f                l = 3

===========================================================================================
===========================================================================================
S1:
	q_c:	415.0	193.0	66.5
	ub :	427.6159	202.8432	79.3191
	lb :	408.6854	182.2582	52.4677

	==================================================================================
	Q1:
		Shape: Polyhedra
		q_c:	422.0	188.5	72.0
		ub :	426.6766	193.2675	77.5074
		lb :	417.3234	183.7325	66.4926
		A:
			0.2943	-0.9365	0.1908
			0.2433	-0.9693	0.0369
			0.1861	-0.7338	0.6534
			-0.0981	0.9597	-0.2635
			-0.1356	0.937	-0.3219
			0.297	-0.8009	0.5199
			0.3108	0.6315	0.7104
			-0.6315	0.6958	-0.3422
			-0.7104	-0.3422	0.615
			-0.3108	-0.6315	-0.7104
			0.6315	-0.6958	0.3422
			0.7104	0.3422	-0.615
		b:
			-36.4419
			-74.8968
			-10.5129
			123.0079
			98.5643
			13.7347
			305.329
			-158.4849
			-316.5093
			-297.329
			161.4849
			323.5093
	==================================================================================
	Q2:
		Shape: Ellipse
		q_c:	419.0	193.5	59.0
		ub :	424.3921	200.4997	65.5323
		lb :	413.6079	186.5003	52.4677
		P^-1:
			0.0542	0.0093	0.0138
			0.0093	0.0592	0.0351
			0.0138	0.0351	0.0801
	==================================================================================
	Q3:
		Shape: Hybrid
		q_c:	413.5	197.0	59.0
		ub :	418.3146	202.8432	62.2629
		lb :	408.6854	191.1568	55.7371
		P^-1:
			0.194	-0.0937	0.0013
			-0.0937	0.0895	-0.0163
			0.0013	-0.0163	0.1596
		A:
			0.8611	-0.3253	0.3909
			-0.645	0.1393	-0.7514
			0.2659	0.7739	-0.5748
			-0.5414	-0.1874	-0.8196
			0.5441	-0.838	0.0412
			-0.6923	-0.1962	0.6944
		b:
			316.3026
			-281.9459
			231.8721
			-306.6666
			64.3586
			-281.6932
	==================================================================================
	Q4:
		Shape: Hybrid
		q_c:	423.5	186.5	76.0
		ub :	427.6159	190.7418	79.3191
		lb :	419.3841	182.2582	72.6809
		P^-1:
			0.2183	-0.1499	-0.0864
			-0.1499	0.2493	0.0786
			-0.0864	0.0786	0.2185
		A:
			-0.0394	-0.4295	-0.9022
			-0.0119	-0.3014	0.9534
			-0.7814	0.447	0.4355
			0.5632	-0.8233	-0.0713
			-0.0715	0.8813	-0.4671
			-0.1854	0.3237	0.9278
		b:
			-163.7457
			12.9178
			-213.4924
			80.5256
			100.4192
			53.688
	==================================================================================
	Q5:
		Shape: Hybrid
		q_c:	421.0	190.0	65.0
		ub :	424.697	193.4947	68.7627
		lb :	417.303	186.5053	61.2373
		P^-1:
			0.5324	-0.4571	-0.029
			-0.4571	0.5482	0.0388
			-0.029	0.0388	0.1122
		A:
			-0.8264	0.4932	-0.2716
			0.5774	0.7359	-0.3537
			-0.3781	0.9243	0.0525
			-0.6567	-0.7132	0.245
			-0.7451	0.6586	0.1049
			-0.5588	0.8235	0.0974
		b:
			-270.8283
			362.8655
			20.9409
			-393.0648
			-181.1862
			-71.8057
	==================================================================================
	Q6:
		Shape: Polyhedra
		q_c:	420.5	194.5	70.0
		ub :	426.5347	200.3484	75.5292
		lb :	414.4653	188.6516	64.4708
		A:
			0.6074	0.1591	0.7783
			-0.8431	-0.5266	0.1096
			0.4595	0.862	-0.2139
			0.2553	0.774	0.5794
			-0.2445	-0.9364	-0.2518
			0.995	-0.0978	-0.0203
			0.7479	0.2921	0.5961
			-0.3261	-0.6206	0.7132
			0.5782	-0.7278	-0.3689
			-0.7479	-0.2921	-0.5961
			0.3261	0.6206	-0.7132
			-0.5782	0.7278	0.3689
		b:
			344.2642
			-446.1404
			348.8608
			302.3659
			-298.8116
			401.8491
			416.5329
			-205.3838
			80.2539
			-409.5329
			210.3838
			-71.2539


===========================================================================================
===========================================================================================
S2:
	q_c:	507.5	351.0	270.5
	ub :	520.0564	361.0347	279.8364
	lb :	494.351	341.6095	261.519

	==================================================================================
	Q1:
		Shape: Hybrid
		q_c:	504.0	344.5	276.5
		ub :	507.4262	347.3905	279.8364
		lb :	500.5738	341.6095	273.1636
		P^-1:
			0.2246	-0.0815	0.1353
			-0.0815	0.4142	0.0502
			0.1353	0.0502	0.3612
		A:
			0.8467	0.2261	0.4817
			-0.6265	0.4903	0.6059
			0.2005	-0.9235	-0.3271
			0.1839	-0.0524	0.9816
			-0.2023	-0.2246	-0.9532
			0.0028	0.9857	-0.1683
		b:
			639.0581
			22.1782
			-306.7712
			347.0507
			-442.0394
			295.5171
	==================================================================================
	Q2:
		Shape: Hybrid
		q_c:	504.5	351.0	271.0
		ub :	508.305	356.6452	276.6578
		lb :	500.695	345.3548	265.3422
		P^-1:
			0.2111	0.0421	-0.0575
			0.0421	0.0879	-0.0281
			-0.0575	-0.0281	0.0951
		A:
			0.9231	0.3844	-0.0129
			-0.6904	0.7223	0.0397
			0.0265	-0.8687	-0.4947
			-0.3697	0.6288	-0.6841
			0.7991	-0.3357	0.4988
			0.139	-0.9135	0.3823
		b:
			598.4832
			-81.6347
			-422.6667
			-148.6985
			422.8179
			-144.4615
	==================================================================================
	Q3:
		Shape: Hybrid
		q_c:	514.5	348.0	266.0
		ub :	520.0564	352.8604	270.481
		lb :	508.9436	343.1396	261.519
		P^-1:
			0.1007	-0.0074	-0.0411
			-0.0074	0.1063	-0.021
			-0.0411	-0.021	0.1267
		A:
			-0.3202	-0.7451	0.5851
			0.1856	0.005	-0.9826
			-0.7535	0.5466	0.3653
			-0.1962	-0.1194	-0.9733
			0.4011	0.8783	-0.2602
			0.5482	0.736	-0.3972
		b:
			-266.9344
			-162.5116
			-98.6389
			-399.1839
			444.6568
			434.1961
	==================================================================================
	Q4:
		Shape: Ellipse
		q_c:	499.5	350.0	273.0
		ub :	504.649	355.1243	277.9701
		lb :	494.351	344.8757	268.0299
		P^-1:
			0.0902	0.0113	-0.0071
			0.0113	0.105	0.0038
			-0.0071	0.0038	0.1087
	==================================================================================
	Q5:
		Shape: Polyhedra
		q_c:	506.5	356.5	266.0
		ub :	510.8335	361.0347	270.212
		lb :	502.1665	351.9653	261.788
		A:
			-0.8871	-0.1484	0.437
			-0.9762	-0.1913	-0.1022
			0.7802	0.6054	-0.1575
			0.3019	-0.2493	0.9202
			-0.7962	-0.2332	-0.5582
			-0.088	0.6822	0.7259
			0.4741	0.4794	0.7385
			0.3618	0.6586	-0.6598
			-0.8027	0.58	0.1388
			-0.4741	-0.4794	-0.7385
			-0.3618	-0.6586	0.6598
			0.8027	-0.58	-0.1388
		b:
			-383.4731
			-587.1121
			571.7655
			311.5976
			-632.005
			394.5787
			610.4699
			245.0477
			-160.4152
			-604.4699
			-240.0477
			165.4152
	==================================================================================
	Q6:
		Shape: Hybrid
		q_c:	505.5	354.5	269.0
		ub :	508.6336	357.8734	273.2811
		lb :	502.3664	351.1266	264.7189
		P^-1:
			0.314	0.1367	-0.041
			0.1367	0.2811	-0.0418
			-0.041	-0.0418	0.0718
		A:
			-0.3282	0.8706	-0.3666
			0.005	-0.8908	-0.4543
			-0.9888	0.0009	-0.1491
			0.058	-0.894	0.4444
			0.0496	0.8198	-0.5704
			0.9076	0.3941	0.1449
		b:
			45.899
			-433.3612
			-538.1758
			-166.4139
			164.0607
			638.6405


===========================================================================================
===========================================================================================
S3:
	q_c:	62.0	467.5	140.5
	ub :	67.523	474.4313	146.6809
	lb :	53.5383	461.2025	135.191

	==================================================================================
	Q1:
		Shape: Hybrid
		q_c:	61.0	472.5	144.0
		ub :	63.3996	474.4313	146.588
		lb :	58.6004	470.5687	141.412
		P^-1:
			0.6867	-0.1942	-0.2957
			-0.1942	0.5557	0.1117
			-0.2957	0.1117	0.4521
		A:
			-0.254	0.8051	0.536
			-0.7318	-0.2017	0.651
			0.6336	0.0422	-0.7725
			-0.6136	0.064	0.787
			-0.9615	-0.0158	0.2743
			-0.7806	0.058	0.6223
		b:
			442.8782
			-45.4606
			-51.9225
			106.8377
			-25.8666
			70.0158
	==================================================================================
	Q2:
		Shape: Ellipse
		q_c:	59.0	464.5	140.0
		ub :	62.67	467.7975	142.9662
		lb :	55.33	461.2025	137.0338
		P^-1:
			0.214	0.0426	-0.0114
			0.0426	0.1996	0.0135
			-0.0114	0.0135	0.2464
	==================================================================================
	Q3:
		Shape: Ellipse
		q_c:	59.5	472.5	142.0
		ub :	60.8405	474.266	143.2104
		lb :	58.1595	470.734	140.7896
		P^-1:
			1.0764	0.1423	-0.5242
			0.1423	1.1505	-1.3734
			-0.5242	-1.3734	3.2175
	==================================================================================
	Q4:
		Shape: Polyhedra
		q_c:	58.5	469.0	141.0
		ub :	63.4617	473.8733	145.0439
		lb :	53.5383	464.1267	136.9561
		A:
			-0.8757	0.4679	-0.1191
			-0.9094	0.1066	-0.4021
			0.1914	-0.852	0.4873
			0.3063	-0.9513	-0.0334
			-0.2459	0.9577	0.1496
			-0.9178	-0.0673	0.3913
			0.7404	0.6515	0.1657
			0.4398	-0.6558	0.6136
			0.5084	-0.3815	-0.772
			-0.7404	-0.6515	-0.1657
			-0.4398	0.6558	-0.6136
			-0.5084	0.3815	0.772
		b:
			154.0696
			-56.9076
			-317.0744
			-430.2868
			458.6189
			-27.1031
			375.7137
			-192.8178
			-255.5159
			-368.7137
			197.8178
			260.5159
	==================================================================================
	Q5:
		Shape: Polyhedra
		q_c:	62.5	468.0	137.5
		ub :	64.6793	470.1006	139.809
		lb :	60.3207	465.8994	135.191
		A:
			-0.6976	-0.3282	-0.6369
			0.9705	-0.2408	-0.0087
			-0.0473	-0.305	-0.9512
			-0.5096	-0.2946	0.8084
			-0.2382	0.6988	0.6746
			0.29	0.4138	-0.8629
			0.7609	0.3298	0.5589
			-0.3131	-0.5678	0.7613
			0.5684	-0.7542	-0.3288
			-0.7609	-0.3298	-0.5589
			0.3131	0.5678	-0.7613
			-0.5684	0.7542	0.3288
		b:
			-283.2488
			-51.9537
			-275.1065
			-57.1137
			406.0122
			94.6157
			280.2411
			-179.1239
			-361.6498
			-277.2411
			182.1239
			363.6498
	==================================================================================
	Q6:
		Shape: Hybrid
		q_c:	64.5	469.5	144.0
		ub :	67.523	472.5769	146.6809
		lb :	61.477	466.4231	141.3191
		P^-1:
			0.2815	0.0451	0.0693
			0.0451	0.1827	0.0594
			0.0693	0.0594	0.3902
		A:
			-0.3057	-0.8929	0.3305
			0.1637	-0.6843	-0.7105
			-0.2053	0.326	-0.9228
			0.3237	0.7726	0.5462
			-0.3984	-0.463	-0.7918
			0.204	-0.1296	0.9704
		b:
			-389.7648
			-411.844
			8.056
			463.3811
			-356.2976
			93.0047


===========================================================================================
===========================================================================================
S4:
	q_c:	418.5	424.5	136.0
	ub :	438.0764	439.1022	160.1802
	lb :	399.412	408.1832	124.5037

	==================================================================================
	Q1:
		Shape: Hybrid
		q_c:	418.5	413.5	138.5
		ub :	426.4922	418.8168	147.317
		lb :	410.5078	408.1832	129.683
		P^-1:
			0.337	-0.4177	0.1789
			-0.4177	0.6001	-0.2243
			0.1789	-0.2243	0.1207
		A:
			0.6944	-0.6335	0.3414
			-0.7082	0.6407	-0.2965
			-0.5379	0.8	-0.2657
			0.5935	-0.7645	0.2516
			-0.2456	0.9342	-0.2587
			-0.7064	0.6269	-0.3285
		b:
			76.8784
			-71.4668
			69.4321
			-32.3168
			249.4977
			-80.8743
	==================================================================================
	Q2:
		Shape: Polyhedra
		q_c:	421.0	420.0	132.0
		ub :	427.8163	428.7853	137.5451
		lb :	414.1837	411.2147	126.4549
		A:
			-0.476	0.5798	-0.6612
			0.5216	0.1191	-0.8448
			0.5147	-0.4479	0.7311
			-0.0354	-0.3643	0.9306
			-0.8178	-0.5542	0.1551
			-0.3659	0.8392	-0.4023
			0.4088	0.851	0.3298
			-0.0415	0.3783	-0.9247
			-0.9117	0.3643	0.19
			-0.4088	-0.851	-0.3298
			0.0415	-0.3783	0.9247
			0.9117	-0.3643	-0.19
		b:
			-41.0955
			161.2204
			128.0473
			-42.5532
			-550.4188
			149.606
			580.5308
			21.8468
			-201.7338
			-565.5308
			-16.8468
			209.7338
	==================================================================================
	Q3:
		Shape: Ellipse
		q_c:	407.5	418.5	151.0
		ub :	414.2065	428.4277	160.1802
		lb :	400.7935	408.5723	141.8198
		P^-1:
			0.0543	0.0023	-0.0108
			0.0023	0.021	-0.0119
			-0.0108	-0.0119	0.0428
	==================================================================================
	Q4:
		Shape: Ellipse
		q_c:	411.0	434.5	146.5
		ub :	416.5292	439.1022	152.401
		lb :	405.4708	429.8978	140.599
		P^-1:
			0.101	-0.031	-0.0149
			-0.031	0.1299	-0.0382
			-0.0149	-0.0382	0.0896
	==================================================================================
	Q5:
		Shape: Ellipse
		q_c:	405.0	423.5	131.0
		ub :	410.588	432.2467	137.4963
		lb :	399.412	414.7533	124.5037
		P^-1:
			0.1889	-0.0202	0.0973
			-0.0202	0.0162	-0.0119
			0.0973	-0.0119	0.0865
	==================================================================================
	Q6:
		Shape: Ellipse
		q_c:	432.0	426.0	142.5
		ub :	438.0764	433.7047	151.1055
		lb :	425.9236	418.2953	133.8945
		P^-1:
			0.2987	0.1782	0.0899
			0.1782	0.1464	0.0535
			0.0899	0.0535	0.0561


===========================================================================================
===========================================================================================
S5:
	q_c:	27.0	256.5	283.5
	ub :	35.0362	262.6706	293.9218
	lb :	18.7576	246.1364	272.7112

	==================================================================================
	Q1:
		Shape: Polyhedra
		q_c:	29.5	252.0	279.5
		ub :	35.0362	257.0589	285.2165
		lb :	23.9638	246.9411	273.7835
		A:
			0.6321	0.7639	0.1302
			-0.2425	0.8889	-0.3887
			0.5216	0.8529	-0.0225
			-0.8892	0.2537	-0.3806
			0.5845	-0.6819	0.4398
			0.0969	-0.2156	0.9717
			0.6617	0.227	0.7146
			-0.7076	0.5042	0.4951
			-0.2479	-0.8332	0.4942
			-0.6617	-0.227	-0.7146
			0.7076	-0.5042	-0.4951
			0.2479	0.8332	-0.4942
		b:
			250.7788
			111.3112
			227.185
			-65.1972
			-28.3694
			223.4159
			279.9541
			248.0475
			-76.1461
			-272.9541
			-241.0475
			82.1461
	==================================================================================
	Q2:
		Shape: Hybrid
		q_c:	22.0	258.5	278.5
		ub :	25.089	261.6699	282.2022
		lb :	18.911	255.3301	274.7978
		P^-1:
			0.564	-0.3919	-0.0346
			-0.3919	0.6131	0.137
			-0.0346	0.137	0.1841
		A:
			-0.6108	0.6546	0.4454
			-0.4248	-0.7963	-0.4306
			-0.4882	-0.2654	-0.8314
			0.6831	0.7296	-0.0323
			0.2466	-0.7761	-0.5804
			-0.0945	-0.5018	-0.8598
		b:
			280.5699
			-333.6525
			-309.2646
			196.621
			-355.8931
			-369.7184
	==================================================================================
	Q3:
		Shape: Polyhedra
		q_c:	30.0	251.0	278.0
		ub :	34.0567	255.3644	282.5789
		lb :	25.9433	246.6356	273.4211
		A:
			-0.6833	0.55	-0.4802
			0.1189	-0.9893	-0.0848
			-0.7554	-0.2661	0.5988
			-0.7202	-0.5889	0.3668
			-0.0945	-0.4199	-0.9026
			0.5666	-0.2513	0.7848
			0.7207	0.4598	0.5188
			0.0679	-0.7916	0.6072
			0.6899	-0.4024	-0.6018
			-0.7207	-0.4598	-0.5188
			-0.0679	0.7916	-0.6072
			-0.6899	0.4024	0.6018
		b:
			-13.3277
			-265.7176
			79.5804
			-64.7535
			-356.3831
			174.8343
			284.261
			-25.348
			-245.0919
			-278.261
			30.348
			250.0919
	==================================================================================
	Q4:
		Shape: Ellipse
		q_c:	24.5	250.5	279.5
		ub :	30.2424	254.8636	285.4983
		lb :	18.7576	246.1364	273.5017
		P^-1:
			0.07	0.0239	0.01
			0.0239	0.1392	0.032
			0.01	0.032	0.0758
	==================================================================================
	Q5:
		Shape: Hybrid
		q_c:	27.5	252.5	278.0
		ub :	33.0398	256.6431	283.2888
		lb :	21.9602	248.3569	272.7112
		P^-1:
			0.076	-0.0007	0.0087
			-0.0007	0.0815	0.0011
			0.0087	0.0011	0.0682
		A:
			-0.6712	0.6299	0.3908
			-0.7981	0.1026	-0.5937
			0.0895	-0.9852	-0.1459
			0.0501	-0.5866	-0.8083
			-0.7734	-0.5467	0.3208
			0.6414	-0.6009	-0.4771
		b:
			251.2138
			-159.331
			-285.1166
			-369.4738
			-68.1141
			-264.7072
	==================================================================================
	Q6:
		Shape: Hybrid
		q_c:	28.5	259.0	289.5
		ub :	31.8774	262.6706	293.9218
		lb :	25.1226	255.3294	285.0782
		P^-1:
			0.2334	0.0071	-0.0457
			0.0071	0.1558	-0.025
			-0.0457	-0.025	0.1024
		A:
			-0.8497	0.5247	0.0511
			-0.7873	0.5188	0.3332
			0.9018	0.1042	-0.4193
			0.9298	0.24	0.2789
			0.8312	0.114	0.5442
			-0.612	-0.7785	0.1393
		b:
			127.7164
			209.7153
			-67.6771
			170.9868
			212.7287
			-177.4148


===========================================================================================
===========================================================================================
S6:
	q_c:	85.5	350.0	231.5
	ub :	102.498	363.2214	248.2403
	lb :	67.3125	338.9569	214.3235

	==================================================================================
	Q1:
		Shape: Ellipse
		q_c:	94.5	346.5	222.0
		ub :	102.0273	350.8774	229.6765
		lb :	86.9727	342.1226	214.3235
		P^-1:
			0.0365	-0.0009	-0.0106
			-0.0009	0.081	-0.005
			-0.0106	-0.005	0.0413
	==================================================================================
	Q2:
		Shape: Ellipse
		q_c:	83.5	343.0	226.5
		ub :	88.0457	347.0431	230.234
		lb :	78.9543	338.9569	222.766
		P^-1:
			0.0654	-0.0191	0.0074
			-0.0191	0.1924	-0.0676
			0.0074	-0.0676	0.1659
	==================================================================================
	Q3:
		Shape: Hybrid
		q_c:	94.0	355.5	239.0
		ub :	102.498	363.2214	248.2403
		lb :	85.502	347.7786	229.7597
		P^-1:
			0.0313	0.017	0.0097
			0.017	0.0617	0.0217
			0.0097	0.0217	0.036
		A:
			0.0102	0.7396	0.6729
			0.1112	-0.4059	-0.9071
			-0.5218	-0.8054	0.281
			0.6289	0.4896	0.6039
			-0.7903	-0.612	0.0309
			-0.0944	-0.9954	0.0185
		b:
			427.1268
			-347.1752
			-264.7686
			379.9843
			-281.2591
			-355.4174
	==================================================================================
	Q4:
		Shape: Ellipse
		q_c:	94.5	354.0	224.0
		ub :	98.3294	361.7675	231.0494
		lb :	90.6706	346.2325	216.9506
		P^-1:
			0.1099	-0.0092	-0.003
			-0.0092	0.0348	-0.0093
			-0.003	-0.0093	0.0435
	==================================================================================
	Q5:
		Shape: Ellipse
		q_c:	74.5	345.5	236.0
		ub :	81.6875	351.964	242.2067
		lb :	67.3125	339.036	229.7933
		P^-1:
			0.0551	0.0059	0.0027
			0.0059	0.0555	0.0028
			0.0027	0.0028	0.0507
	==================================================================================
	Q6:
		Shape: Ellipse
		q_c:	89.5	351.5	234.0
		ub :	96.1469	356.3745	239.6137
		lb :	82.8531	346.6255	228.3863
		P^-1:
			0.3466	0.1528	0.432
			0.1528	0.1247	0.2065
			0.432	0.2065	0.6018


===========================================================================================
===========================================================================================
S7:
	q_c:	189.5	321.5	384.0
	ub :	199.5495	330.0896	393.688
	lb :	180.287	313.4032	373.7987

	==================================================================================
	Q1:
		Shape: Ellipse
		q_c:	195.0	323.0	379.0
		ub :	199.389	326.9845	384.2013
		lb :	190.611	319.0155	373.7987
		P^-1:
			0.1468	-0.0193	-0.0196
			-0.0193	0.1202	0.0008
			-0.0196	0.0008	0.0535
	==================================================================================
	Q2:
		Shape: Ellipse
		q_c:	190.5	323.5	389.0
		ub :	194.2109	328.1507	393.688
		lb :	186.7891	318.8493	384.312
		P^-1:
			0.1111	-0.0	0.0
			-0.0	0.1111	0.0
			0.0	0.0	0.1111
	==================================================================================
	Q3:
		Shape: Polyhedra
		q_c:	187.0	324.5	384.0
		ub :	192.3238	330.0896	388.6829
		lb :	181.6762	318.9104	379.3171
		A:
			-0.4151	0.9097	0.008
			-0.6963	0.0936	0.7117
			-0.6261	-0.5601	0.5425
			0.0814	-0.9384	0.3357
			0.2144	0.7505	-0.6251
			0.7872	-0.1863	0.5879
			0.6743	0.434	0.5974
			0.6577	-0.7209	-0.2187
			0.3358	0.5404	-0.7715
			-0.6743	-0.434	-0.5974
			-0.6577	0.7209	0.2187
			-0.3358	-0.5404	0.7715
		b:
			224.5321
			176.9374
			-87.5553
			-156.9218
			46.6389
			315.5311
			498.8439
			-190.9095
			-55.1228
			-493.8439
			198.9095
			61.1228
	==================================================================================
	Q4:
		Shape: Polyhedra
		q_c:	192.5	324.0	382.5
		ub :	195.6795	327.3436	386.2755
		lb :	189.3205	320.6564	378.7245
		A:
			-0.9885	0.1157	0.0974
			-0.8962	-0.3342	0.2918
			0.6227	0.3624	0.6935
			0.2239	0.9446	0.24
			-0.3697	-0.8341	-0.4094
			0.0939	-0.3224	0.9419
			0.8377	0.2078	0.5051
			0.0586	-0.9537	0.2951
			0.543	-0.2175	-0.8111
			-0.8377	-0.2078	-0.5051
			-0.0586	0.9537	-0.2951
			-0.543	0.2175	0.8111
		b:
			-113.3218
			-166.9028
			504.6027
			443.3241
			-495.7421
			276.3101
			423.7722
			-182.3456
			-273.6862
			-419.7722
			187.3456
			278.6862
	==================================================================================
	Q5:
		Shape: Hybrid
		q_c:	194.0	324.0	381.5
		ub :	199.5495	328.4286	385.1137
		lb :	188.4505	319.5714	377.8863
		P^-1:
			0.0713	0.0413	0.0153
			0.0413	0.1408	-0.0071
			0.0153	-0.0071	0.1574
		A:
			0.1494	0.8269	0.5422
			0.4109	0.7104	0.5714
			0.5548	-0.7015	-0.4473
			-0.4978	-0.6186	0.6079
			-0.0505	0.5961	-0.8013
			0.276	-0.432	-0.8586
		b:
			505.2123
			529.1265
			-287.473
			-63.6439
			-121.0287
			-411.9853
	==================================================================================
	Q6:
		Shape: Hybrid
		q_c:	184.0	316.0	378.5
		ub :	187.713	318.5968	381.911
		lb :	180.287	313.4032	375.089
		P^-1:
			0.1946	-0.093	-0.0004
			-0.093	0.4098	0.0011
			-0.0004	0.0011	0.16
		A:
			-0.1278	-0.9455	0.2995
			0.8267	-0.4929	0.2713
			-0.4549	-0.8902	-0.0247
			0.9037	-0.4204	-0.0807
			-0.1168	-0.6642	0.7384
			-0.8975	0.2889	0.3331
		b:
			-207.8257
			100.2881
			-372.991
			4.1971
			49.5945
			53.6863


===========================================================================================
===========================================================================================
S8:
	q_c:	405.0	299.5	398.0
	ub :	422.3323	310.7855	405.2828
	lb :	394.1248	285.1448	382.7618

	==================================================================================
	Q1:
		Shape: Polyhedra
		q_c:	403.5	291.5	397.5
		ub :	410.8447	297.8552	404.7113
		lb :	396.1553	285.1448	390.2887
		A:
			0.3723	-0.7786	-0.5052
			0.8634	0.3915	-0.3181
			-0.8447	-0.3115	-0.4353
			-0.5438	-0.7637	0.348
			-0.0118	-0.1239	0.9922
			-0.8712	0.0733	-0.4855
			0.5323	0.6085	0.5886
			-0.836	0.2687	0.4784
			0.133	-0.7467	0.6517
			-0.5323	-0.6085	-0.5886
			0.836	-0.2687	-0.4784
			-0.133	0.7467	-0.6517
		b:
			-272.4337
			341.2122
			-600.6239
			-299.6577
			357.6628
			-518.8095
			629.6094
			-62.8708
			98.5503
			-622.6094
			74.8708
			-91.5503
	==================================================================================
	Q2:
		Shape: Hybrid
		q_c:	405.5	294.0	391.0
		ub :	410.5382	298.721	395.4925
		lb :	400.4618	289.279	386.5075
		P^-1:
			0.1226	0.0361	-0.0029
			0.0361	0.1231	0.013
			-0.0029	0.013	0.107
		A:
			0.4394	-0.839	-0.3209
			-0.5082	-0.5158	-0.6897
			0.9588	0.1889	-0.2124
			0.0212	-0.8322	-0.554
			-0.8776	0.0279	-0.4786
			0.7924	0.2491	-0.5568
		b:
			-191.9747
			-625.9289
			362.8042
			-451.1047
			-532.9149
			178.4022
	==================================================================================
	Q3:
		Shape: Hybrid
		q_c:	415.0	303.0	398.0
		ub :	422.3323	307.2921	405.2828
		lb :	407.6677	298.7079	390.7172
		P^-1:
			0.0427	-0.0126	-0.0143
			-0.0126	0.1518	-0.0281
			-0.0143	-0.0281	0.0558
		A:
			0.1315	0.981	-0.1427
			-0.839	0.4597	0.291
			0.3583	-0.9328	-0.0387
			-0.1838	0.8952	0.4059
			-0.3086	0.8746	0.3738
			-0.6547	0.7499	0.0946
		b:
			296.5487
			-90.1996
			-147.8003
			358.7515
			287.7489
			-4.6011
	==================================================================================
	Q4:
		Shape: Hybrid
		q_c:	407.5	301.5	394.0
		ub :	413.0405	306.6604	398.3699
		lb :	401.9595	296.3396	389.6301
		P^-1:
			0.2017	0.1642	0.0821
			0.1642	0.2153	0.1122
			0.0821	0.1122	0.1786
		A:
			0.8339	0.0661	0.5479
			-0.7521	-0.5724	-0.3267
			-0.3041	-0.7495	-0.588
			-0.422	-0.9066	-0.0007
			-0.6406	-0.3636	-0.6763
			0.1552	-0.042	0.987
		b:
			578.1293
			-606.8308
			-580.357
			-443.7488
			-635.7874
			441.7065
	==================================================================================
	Q5:
		Shape: Hybrid
		q_c:	401.5	297.5	389.5
		ub :	408.5995	303.3437	396.2382
		lb :	394.4005	291.6563	382.7618
		P^-1:
			0.0668	0.038	-0.024
			0.038	0.1014	-0.0462
			-0.024	-0.0462	0.0811
		A:
			0.3715	0.1958	-0.9076
			0.6769	-0.1262	0.7252
			-0.4204	-0.3086	0.8533
			0.1016	0.9466	-0.3061
			0.4025	0.9121	0.0783
			-0.0324	-0.9296	0.3672
		b:
			-143.8261
			519.8986
			73.7195
			205.1124
			465.7118
			-144.5357
	==================================================================================
	Q6:
		Shape: Hybrid
		q_c:	399.0	305.0	391.5
		ub :	403.8752	310.7855	396.0473
		lb :	394.1248	299.2145	386.9527
		P^-1:
			0.0894	0.0038	0.013
			0.0038	0.0334	0.0029
			0.013	0.0029	0.103
		A:
			-0.6831	0.077	-0.7262
			0.9788	0.0324	0.2022
			-0.9768	-0.0153	-0.2138
			0.7129	0.614	-0.3388
			0.8336	-0.0556	-0.5495
			0.8946	-0.1322	0.4268
		b:
			-531.8202
			481.38
			-476.3106
			341.8269
			102.5435
			485.5001


===========================================================================================
===========================================================================================
S9:
	q_c:	304.5	81.0	393.0
	ub :	319.3327	105.2855	416.2817
	lb :	280.9305	58.8514	378.3896

	==================================================================================
	Q1:
		Shape: Ellipse
		q_c:	290.5	84.5	398.5
		ub :	300.0695	94.04	404.1773
		lb :	280.9305	74.96	392.8227
		P^-1:
			0.0372	-0.0127	0.0219
			-0.0127	0.0362	0.0202
			0.0219	0.0202	0.1009
	==================================================================================
	Q2:
		Shape: Hybrid
		q_c:	298.0	89.0	401.0
		ub :	303.8785	96.1134	408.6186
		lb :	292.1215	81.8866	393.3814
		P^-1:
			0.1262	-0.0023	0.042
			-0.0023	0.0903	0.0506
			0.042	0.0506	0.075
		A:
			0.4048	-0.2795	-0.8706
			0.4029	-0.7771	-0.4836
			-0.258	-0.6748	-0.6915
			0.3616	0.5704	0.7375
			-0.3953	0.7116	0.5809
			0.8344	-0.5269	-0.1617
		b:
			-249.6205
			-141.3014
			-412.7907
			455.7258
			180.3662
			138.6928
	==================================================================================
	Q3:
		Shape: Ellipse
		q_c:	304.0	72.5	407.0
		ub :	308.7025	79.6471	415.6467
		lb :	299.2975	65.3529	398.3533
		P^-1:
			0.1059	-0.0112	-0.0182
			-0.0112	0.066	-0.026
			-0.0182	-0.026	0.0386
	==================================================================================
	Q4:
		Shape: Hybrid
		q_c:	308.5	94.0	406.5
		ub :	319.3327	105.2855	416.2817
		lb :	297.6673	82.7145	396.7183
		P^-1:
			0.0553	0.0152	0.0445
			0.0152	0.0264	0.0224
			0.0445	0.0224	0.0609
		A:
			0.9988	-0.0489	-0.0099
			0.4373	0.8739	-0.2122
			0.8636	0.3439	0.3686
			0.8789	0.3722	-0.2983
			0.252	0.5404	0.8028
			-0.4445	-0.4528	-0.773
		b:
			304.6483
			137.6623
			451.6669
			191.7633
			457.6564
			-491.9359
	==================================================================================
	Q5:
		Shape: Ellipse
		q_c:	299.5	90.0	387.0
		ub :	306.0087	97.5782	395.6104
		lb :	292.9913	82.4218	378.3896
		P^-1:
			0.0843	-0.0845	-0.0473
			-0.0845	0.1515	0.0741
			-0.0473	0.0741	0.0624
	==================================================================================
	Q6:
		Shape: Hybrid
		q_c:	307.5	65.5	404.0
		ub :	316.1567	72.1486	412.4805
		lb :	298.8433	58.8514	395.5195
		P^-1:
			0.0368	0.0172	0.0141
			0.0172	0.0836	0.0333
			0.0141	0.0333	0.0516
		A:
			-0.6206	-0.6612	0.4216
			0.9195	-0.3406	-0.1964
			-0.6928	0.6507	0.3109
			-0.8444	-0.5348	-0.0313
			0.2164	-0.9328	0.2882
			-0.6909	0.6506	0.3154
		b:
			-59.9137
			185.3235
			-41.0914
			-304.0636
			125.3252
			-38.7016


===========================================================================================
===========================================================================================
S10:
	q_c:	123.5	12.0	38.5
	ub :	143.8408	30.4768	57.5358
	lb :	107.2683	-0.0722	22.0642

	==================================================================================
	Q1:
		Shape: Hybrid
		q_c:	134.5	8.0	48.0
		ub :	143.8408	16.0722	57.5358
		lb :	125.1592	-0.0722	38.4642
		P^-1:
			0.0354	-0.0128	-0.0118
			-0.0128	0.0515	-0.0146
			-0.0118	-0.0146	0.0406
		A:
			-0.4197	0.8743	0.2437
			0.0938	0.4278	-0.899
			0.8059	0.5384	-0.2461
			-0.0388	0.9219	-0.3854
			0.1314	-0.7735	0.6201
			-0.6418	-0.2158	0.7358
		b:
			-35.1201
			-24.5538
			105.0161
			-14.1375
			43.2984
			-50.2665
	==================================================================================
	Q2:
		Shape: Hybrid
		q_c:	130.0	10.0	34.5
		ub :	135.8983	14.4468	40.2502
		lb :	124.1017	5.5532	28.7498
		P^-1:
			0.1942	0.1118	0.1578
			0.1118	0.1512	0.1163
			0.1578	0.1163	0.2016
		A:
			-0.6114	-0.5335	-0.5845
			0.6746	0.3535	0.648
			-0.4882	-0.0645	-0.8704
			0.4535	0.6145	0.6456
			-0.4576	-0.0731	-0.8862
			0.4447	0.7445	0.4979
		b:
			-104.2015
			114.4339
			-92.4057
			88.3414
			-89.0037
			83.6273
	==================================================================================
	Q3:
		Shape: Hybrid
		q_c:	130.0	21.0	36.0
		ub :	134.7752	26.7382	40.9749
		lb :	125.2248	15.2618	31.0251
		P^-1:
			0.1061	-0.0111	-0.0003
			-0.0111	0.0867	0.0001
			-0.0003	0.0001	0.0816
		A:
			0.9449	0.3067	-0.1145
			-0.1592	-0.5484	-0.821
			-0.6518	0.5893	-0.4773
			-0.2856	-0.629	0.7231
			-0.1941	-0.0518	-0.9796
			-0.9061	-0.3997	-0.1386
		b:
			126.8933
			-59.7646
			-87.8829
			-22.2985
			-59.5957
			-129.3852
	==================================================================================
	Q4:
		Shape: Hybrid
		q_c:	113.5	24.0	41.5
		ub :	119.7317	30.4768	44.1774
		lb :	107.2683	17.5232	38.8226
		P^-1:
			0.1047	0.0306	-0.2093
			0.0306	0.0823	-0.1733
			-0.2093	-0.1733	0.9155
		A:
			0.3196	0.3546	-0.8787
			0.3442	-0.2332	-0.9095
			0.1672	-0.0554	-0.9844
			-0.384	-0.1649	0.9085
			0.4753	0.169	-0.8634
			0.482	0.1713	-0.8593
		b:
			9.2219
			-2.6971
			-22.1446
			-9.1285
			23.1658
			24.1704
	==================================================================================
	Q5:
		Shape: Ellipse
		q_c:	130.0	18.5	28.5
		ub :	135.0645	24.9346	34.9358
		lb :	124.9355	12.0654	22.0642
		P^-1:
			0.1949	0.0092	-0.0867
			0.0092	0.0565	0.0229
			-0.0867	0.0229	0.1132
	==================================================================================
	Q6:
		Shape: Ellipse
		q_c:	131.0	9.5	44.0
		ub :	139.4707	15.7283	52.5966
		lb :	122.5293	3.2717	35.4034
		P^-1:
			0.047	-0.0136	0.0219
			-0.0136	0.063	-0.0089
			0.0219	-0.0089	0.0448


===========================================================================================
===========================================================================================
S11:
	q_c:	453.5	131.5	353.5
	ub :	465.1575	140.1098	364.9482
	lb :	442.7683	119.3991	347.3349

	==================================================================================
	Q1:
		Shape: Ellipse
		q_c:	455.5	128.5	354.5
		ub :	460.3997	132.7258	359.7125
		lb :	450.6003	124.2742	349.2875
		P^-1:
			0.1401	-0.0499	0.0755
			-0.0499	0.1441	-0.0356
			0.0755	-0.0356	0.1394
	==================================================================================
	Q2:
		Shape: Ellipse
		q_c:	449.0	132.5	359.0
		ub :	455.2317	137.5164	364.9482
		lb :	442.7683	127.4836	353.0518
		P^-1:
			0.0733	0.0012	0.0094
			0.0012	0.0815	-0.0014
			0.0094	-0.0014	0.071
	==================================================================================
	Q3:
		Shape: Ellipse
		q_c:	461.0	124.0	355.5
		ub :	465.1575	128.6009	359.4358
		lb :	456.8425	119.3991	351.5642
		P^-1:
			0.1543	-0.0094	0.0125
			-0.0094	0.1444	0.0207
			0.0125	0.0207	0.1324
	==================================================================================
	Q4:
		Shape: Hybrid
		q_c:	458.0	134.5	350.0
		ub :	463.3276	140.1098	352.6651
		lb :	452.6724	128.8902	347.3349
		P^-1:
			0.1057	-0.0472	0.0676
			-0.0472	0.0906	-0.0787
			0.0676	-0.0787	0.4086
		A:
			0.3205	-0.016	0.9471
			-0.2876	0.2943	0.9114
			-0.31	-0.0643	0.9485
			-0.1483	-0.1284	0.9806
			0.3621	0.2713	0.8918
			-0.6999	0.3068	-0.6449
		b:
			477.1691
			228.4613
			182.7281
			259.1202
			516.2861
			-503.5933
	==================================================================================
	Q5:
		Shape: Polyhedra
		q_c:	454.5	133.5	354.0
		ub :	457.7679	138.0366	358.6343
		lb :	451.2321	128.9634	349.3657
		A:
			0.8253	-0.5591	0.0799
			-0.8316	0.0444	0.5535
			-0.6845	0.2173	0.6959
			-0.0246	-0.411	0.9113
			-0.2288	-0.9017	0.3668
			0.1331	0.9876	-0.0829
			0.0514	0.6758	0.7353
			-0.2275	0.7248	-0.6503
			-0.9724	-0.1339	0.191
			-0.0514	-0.6758	-0.7353
			0.2275	-0.7248	0.6503
			0.9724	0.1339	-0.191
		b:
			331.4988
			-173.5081
			-33.0564
			259.4967
			-91.5913
			165.9624
			376.8758
			-233.8571
			-389.7041
			-370.8758
			239.8571
			394.7041
	==================================================================================
	Q6:
		Shape: Polyhedra
		q_c:	448.0	126.0	357.0
		ub :	453.1491	131.2865	362.3885
		lb :	442.8509	120.7135	351.6115
		A:
			0.8123	0.5691	-0.1279
			0.8304	-0.5546	-0.0538
			0.0457	0.9081	-0.4163
			0.8914	-0.4166	-0.1783
			-0.7674	0.5188	0.3768
			0.9744	0.1013	0.2009
			0.2275	0.9312	0.2847
			0.6829	0.0559	-0.7284
			-0.6942	0.3601	-0.6232
			-0.2275	-0.9312	-0.2847
			-0.6829	-0.0559	0.7284
			0.6942	-0.3601	0.6232
		b:
			393.8689
			286.087
			-9.8802
			286.3995
			-140.3934
			524.1435
			325.3694
			56.4172
			-485.6307
			-316.3694
			-49.4172
			490.6307


===========================================================================================
===========================================================================================
S12:
	q_c:	413.5	341.0	205.5
	ub :	423.4646	348.9525	209.8183
	lb :	405.9925	332.6774	195.5922

	==================================================================================
	Q1:
		Shape: Ellipse
		q_c:	413.0	347.0	207.5
		ub :	415.036	348.9525	209.8183
		lb :	410.964	345.0475	205.1817
		P^-1:
			0.25	0.0026	0.0006
			0.0026	0.4336	0.0445
			0.0006	0.0445	0.2608
	==================================================================================
	Q2:
		Shape: Polyhedra
		q_c:	409.0	341.5	206.0
		ub :	412.0075	344.7456	208.7132
		lb :	405.9925	338.2544	203.2868
		A:
			0.949	0.1805	0.2585
			-0.0106	-0.0023	-0.9999
			0.1972	-0.1093	0.9742
			-0.0298	0.1847	-0.9823
			0.0401	-0.9628	-0.2672
			-0.2993	-0.3457	-0.8893
			0.9695	0.1715	0.1753
			0.0989	-0.9276	0.3603
			0.2243	-0.332	-0.9162
			-0.9695	-0.1715	-0.1753
			-0.0989	0.9276	-0.3603
			-0.2243	0.332	0.9162
		b:
			505.5125
			-209.3992
			245.9547
			-149.5933
			-365.2436
			-421.8687
			493.6757
			-199.5857
			-208.8499
			-488.6757
			204.5857
			211.8499
	==================================================================================
	Q3:
		Shape: Polyhedra
		q_c:	418.0	345.5	204.0
		ub :	421.7956	348.239	207.834
		lb :	414.2044	342.761	200.166
		A:
			-0.8218	0.4778	-0.3103
			0.3842	-0.299	0.8735
			-0.5152	0.706	-0.486
			-0.8927	-0.412	-0.1826
			0.3841	-0.5185	0.7639
			-0.0234	0.9617	-0.273
			0.5303	0.5899	0.609
			0.7436	0.0214	-0.6683
			-0.4072	0.8072	-0.4273
			-0.5303	-0.5899	-0.609
			-0.7436	-0.0214	0.6683
			0.4072	-0.8072	0.4273
		b:
			-239.926
			237.4634
			-69.0147
			-550.2646
			138.9919
			268.5214
			552.1921
			184.3968
			23.0031
			-547.1921
			-179.3968
			-20.0031
	==================================================================================
	Q4:
		Shape: Polyhedra
		q_c:	414.5	336.5	202.5
		ub :	417.9965	340.3226	204.6677
		lb :	411.0035	332.6774	200.3323
		A:
			0.5616	0.312	-0.7664
			0.1813	-0.9349	0.3052
			0.2461	0.9105	0.3323
			0.6357	-0.2645	-0.7252
			-0.7694	-0.6035	0.2093
			-0.2143	-0.827	-0.5198
			0.7844	0.5993	0.1601
			-0.0484	-0.1981	0.979
			0.6184	-0.7757	-0.1264
			-0.7844	-0.5993	-0.1601
			0.0484	0.1981	-0.979
			-0.6184	0.7757	0.1264
		b:
			184.2669
			-175.015
			478.087
			29.9826
			-477.6624
			-470.034
			561.1932
			113.0103
			-27.2851
			-557.1932
			-110.0103
			33.2851
	==================================================================================
	Q5:
		Shape: Hybrid
		q_c:	418.5	342.0	205.0
		ub :	423.4646	345.9462	209.4928
		lb :	413.5354	338.0538	200.5072
		P^-1:
			0.1267	0.0663	0.0158
			0.0663	0.1914	0.0447
			0.0158	0.0447	0.1246
		A:
			-0.9198	-0.3876	0.0604
			0.5601	0.4624	0.6874
			0.9663	0.1945	0.1686
			-0.7747	-0.4583	-0.4356
			0.3488	-0.7853	-0.5115
			0.113	-0.4479	-0.8869
		b:
			-503.493
			534.7999
			507.3357
			-568.8739
			-225.6597
			-286.0529
	==================================================================================
	Q6:
		Shape: Hybrid
		q_c:	415.5	343.0	201.0
		ub :	420.3085	348.1853	206.4078
		lb :	410.6915	337.8147	195.5922
		P^-1:
			0.0943	0.0098	0.0108
			0.0098	0.1054	-0.0063
			0.0108	-0.0063	0.1042
		A:
			-0.027	0.8725	0.4879
			0.7105	0.2833	-0.6442
			-0.7022	-0.7057	0.0946
			0.9613	-0.2092	0.179
			-0.4263	0.2354	-0.8734
			-0.7689	-0.0213	0.6391
		b:
			387.8119
			264.6619
			-513.2598
			365.4348
			-270.4421
			-196.4343


===========================================================================================
===========================================================================================
S13:
	q_c:	131.5	370.5	324.0
	ub :	141.5727	380.2921	335.4171
	lb :	122.8383	362.6372	316.4844

	==================================================================================
	Q1:
		Shape: Ellipse
		q_c:	135.5	372.0	321.5
		ub :	138.8412	375.8437	326.0685
		lb :	132.1588	368.1563	316.9315
		P^-1:
			0.1568	0.0005	-0.0153
			0.0005	0.1092	0.0073
			-0.0153	0.0073	0.0868
	==================================================================================
	Q2:
		Shape: Polyhedra
		q_c:	127.5	373.0	325.5
		ub :	132.1617	377.7273	330.6515
		lb :	122.8383	368.2727	320.3485
		A:
			0.413	-0.3837	0.826
			-0.838	0.273	-0.4725
			-0.1898	0.7571	-0.6251
			0.6624	0.6056	-0.441
			-0.6806	0.7318	-0.0336
			-0.668	0.5984	-0.4424
			0.8205	0.3898	0.418
			0.0897	-0.8101	0.5793
			0.5645	-0.4379	-0.6997
			-0.8205	-0.3898	-0.418
			-0.0897	0.8101	-0.5793
			-0.5645	0.4379	0.6997
		b:
			181.0656
			-155.9378
			57.2489
			169.6854
			178.2879
			-3.2379
			389.0928
			-99.6685
			-315.6072
			-383.0928
			104.6685
			322.6072
	==================================================================================
	Q3:
		Shape: Polyhedra
		q_c:	137.5	376.5	320.0
		ub :	141.5727	380.2921	323.5156
		lb :	133.4273	372.7079	316.4844
		A:
			-0.2612	0.1241	-0.9573
			0.4619	-0.8431	0.2753
			0.6708	-0.5319	-0.5168
			0.491	-0.6043	-0.6274
			0.1553	0.2255	0.9618
			0.6138	0.7574	-0.2226
			0.9573	0.2356	0.1677
			0.242	-0.9701	-0.0185
			0.1583	0.0583	-0.9857
			-0.9573	-0.2356	-0.1677
			-0.242	0.9701	0.0185
			-0.1583	-0.0583	0.9857
		b:
			-292.5256
			-162.8389
			-270.4116
			-357.8079
			417.017
			301.3344
			276.9798
			-334.8982
			-268.6954
			-270.9798
			340.8982
			274.6954
	==================================================================================
	Q4:
		Shape: Hybrid
		q_c:	127.5	366.0	321.5
		ub :	131.4151	369.3628	325.5842
		lb :	123.5849	362.6372	317.4158
		P^-1:
			0.1356	-0.0087	-0.0235
			-0.0087	0.354	-0.1405
			-0.0235	-0.1405	0.2259
		A:
			-0.5051	-0.6221	0.5983
			0.3878	0.9193	0.0665
			-0.4407	0.6335	-0.636
			0.8686	-0.2829	-0.4068
			-0.0496	-0.6811	-0.7305
			-0.2507	-0.8981	-0.3613
		b:
			-98.6179
			408.8377
			-27.5958
			-121.8191
			-488.4635
			-475.0449
	==================================================================================
	Q5:
		Shape: Ellipse
		q_c:	130.5	370.0	328.0
		ub :	135.4198	375.5229	332.0146
		lb :	125.5802	364.4771	323.9854
		P^-1:
			0.1055	0.0177	-0.001
			0.0177	0.0552	0.0032
			-0.001	0.0032	0.1109
	==================================================================================
	Q6:
		Shape: Polyhedra
		q_c:	133.0	370.0	330.0
		ub :	138.816	375.4313	335.4171
		lb :	127.184	364.5687	324.5829
		A:
			-0.9869	-0.0607	-0.1497
			-0.2889	-0.114	-0.9505
			0.1561	0.8728	-0.4625
			-0.3046	-0.168	0.9375
			0.0383	0.8626	-0.5045
			0.2163	0.8124	-0.5416
			0.7375	0.4023	0.5424
			-0.6639	0.5788	0.4735
			-0.1235	-0.7093	0.694
			-0.7375	-0.4023	-0.5424
			0.6639	-0.5788	-0.4735
			0.1235	0.7093	-0.694
		b:
			-199.2942
			-391.0208
			193.2724
			209.7558
			160.0072
			152.7208
			429.429
			286.6105
			-47.8716
			-422.429
			-277.6105
			51.8716


===========================================================================================
===========================================================================================
S14:
	q_c:	457.5	214.5	113.5
	ub :	475.5122	232.7182	135.3246
	lb :	439.3381	198.2999	89.2214

	==================================================================================
	Q1:
		Shape: Polyhedra
		q_c:	464.0	220.5	98.5
		ub :	472.7963	229.7361	107.7786
		lb :	455.2037	211.2639	89.2214
		A:
			-0.1316	-0.0075	-0.9913
			-0.0671	-0.786	-0.6146
			0.9355	-0.3444	-0.0791
			0.1767	0.2815	0.9431
			-0.6332	-0.3998	0.6627
			0.888	-0.3735	-0.2683
			0.6673	0.579	0.4685
			0.1656	-0.7286	0.6646
			0.7261	-0.3659	-0.5821
			-0.6673	-0.579	-0.4685
			-0.1656	0.7286	-0.6646
			-0.7261	0.3659	0.5821
		b:
			-154.8349
			-259.0007
			355.6004
			242.8043
			-311.4887
			308.3386
			489.9402
			-13.3426
			203.9162
			-476.9402
			23.3426
			-193.9162
	==================================================================================
	Q2:
		Shape: Ellipse
		q_c:	456.0	205.0	126.0
		ub :	464.0043	211.7001	135.3246
		lb :	447.9957	198.2999	116.6754
		P^-1:
			0.0347	-0.0057	0.0029
			-0.0057	0.0472	0.0013
			0.0029	0.0013	0.0144
	==================================================================================
	Q3:
		Shape: Ellipse
		q_c:	458.0	219.5	112.0
		ub :	462.0795	226.9517	118.6615
		lb :	453.9205	212.0483	105.3385
		P^-1:
			0.1386	-0.0435	-0.0667
			-0.0435	0.0758	0.0782
			-0.0667	0.0782	0.1408
	==================================================================================
	Q4:
		Shape: Polyhedra
		q_c:	449.0	207.0	105.0
		ub :	458.6619	213.434	111.8452
		lb :	439.3381	200.566	98.1548
		A:
			0.3701	-0.3767	-0.8492
			0.4735	0.4535	-0.7551
			0.5938	-0.145	-0.7914
			-0.0363	-0.3029	0.9523
			-0.1118	0.5688	0.8148
			-0.8891	0.0975	0.4471
			0.9143	0.1075	0.3906
			0.0928	-0.9941	0.0562
			0.3943	-0.0152	-0.9188
			-0.9143	-0.1075	-0.3906
			-0.0928	0.9941	-0.0562
			-0.3943	0.0152	0.9188
		b:
			2.8502
			231.4114
			157.4569
			25.4681
			157.7941
			-326.0599
			482.2635
			-152.6999
			80.9332
			-465.2635
			163.6999
			-73.9332
	==================================================================================
	Q5:
		Shape: Hybrid
		q_c:	451.5	224.0	124.0
		ub :	460.2131	232.7182	131.9861
		lb :	442.7869	215.2818	116.0139
		P^-1:
			0.0299	-0.0134	-0.0021
			-0.0134	0.0397	0.0021
			-0.0021	0.0021	0.0239
		A:
			-0.7604	0.5126	0.3988
			0.38	-0.5072	-0.7735
			0.3834	0.7202	-0.5782
			0.8932	-0.3416	-0.2925
			0.7441	-0.4335	-0.5083
			-0.5089	0.6638	0.548
		b:
			-176.2978
			-34.6506
			267.0091
			293.612
			178.8275
			-10.3855
	==================================================================================
	Q6:
		Shape: Hybrid
		q_c:	467.5	205.5	111.5
		ub :	475.5122	211.7696	117.9821
		lb :	459.4878	199.2304	105.0179
		P^-1:
			0.0346	-0.002	-0.0133
			-0.002	0.0395	-0.0017
			-0.0133	-0.0017	0.0562
		A:
			-0.2433	-0.808	0.5365
			0.3514	0.9063	-0.2348
			-0.3006	-0.1898	0.9347
			-0.8656	0.3969	0.3053
			0.5981	-0.1905	-0.7785
			-0.4565	-0.2433	0.8558
		b:
			-217.3041
			327.393
			-73.2469
			-286.0734
			155.7943
			-165.9055


===========================================================================================
===========================================================================================
S15:
	q_c:	138.5	371.5	113.5
	ub :	151.3784	385.8293	127.1303
	lb :	127.712	360.7065	107.4202

	==================================================================================
	Q1:
		Shape: Hybrid
		q_c:	138.5	365.5	115.0
		ub :	144.3822	370.2935	120.6126
		lb :	132.6178	360.7065	109.3874
		P^-1:
			0.4297	0.4169	0.2141
			0.4169	0.4786	0.2418
			0.2141	0.2418	0.1873
		A:
			-0.3871	-0.8826	-0.2668
			-0.6818	-0.729	-0.0608
			0.822	0.32	-0.471
			0.8884	0.4173	0.1915
			-0.5453	-0.7949	-0.2661
			-0.5485	-0.5803	-0.602
		b:
			-405.332
			-366.7562
			179.5374
			299.2188
			-395.7794
			-356.3244
	==================================================================================
	Q2:
		Shape: Hybrid
		q_c:	143.5	381.0	110.5
		ub :	148.4309	385.8293	113.3584
		lb :	138.5691	376.1707	107.6416
		P^-1:
			0.1003	-0.0502	0.0076
			-0.0502	0.1305	-0.0259
			0.0076	-0.0259	0.2417
		A:
			-0.0701	0.2606	0.9629
			0.127	-0.9409	-0.3139
			-0.3469	-0.2934	0.8908
			0.6655	-0.5041	-0.5505
			-0.134	-0.9854	-0.1047
			0.2431	-0.9681	0.0603
		b:
			196.8325
			-373.0205
			-61.6753
			-155.8623
			-403.9151
			-325.5657
	==================================================================================
	Q3:
		Shape: Polyhedra
		q_c:	142.0	375.5	111.5
		ub :	143.7716	379.4402	115.5798
		lb :	140.2284	371.5598	107.4202
		A:
			0.8885	-0.0156	-0.4586
			-0.9023	0.4243	0.076
			-0.635	-0.5708	0.5205
			0.7849	-0.1738	-0.5947
			-0.3876	-0.7021	0.5973
			0.0732	-0.4782	0.8752
			0.0865	0.6718	0.7357
			-0.2525	0.7291	-0.6361
			-0.9637	-0.1308	0.2327
			-0.0865	-0.6718	-0.7357
			0.2525	-0.7291	0.6361
			0.9637	0.1308	-0.2327
		b:
			70.5157
			41.2297
			-245.0167
			-18.1801
			-250.3721
			-69.4099
			350.0676
			168.9973
			-158.9978
			-343.0676
			-164.9973
			160.9978
	==================================================================================
	Q4:
		Shape: Polyhedra
		q_c:	131.5	366.0	122.5
		ub :	135.288	371.0653	127.1303
		lb :	127.712	360.9347	117.8697
		A:
			0.657	-0.691	-0.3014
			-0.0794	-0.1717	0.982
			-0.9143	0.3765	0.1492
			-0.6827	0.0173	0.7305
			0.0176	0.9871	0.1589
			-0.6075	0.0407	-0.7933
			0.1379	0.7012	0.6994
			0.1138	0.6903	-0.7145
			-0.9839	0.1782	0.0154
			-0.1379	-0.7012	-0.6994
			-0.1138	-0.6903	0.7145
			0.9839	-0.1782	-0.0154
		b:
			-200.0487
			50.0627
			38.9161
			9.1008
			386.6349
			-158.8546
			364.4782
			182.5867
			-59.2796
			-356.4782
			-177.5867
			65.2796
	==================================================================================
	Q5:
		Shape: Hybrid
		q_c:	141.0	369.0	122.5
		ub :	145.0173	373.0691	126.7314
		lb :	136.9827	364.9309	118.2686
		P^-1:
			0.1184	0.0098	0.0144
			0.0098	0.1577	-0.0034
			0.0144	-0.0034	0.155
		A:
			-0.1329	0.3707	-0.9192
			0.9293	0.2711	-0.2508
			0.2869	-0.3353	0.8974
			0.0681	0.8253	0.5605
			0.2372	-0.5504	-0.8005
			-0.7487	-0.6549	-0.1029
		b:
			6.7149
			201.9804
			27.9128
			384.1102
			-266.256
			-358.4335
	==================================================================================
	Q6:
		Shape: Polyhedra
		q_c:	145.5	375.0	113.0
		ub :	151.3784	380.5067	118.177
		lb :	139.6216	369.4933	107.823
		A:
			-0.6574	-0.6139	-0.437
			0.6892	0.4224	0.5887
			0.8801	-0.4573	0.1279
			-0.7941	-0.6071	-0.0299
			0.5555	-0.3068	0.7729
			-0.6932	-0.6086	-0.3861
			0.627	0.233	0.7434
			-0.6485	0.6848	0.3324
			-0.4316	-0.6905	0.5804
			-0.627	-0.233	-0.7434
			0.6485	-0.6848	-0.3324
			0.4316	0.6905	-0.5804
		b:
			-372.2991
			328.1696
			-24.8783
			-343.8168
			56.2013
			-369.8105
			265.5967
			204.4881
			-253.6483
			-259.5967
			-195.4881
			258.6483


===========================================================================================
===========================================================================================
S16:
	q_c:	367.0	360.5	261.0
	ub :	384.071	378.4351	276.9788
	lb :	349.6763	343.6448	246.3987

	==================================================================================
	Q1:
		Shape: Hybrid
		q_c:	364.5	372.5	270.0
		ub :	374.4483	378.4351	276.9788
		lb :	354.5517	366.5649	263.0212
		P^-1:
			0.032	0.0428	0.0213
			0.0428	0.1401	0.0157
			0.0213	0.0157	0.0628
		A:
			0.0439	-0.2782	-0.9595
			0.6049	-0.2388	0.7596
			0.4522	-0.5919	0.6672
			-0.4258	-0.8988	0.1048
			-0.2317	-0.5501	0.8023
			-0.1486	0.6776	0.7203
		b:
			-342.9654
			340.4254
			128.1886
			-459.8751
			-69.4342
			396.8807
	==================================================================================
	Q2:
		Shape: Ellipse
		q_c:	367.5	350.5	263.0
		ub :	374.0226	356.2752	268.2265
		lb :	360.9774	344.7248	257.7735
		P^-1:
			0.0648	0.003	-0.0247
			0.003	0.0648	-0.0129
			-0.0247	-0.0129	0.0934
	==================================================================================
	Q3:
		Shape: Polyhedra
		q_c:	377.5	353.0	255.0
		ub :	384.071	360.4604	261.7669
		lb :	370.929	345.5396	248.2331
		A:
			0.7873	0.0711	0.6124
			-0.4572	0.4128	-0.7878
			-0.1089	0.4489	0.8869
			0.0041	-0.5583	0.8296
			-0.846	-0.522	0.1088
			-0.0793	0.951	0.2987
			0.6047	0.5932	0.5315
			-0.7819	0.5693	0.2542
			-0.1518	-0.5693	0.808
			-0.6047	-0.5932	-0.5315
			0.7819	-0.5693	-0.2542
			0.1518	0.5693	-0.808
		b:
			482.0298
			-223.0802
			347.7807
			20.9983
			-472.0214
			386.2897
			575.693
			-23.8699
			-47.225
			-570.693
			34.8699
			57.225
	==================================================================================
	Q4:
		Shape: Ellipse
		q_c:	378.0	365.5	258.0
		ub :	383.4667	370.5202	264.7405
		lb :	372.5333	360.4798	251.2595
		P^-1:
			0.1597	-0.0775	0.0282
			-0.0775	0.1834	0.0197
			0.0282	0.0197	0.0458
	==================================================================================
	Q5:
		Shape: Hybrid
		q_c:	357.0	350.0	256.5
		ub :	363.6084	356.3552	262.4221
		lb :	350.3916	343.6448	250.5779
		P^-1:
			0.0552	0.0434	-0.0207
			0.0434	0.1182	-0.0393
			-0.0207	-0.0393	0.0596
		A:
			0.3491	0.9323	-0.0948
			0.0452	-0.9779	0.2042
			-0.6741	-0.3933	0.6252
			0.0717	0.1808	-0.9809
			0.3102	0.5581	0.7696
			0.5981	0.4368	-0.6719
		b:
			428.2598
			-271.5055
			-215.7066
			-159.6554
			507.0882
			196.1531
	==================================================================================
	Q6:
		Shape: Polyhedra
		q_c:	357.0	361.5	252.5
		ub :	364.3237	368.167	258.6013
		lb :	349.6763	354.833	246.3987
		A:
			0.2596	0.7796	0.5699
			0.7216	-0.5978	0.3492
			0.6483	-0.7203	0.2468
			-0.2044	0.6444	0.7369
			-0.8838	-0.0965	-0.4578
			-0.0299	-0.6247	-0.7803
			0.5529	0.4225	0.7182
			-0.5759	0.8167	-0.0371
			-0.6022	-0.3931	0.6948
			-0.5529	-0.4225	-0.7182
			0.5759	-0.8167	0.0371
			0.6022	0.3931	-0.6948
		b:
			521.0203
			133.4423
			37.3124
			349.7768
			-463.0374
			-430.4276
			533.4612
			84.2538
			-175.1475
			-529.4612
			-76.2538
			188.1475


===========================================================================================
===========================================================================================
S17:
	q_c:	420.0	377.5	126.0
	ub :	444.5588	406.3183	151.1305
	lb :	391.523	364.4595	107.7627

	==================================================================================
	Q1:
		Shape: Ellipse
		q_c:	415.5	371.0	139.5
		ub :	423.2452	377.5405	146.9948
		lb :	407.7548	364.4595	132.0052
		P^-1:
			0.055	-0.0169	0.0095
			-0.0169	0.0698	-0.0004
			0.0095	-0.0004	0.0392
	==================================================================================
	Q2:
		Shape: Polyhedra
		q_c:	401.5	376.5	131.0
		ub :	409.5497	383.9626	139.6632
		lb :	393.4503	369.0374	122.3368
		A:
			-0.9857	-0.149	0.0783
			0.8086	0.2817	0.5165
			0.7195	-0.4392	0.5379
			0.3273	0.8957	-0.3011
			0.9316	-0.0614	0.3584
			-0.1991	0.1641	-0.9661
			0.0053	0.9519	0.3064
			0.8135	0.1741	-0.5549
			-0.5816	0.2522	-0.7734
			-0.0053	-0.9519	-0.3064
			-0.8135	-0.1741	0.5549
			0.5816	-0.2522	0.7734
		b:
			-435.1974
			503.337
			198.2702
			435.1586
			402.9554
			-140.0654
			406.1477
			326.4581
			-235.8822
			-395.1477
			-312.4581
			243.8822
	==================================================================================
	Q3:
		Shape: Hybrid
		q_c:	435.5	396.5	140.5
		ub :	444.5588	406.3183	151.1305
		lb :	426.4412	386.6817	129.8695
		P^-1:
			0.0244	-0.001	0.0012
			-0.001	0.0252	-0.0017
			0.0012	-0.0017	0.0256
		A:
			-0.7441	0.6535	-0.139
			-0.5297	-0.4817	0.6981
			0.7985	-0.5552	0.2327
			0.5846	0.1125	-0.8035
			-0.1418	-0.5184	0.8433
			-0.5283	-0.2873	0.799
		b:
			-81.2806
			-320.2581
			163.444
			189.7392
			-145.6408
			-228.3819
	==================================================================================
	Q4:
		Shape: Hybrid
		q_c:	407.5	382.0	124.5
		ub :	415.9335	392.2288	133.3448
		lb :	399.0665	371.7712	115.6552
		P^-1:
			0.0224	0.0081	0.0144
			0.0081	0.0295	0.0273
			0.0144	0.0273	0.0613
		A:
			-0.491	-0.6081	0.6238
			0.4547	-0.7831	-0.4243
			-0.331	-0.1982	-0.9226
			0.5922	0.7364	0.3271
			0.5606	0.5347	0.6323
			0.8638	0.4955	0.0909
		b:
			-348.2332
			-161.8576
			-323.0296
			567.34
			513.945
			557.6284
	==================================================================================
	Q5:
		Shape: Hybrid
		q_c:	420.0	391.5	139.5
		ub :	429.2756	400.3129	149.3769
		lb :	410.7244	382.6871	129.6231
		P^-1:
			0.0228	-0.0002	-0.0017
			-0.0002	0.048	-0.0197
			-0.0017	-0.0197	0.0358
		A:
			0.925	0.3286	-0.1906
			0.7187	-0.6762	0.1618
			-0.3758	0.1292	-0.9176
			-0.5112	-0.7873	0.3448
			-0.6015	-0.0548	0.797
			0.3424	0.9388	0.0378
		b:
			494.8889
			63.3549
			-231.3325
			-471.8492
			-158.961
			520.1798
	==================================================================================
	Q6:
		Shape: Hybrid
		q_c:	405.0	378.0	118.5
		ub :	418.477	391.5038	129.2373
		lb :	391.523	364.4962	107.7627
		P^-1:
			0.0172	0.0038	0.0013
			0.0038	0.0135	0.0003
			0.0013	0.0003	0.0186
		A:
			-0.804	-0.4115	0.4292
			-0.9505	-0.1641	0.2639
			0.4665	0.8489	0.2485
			0.2111	-0.0542	0.976
			-0.5589	-0.8258	-0.075
			0.795	0.1287	-0.5928
		b:
			-426.4008
			-411.5571
			543.4481
			184.4693
			-543.3384
			304.6144


===========================================================================================
===========================================================================================
S18:
	q_c:	91.5	355.5	122.5
	ub :	101.8973	370.4383	133.965
	lb :	82.6137	344.5507	114.0314

	==================================================================================
	Q1:
		Shape: Ellipse
		q_c:	89.0	365.5	123.0
		ub :	92.9579	370.4383	126.6966
		lb :	85.0421	360.5617	119.3034
		P^-1:
			0.2206	-0.0505	-0.027
			-0.0505	0.0669	0.0255
			-0.027	0.0255	0.172
	==================================================================================
	Q2:
		Shape: Polyhedra
		q_c:	96.0	354.0	119.5
		ub :	101.347	356.8371	124.9686
		lb :	90.653	351.1629	114.0314
		A:
			0.0632	0.7089	0.7024
			-0.4416	0.8949	-0.065
			0.9848	-0.1552	0.078
			-0.1206	-0.8865	-0.4467
			-0.4956	-0.7643	-0.4126
			0.6167	0.6632	0.4241
			0.8062	0.0959	0.5839
			-0.2314	0.9593	0.1619
			-0.5446	-0.2656	0.7955
			-0.8062	-0.0959	-0.5839
			0.2314	-0.9593	-0.1619
			0.5446	0.2656	-0.7955
		b:
			343.5397
			268.4137
			52.3305
			-376.725
			-364.677
			347.6973
			184.6155
			338.2253
			-47.24
			-177.6155
			-335.2253
			55.24
	==================================================================================
	Q3:
		Shape: Polyhedra
		q_c:	95.0	347.5	121.0
		ub :	99.0546	350.4493	124.2716
		lb :	90.9454	344.5507	117.7284
		A:
			-0.4891	0.8275	-0.2758
			0.5752	-0.5567	-0.5994
			0.6177	-0.592	-0.5177
			0.283	-0.4113	0.8665
			-0.062	-0.9925	-0.1057
			0.6972	-0.5885	-0.4093
			0.9377	0.2214	0.2676
			-0.152	-0.4313	0.8893
			0.3123	-0.8746	-0.3708
			-0.9377	-0.2214	-0.2676
			0.152	0.4313	-0.8893
			-0.3123	0.8746	0.3708
		b:
			209.6871
			-209.5613
			-207.8538
			-8.8975
			-361.7233
			-185.7902
			201.8963
			-54.7026
			-317.6331
			-194.8963
			58.7026
			320.6331
	==================================================================================
	Q4:
		Shape: Hybrid
		q_c:	95.5	363.5	127.5
		ub :	101.8973	370.1132	133.965
		lb :	89.1027	356.8868	121.035
		P^-1:
			0.0429	0.0055	0.0052
			0.0055	0.061	-0.0014
			0.0052	-0.0014	0.0611
		A:
			0.0086	0.9931	0.1166
			0.3349	-0.182	0.9245
			0.0362	0.7093	0.704
			-0.7841	-0.5803	0.2199
			-0.4524	-0.8451	0.2849
			0.6656	0.1207	0.7365
		b:
			378.7767
			85.7404
			353.1474
			-255.3716
			-311.9996
			203.53
	==================================================================================
	Q5:
		Shape: Ellipse
		q_c:	89.0	357.5	122.0
		ub :	93.0824	360.8795	126.4051
		lb :	84.9176	354.1205	117.5949
		P^-1:
			0.2953	0.147	0.0864
			0.147	0.2253	0.0585
			0.0864	0.0585	0.1166
	==================================================================================
	Q6:
		Shape: Hybrid
		q_c:	87.5	355.0	120.5
		ub :	92.3863	358.3209	125.0144
		lb :	82.6137	351.6791	115.9856
		P^-1:
			0.0699	-0.004	0.0216
			-0.004	0.3629	-0.1448
			0.0216	-0.1448	0.1853
		A:
			-0.4977	-0.8369	-0.2279
			-0.0702	-0.9714	0.2269
			0.0615	-0.9936	-0.0947
			0.2545	-0.939	0.2315
			-0.5076	0.4526	0.7331
			-0.153	0.8532	0.4986
		b:
			-366.1974
			-322.6995
			-357.3037
			-282.021
			207.5093
			351.7845


===========================================================================================
===========================================================================================
S19:
	q_c:	250.0	332.5	291.5
	ub :	258.5338	337.38	303.5166
	lb :	239.7076	323.521	282.5559

	==================================================================================
	Q1:
		Shape: Polyhedra
		q_c:	248.0	330.0	299.5
		ub :	252.1425	333.3368	303.2589
		lb :	243.8575	326.6632	295.7411
		A:
			0.0154	0.8869	-0.4617
			-0.4178	0.9033	0.0975
			-0.1974	-0.7064	-0.6797
			0.4779	-0.5634	0.6739
			-0.5922	-0.78	-0.202
			-0.6358	0.6909	-0.3442
			0.9411	0.2124	0.2631
			0.2282	-0.9731	-0.0307
			0.2496	0.0889	-0.9643
			-0.9411	-0.2124	-0.2631
			-0.2282	0.9731	0.0307
			-0.2496	-0.0889	0.9643
		b:
			160.856
			226.2068
			-482.8548
			137.2707
			-461.9816
			-30.0914
			385.2986
			-271.2151
			-194.5652
			-379.2986
			276.2151
			200.5652
	==================================================================================
	Q2:
		Shape: Hybrid
		q_c:	253.5	330.0	298.0
		ub :	258.5338	334.9475	303.5166
		lb :	248.4662	325.0525	292.4834
		P^-1:
			0.1099	0.0279	0.0252
			0.0279	0.1092	0.0249
			0.0252	0.0249	0.1042
		A:
			0.8381	0.5444	0.0351
			-0.8681	-0.4134	-0.2748
			-0.4678	-0.0829	-0.8799
			-0.9602	-0.1636	-0.2264
			-0.9326	-0.2536	-0.2567
			0.2779	0.8552	0.4374
		b:
			404.1397
			-436.95
			-406.5315
			-363.2185
			-395.025
			484.4842
	==================================================================================
	Q3:
		Shape: Polyhedra
		q_c:	244.5	330.0	289.5
		ub :	249.2924	335.4581	294.662
		lb :	239.7076	324.5419	284.338
		A:
			-0.8345	-0.196	0.5149
			0.4419	-0.6389	-0.6297
			0.0225	0.1992	0.9797
			-0.9668	-0.2184	-0.1324
			0.252	-0.584	-0.7716
			0.8929	-0.444	-0.0749
			0.701	0.6931	0.1678
			0.6975	-0.6172	-0.3641
			-0.1488	0.3723	-0.9161
			-0.701	-0.6931	-0.1678
			-0.6975	0.6172	0.3641
			0.1488	-0.3723	0.9161
		b:
			-116.4376
			-282.4055
			358.5393
			-343.4919
			-351.4961
			52.8032
			452.2072
			-136.064
			-174.7524
			-445.2072
			141.064
			182.7524
	==================================================================================
	Q4:
		Shape: Ellipse
		q_c:	246.0	332.0	297.5
		ub :	250.8166	337.38	302.1037
		lb :	241.1834	326.62	292.8963
		P^-1:
			0.1565	0.0785	0.05
			0.0785	0.1292	0.0374
			0.05	0.0374	0.1085
	==================================================================================
	Q5:
		Shape: Hybrid
		q_c:	253.5	328.5	287.5
		ub :	257.1314	333.479	292.4441
		lb :	249.8686	323.521	282.5559
		P^-1:
			0.2123	-0.0454	-0.0533
			-0.0454	0.1101	0.0039
			-0.0533	0.0039	0.1204
		A:
			0.9938	0.1101	0.0142
			0.5261	-0.0971	0.8449
			0.1384	-0.9166	0.3751
			-0.4932	0.108	-0.8632
			0.226	-0.7175	0.6589
			0.746	0.666	-0.0005
		b:
			293.7369
			346.5669
			-156.1921
			-335.5123
			12.983
			409.9044
	==================================================================================
	Q6:
		Shape: Ellipse
		q_c:	253.5	332.5	289.0
		ub :	258.0567	337.26	291.793
		lb :	248.9433	327.74	286.207
		P^-1:
			0.0993	-0.0144	-0.0004
			-0.0144	0.0937	-0.0042
			-0.0004	-0.0042	0.1597


===========================================================================================
===========================================================================================
S20:
	q_c:	476.5	328.0	177.5
	ub :	486.2105	351.0602	194.8366
	lb :	455.4193	309.9709	162.749

	==================================================================================
	Q1:
		Shape: Polyhedra
		q_c:	476.5	328.5	185.5
		ub :	483.2511	337.7833	194.8366
		lb :	469.7489	319.2167	176.1634
		A:
			0.6091	0.442	-0.6585
			0.3612	-0.3823	0.8505
			-0.4131	0.8643	0.2867
			0.8315	0.1732	-0.5278
			-0.8125	0.3843	-0.4383
			0.3841	-0.2141	-0.8981
			0.375	0.5592	0.7393
			-0.9253	0.2742	0.262
			-0.0562	-0.7824	0.6203
			-0.375	-0.5592	-0.7393
			0.9253	-0.2742	-0.262
			0.0562	0.7824	-0.6203
		b:
			318.7808
			210.2291
			145.5966
			360.1331
			-337.0191
			-48.4711
			505.551
			-297.7577
			-162.7121
			-493.551
			306.7577
			174.7121
	==================================================================================
	Q2:
		Shape: Ellipse
		q_c:	469.5	318.0	174.0
		ub :	474.3996	325.8064	182.3023
		lb :	464.6004	310.1936	165.6977
		P^-1:
			0.2193	0.0733	0.0196
			0.0733	0.0646	-0.0002
			0.0196	-0.0002	0.0298
	==================================================================================
	Q3:
		Shape: Hybrid
		q_c:	479.0	334.5	176.0
		ub :	486.2105	342.3175	185.9769
		lb :	471.7895	326.6825	166.0231
		P^-1:
			0.0336	0.0075	0.0013
			0.0075	0.0606	0.0304
			0.0013	0.0304	0.0344
		A:
			0.3833	0.6011	0.7012
			-0.1474	0.7529	0.6414
			0.6227	-0.0344	-0.7817
			0.7188	0.67	0.1856
			0.7598	-0.4052	-0.5084
			0.422	0.5621	0.7113
		b:
			510.6225
			296.1405
			153.7003
			603.836
			142.2701
			518.0891
	==================================================================================
	Q4:
		Shape: Ellipse
		q_c:	462.5	343.0	181.5
		ub :	469.5807	351.0602	188.8892
		lb :	455.4193	334.9398	174.1108
		P^-1:
			0.04	0.0001	0.0001
			0.0001	0.0478	0.0107
			0.0001	0.0107	0.0547
	==================================================================================
	Q5:
		Shape: Ellipse
		q_c:	465.5	336.0	168.5
		ub :	471.3113	340.2326	174.251
		lb :	459.6887	331.7674	162.749
		P^-1:
			0.0746	-0.0006	-0.0355
			-0.0006	0.0625	-0.0008
			-0.0355	-0.0008	0.0766
	==================================================================================
	Q6:
		Shape: Polyhedra
		q_c:	470.5	319.0	172.0
		ub :	479.4753	328.0291	177.7791
		lb :	461.5247	309.9709	166.2209
		A:
			0.6749	-0.1409	-0.7243
			0.9976	-0.0049	-0.0697
			0.2215	-0.1828	0.9579
			-0.083	-0.643	-0.7614
			0.2495	0.5786	-0.7765
			0.0538	0.0425	-0.9976
			0.6345	0.7067	0.313
			0.731	-0.6802	0.0539
			0.251	0.1946	-0.9482
			-0.6345	-0.7067	-0.313
			-0.731	0.6802	-0.0539
			-0.251	-0.1946	0.9482
		b:
			152.0603
			461.518
			214.7846
			-369.2709
			172.5044
			-128.9236
			584.816
			141.2079
			20.5691
			-570.816
			-131.2079
			-13.5691


===========================================================================================
===========================================================================================
S21:
	q_c:	493.5	362.0	215.0
	ub :	507.1688	374.3621	229.0299
	lb :	483.4244	351.3826	205.4594

	==================================================================================
	Q1:
		Shape: Polyhedra
		q_c:	491.5	367.0	223.5
		ub :	497.1127	373.051	229.0299
		lb :	485.8873	360.949	217.9701
		A:
			0.916	-0.2992	0.2673
			-0.105	-0.9713	0.2136
			0.5732	0.7295	-0.3731
			-0.2214	-0.8838	0.4123
			0.5425	0.2293	0.8082
			-0.923	0.3671	-0.1155
			0.8069	0.5787	0.1183
			0.3081	-0.5833	0.7516
			0.5039	-0.57	-0.6489
			-0.8069	-0.5787	-0.1183
			-0.3081	0.5833	-0.7516
			-0.5039	0.57	0.6489
		b:
			403.4887
			-357.069
			469.135
			-337.991
			534.6601
			-341.1299
			638.4204
			108.3446
			-102.0689
			-632.4204
			-102.3446
			111.0689
	==================================================================================
	Q2:
		Shape: Hybrid
		q_c:	496.0	369.0	215.0
		ub :	500.2725	374.3621	219.63
		lb :	491.7275	363.6379	210.37
		P^-1:
			0.1077	-0.0135	0.0032
			-0.0135	0.0526	-0.0021
			0.0032	-0.0021	0.0626
		A:
			-0.6027	0.6311	-0.4883
			0.8125	-0.4146	-0.4099
			-0.4474	-0.3085	0.8394
			0.5381	-0.4835	0.6904
			-0.318	-0.8674	0.3828
			-0.1347	-0.4545	-0.8805
		b:
			-169.0137
			163.7174
			-152.8074
			239.0157
			-392.5771
			-421.1947
	==================================================================================
	Q3:
		Shape: Ellipse
		q_c:	490.0	358.5	220.0
		ub :	496.5756	365.6174	226.3475
		lb :	483.4244	351.3826	213.6525
		P^-1:
			0.0942	0.0144	0.0542
			0.0144	0.0513	0.0229
			0.0542	0.0229	0.1039
	==================================================================================
	Q4:
		Shape: Hybrid
		q_c:	501.5	357.5	223.0
		ub :	505.7156	360.8631	227.369
		lb :	497.2844	354.1369	218.631
		P^-1:
			0.1511	0.0363	-0.0076
			0.0363	0.2151	0.0479
			-0.0076	0.0479	0.155
		A:
			0.9107	0.4068	0.0718
			0.0105	-0.3606	0.9327
			-0.6288	-0.7536	-0.1916
			-0.4646	0.8233	0.3262
			0.0832	-0.065	-0.9944
			0.8772	0.4648	-0.1206
		b:
			619.536
			86.1558
			-626.3855
			135.4795
			-201.6652
			580.5185
	==================================================================================
	Q5:
		Shape: Polyhedra
		q_c:	492.5	364.0	210.5
		ub :	498.1609	369.1294	215.5406
		lb :	486.8391	358.8706	205.4594
		A:
			-0.5391	-0.6356	0.5527
			0.5886	0.0562	0.8065
			-0.8787	0.4755	-0.042
			0.751	0.6107	-0.2511
			-0.2028	-0.6748	-0.7096
			-0.7943	0.4856	-0.3651
			0.7765	0.5647	0.2797
			0.5145	-0.8244	0.2361
			0.3639	-0.0394	-0.9306
			-0.7765	-0.5647	-0.2797
			-0.5145	0.8244	-0.2361
			-0.3639	0.0394	0.9306
		b:
			-377.1037
			483.4606
			-264.7529
			542.467
			-491.5674
			-287.4628
			649.8324
			6.9875
			-27.5069
			-643.8324
			1.0125
			34.5069
	==================================================================================
	Q6:
		Shape: Polyhedra
		q_c:	499.5	362.0	213.0
		ub :	507.1688	369.3672	218.2997
		lb :	491.8312	354.6328	207.7003
		A:
			0.0712	0.6338	-0.7702
			0.3898	-0.4739	0.7896
			0.0972	-0.3479	-0.9325
			0.2841	0.4244	-0.8597
			0.388	-0.9088	0.1532
			-0.839	0.242	0.4873
			0.6477	0.7359	0.1976
			0.3818	-0.089	-0.92
			-0.6594	0.6713	-0.3386
			-0.6477	-0.7359	-0.1976
			-0.3818	0.089	0.92
			0.6594	-0.6713	0.3386
		b:
			104.8912
			195.1016
			-272.4039
			116.0007
			-98.2237
			-224.0816
			637.9767
			-34.475
			-154.475
			-625.9767
			40.475
			162.475


===========================================================================================
===========================================================================================
S22:
	q_c:	164.0	477.0	505.5
	ub :	175.6333	495.5124	522.6748
	lb :	147.6348	457.7893	496.4227

	==================================================================================
	Q1:
		Shape: Polyhedra
		q_c:	164.0	472.5	505.5
		ub :	171.5037	478.0205	512.7125
		lb :	156.4963	466.9795	498.2875
		A:
			-0.3792	-0.9211	-0.0882
			0.506	-0.819	0.2706
			-0.3435	0.9378	0.0514
			0.8042	0.4012	-0.4386
			0.2696	-0.7291	-0.629
			-0.4645	-0.8718	0.1556
			0.6912	0.1496	0.707
			-0.4841	-0.6306	0.6067
			0.5366	-0.7616	-0.3634
			-0.6912	-0.1496	-0.707
			0.4841	0.6306	-0.6067
			-0.5366	0.7616	0.3634
		b:
			-538.094
			-162.9968
			416.5669
			102.9042
			-613.9613
			-406.1317
			547.4532
			-68.1735
			-451.5395
			-535.4532
			73.1735
			459.5395
	==================================================================================
	Q2:
		Shape: Ellipse
		q_c:	157.5	473.0	510.5
		ub :	161.8556	477.8068	514.6141
		lb :	153.1444	468.1932	506.3859
		P^-1:
			0.118	0.0119	0.0122
			0.0119	0.1317	0.021
			0.0122	0.021	0.1325
	==================================================================================
	Q3:
		Shape: Polyhedra
		q_c:	156.0	487.0	514.5
		ub :	164.3652	495.5124	522.6748
		lb :	147.6348	478.4876	506.3252
		A:
			-0.073	-0.4796	0.8744
			0.2308	0.5365	0.8117
			0.7473	-0.1915	-0.6363
			-0.611	-0.6021	0.514
			-0.7204	-0.5739	0.3893
			0.7559	-0.6457	-0.1078
			0.834	0.4548	0.3125
			-0.4409	0.2087	0.8729
			0.3318	-0.8658	0.3746
			-0.834	-0.4548	-0.3125
			0.4409	-0.2087	-0.8729
			-0.3318	0.8658	-0.3746
		b:
			210.4682
			719.9184
			-299.0476
			-118.8086
			-186.4407
			-246.3867
			517.3646
			486.9924
			-171.1471
			-507.3646
			-476.9924
			183.1471
	==================================================================================
	Q4:
		Shape: Hybrid
		q_c:	169.0	487.0	501.0
		ub :	175.6333	494.3968	505.5773
		lb :	162.3667	479.6032	496.4227
		P^-1:
			0.0633	-0.0237	-0.0106
			-0.0237	0.0512	-0.0167
			-0.0106	-0.0167	0.106
		A:
			-0.1628	0.3253	0.9315
			-0.2182	-0.5632	-0.797
			-0.3383	-0.0796	0.9377
			-0.02	-0.0085	0.9998
			0.431	-0.2771	0.8587
			-0.1178	0.4874	0.8652
		b:
			599.755
			-706.9771
			375.4097
			495.0728
			370.0049
			653.5316
	==================================================================================
	Q5:
		Shape: Polyhedra
		q_c:	162.5	469.0	510.5
		ub :	169.2284	478.7993	520.2599
		lb :	155.7716	459.2007	500.7401
		A:
			-0.9737	-0.2277	0.0055
			0.9352	-0.3387	0.1029
			0.9065	0.4218	-0.016
			-0.6402	0.1572	0.752
			-0.6742	0.6213	-0.3994
			0.9165	0.2374	-0.3221
			0.3129	0.5789	0.753
			-0.9088	0.4128	0.0603
			-0.2759	-0.7032	0.6553
			-0.3129	-0.5789	-0.753
			0.9088	-0.4128	-0.0603
			0.2759	0.7032	-0.6553
		b:
			-257.4281
			48.9091
			342.4528
			358.7849
			-17.9175
			100.4641
			714.2432
			79.6867
			-34.1342
			-699.2432
			-73.6867
			46.1342
	==================================================================================
	Q6:
		Shape: Hybrid
		q_c:	154.5	464.5	516.0
		ub :	161.2025	471.2107	521.0932
		lb :	147.7975	457.7893	510.9068
		P^-1:
			0.0813	0.0225	0.0447
			0.0225	0.0653	0.0316
			0.0447	0.0316	0.1122
		A:
			-0.3253	0.1627	-0.9315
			0.1006	0.8115	-0.5756
			0.9962	-0.0007	-0.0874
			-0.2231	0.1819	-0.9577
			-0.0765	-0.8313	-0.5505
			0.026	-0.8217	-0.5694
		b:
			-453.2653
			98.7284
			111.3428
			-441.9392
			-679.8176
			-669.1152


===========================================================================================
===========================================================================================
S23:
	q_c:	160.0	304.0	41.5
	ub :	171.8762	321.3095	61.2772
	lb :	136.6909	285.4476	18.7657

	==================================================================================
	Q1:
		Shape: Hybrid
		q_c:	155.0	315.5	30.0
		ub :	162.6114	321.3095	37.5723
		lb :	147.3886	309.6905	22.4277
		P^-1:
			0.0495	-0.0093	0.0183
			-0.0093	0.0733	-0.0044
			0.0183	-0.0044	0.0544
		A:
			-0.1674	-0.9118	-0.3749
			0.1153	-0.5268	-0.8421
			0.2496	0.5153	0.8199
			0.2206	0.9132	-0.3425
			0.1138	0.9768	0.1815
			-0.2649	0.9472	-0.1804
		b:
			-322.7275
			-170.8239
			228.2261
			314.4494
			333.3363
			254.2025
	==================================================================================
	Q2:
		Shape: Polyhedra
		q_c:	145.5	303.0	27.5
		ub :	154.3091	312.6677	36.2343
		lb :	136.6909	293.3323	18.7657
		A:
			-0.1421	0.158	0.9772
			0.0908	-0.4279	0.8992
			0.3682	0.2909	0.8831
			0.002	0.4585	-0.8887
			0.8382	0.4009	-0.3698
			0.6343	0.3971	0.6632
			0.2449	0.6647	0.7058
			0.1214	0.7013	-0.7025
			-0.9619	0.2578	0.091
			-0.2449	-0.6647	-0.7058
			-0.1214	-0.7013	0.7025
			0.9619	-0.2578	-0.091
		b:
			59.8729
			-85.7642
			171.6392
			120.747
			239.7988
			236.705
			261.9442
			216.8306
			-52.349
			-250.9442
			-204.8306
			66.349
	==================================================================================
	Q3:
		Shape: Polyhedra
		q_c:	158.0	309.0	43.0
		ub :	169.3437	319.0347	52.3525
		lb :	146.6563	298.9653	33.6475
		A:
			-0.5044	-0.746	-0.4348
			0.3019	0.9533	0.0077
			-0.2868	-0.6381	-0.7145
			0.5163	0.6292	0.581
			-0.3652	-0.6145	-0.6993
			-0.449	-0.8437	-0.2942
			0.4204	0.7342	0.5331
			0.3897	0.3844	-0.8368
			-0.8194	0.5596	-0.1245
			-0.4204	-0.7342	-0.5331
			-0.3897	-0.3844	0.8368
			0.8194	-0.5596	0.1245
		b:
			-325.7529
			347.7697
			-269.7179
			304.1932
			-274.2694
			-340.721
			319.2201
			152.3853
			46.6017
			-313.2201
			-136.3853
			-29.6017
	==================================================================================
	Q4:
		Shape: Ellipse
		q_c:	158.0	291.5	41.5
		ub :	165.7078	297.5524	49.7237
		lb :	150.2922	285.4476	33.2763
		P^-1:
			0.0268	-0.0273	0.01
			-0.0273	0.1378	-0.0431
			0.01	-0.0431	0.0363
	==================================================================================
	Q5:
		Shape: Hybrid
		q_c:	162.0	295.5	49.5
		ub :	171.8762	304.7297	56.6474
		lb :	152.1238	286.2703	42.3526
		P^-1:
			0.0244	0.0127	-0.0321
			0.0127	0.0338	-0.0462
			-0.0321	-0.0462	0.133
		A:
			0.693	-0.5991	-0.401
			0.4565	0.1863	-0.87
			0.3448	0.1763	-0.922
			-0.5015	-0.3825	0.776
			-0.566	0.4631	-0.6821
			0.6031	0.0946	-0.792
		b:
			-78.2384
			87.9061
			63.993
			-153.8057
			16.4991
			89.3984
	==================================================================================
	Q6:
		Shape: Ellipse
		q_c:	146.5	302.5	54.0
		ub :	151.7946	310.1914	61.2772
		lb :	141.2054	294.8086	46.7228
		P^-1:
			0.0492	0.0018	0.0001
			0.0018	0.0333	0.0
			0.0001	0.0	0.0331


===========================================================================================
===========================================================================================
S24:
	q_c:	399.5	162.5	490.0
	ub :	410.9789	180.5914	508.5647
	lb :	383.6912	145.947	477.4511

	==================================================================================
	Q1:
		Shape: Hybrid
		q_c:	407.5	165.5	481.5
		ub :	410.7542	169.9019	485.5489
		lb :	404.2458	161.0981	477.4511
		P^-1:
			0.1564	-0.0121	-0.004
			-0.0121	0.1144	0.0011
			-0.004	0.0011	0.1115
		A:
			-0.0367	0.9844	0.1723
			0.9924	0.021	-0.1213
			-0.7531	0.6484	-0.1117
			0.8276	0.5612	-0.0005
			-0.1372	0.3449	0.9286
			-0.6859	0.7254	-0.0573
		b:
			232.6112
			350.7878
			-251.988
			431.4705
			449.9939
			-185.6261
	==================================================================================
	Q2:
		Shape: Polyhedra
		q_c:	397.0	172.0	485.5
		ub :	403.9083	180.5914	489.8535
		lb :	390.0917	163.4086	481.1465
		A:
			0.6635	0.3643	0.6535
			0.6292	0.6671	-0.3989
			-0.8748	-0.4842	0.0176
			0.5058	0.8257	-0.2499
			-0.1141	-0.2551	-0.9602
			-0.2382	0.3418	0.9091
			0.7005	0.3208	0.6375
			-0.5935	-0.2343	0.77
			0.3964	-0.9177	0.0263
			-0.7005	-0.3208	-0.6375
			0.5935	0.2343	-0.77
			-0.3964	0.9177	-0.0263
		b:
			646.8573
			174.6346
			-418.8603
			226.3024
			-551.9862
			409.477
			646.2748
			100.4427
			19.7871
			-639.2748
			-95.4427
			-4.7871
	==================================================================================
	Q3:
		Shape: Hybrid
		q_c:	400.5	167.0	499.5
		ub :	409.5367	175.0856	508.5647
		lb :	391.4633	158.9144	490.4353
		P^-1:
			0.0354	0.0066	0.0043
			0.0066	0.0272	0.0016
			0.0043	0.0016	0.0188
		A:
			0.2674	-0.9203	0.2855
			-0.848	0.076	0.5245
			-0.8123	-0.0741	0.5785
			-0.5099	0.0115	-0.8601
			0.5679	0.5522	-0.6104
			-0.5961	-0.6087	-0.5235
		b:
			99.9894
			-60.8483
			-44.6253
			-627.8932
			18.8638
			-598.9408
	==================================================================================
	Q4:
		Shape: Hybrid
		q_c:	391.5	168.5	496.0
		ub :	399.3088	177.529	503.1528
		lb :	383.6912	159.471	488.8472
		P^-1:
			0.0486	0.0076	-0.0261
			0.0076	0.0435	-0.0341
			-0.0261	-0.0341	0.0794
		A:
			0.7838	-0.1947	-0.5897
			0.7407	-0.0931	-0.6654
			0.4605	0.868	-0.1859
			-0.0073	-0.1458	0.9893
			0.6678	0.5344	-0.5181
			-0.0167	0.7761	-0.6303
		b:
			-15.6176
			-53.2145
			238.1237
			466.0284
			96.7609
			-186.1181
	==================================================================================
	Q5:
		Shape: Ellipse
		q_c:	404.5	155.0	495.0
		ub :	410.3925	161.9526	502.1934
		lb :	398.6075	148.0474	487.8066
		P^-1:
			0.0766	-0.0099	0.0067
			-0.0099	0.0618	0.011
			0.0067	0.011	0.0335
	==================================================================================
	Q6:
		Shape: Polyhedra
		q_c:	403.5	152.0	493.5
		ub :	410.9789	158.053	499.2819
		lb :	396.0211	145.947	487.7181
		A:
			0.5456	0.8353	0.0686
			0.1467	0.5573	-0.8172
			0.174	0.5133	-0.8404
			0.6784	-0.6234	-0.3887
			0.7063	0.2397	-0.6661
			-0.6124	0.7147	-0.3378
			0.7157	0.5489	0.4318
			0.4999	-0.8344	0.2321
			0.4877	0.0498	-0.8716
			-0.7157	-0.5489	-0.4318
			-0.4999	0.8344	-0.2321
			-0.4877	-0.0498	0.8716
		b:
			387.2181
			-256.863
			-263.9825
			-10.3289
			-3.9206
			-302.3892
			592.3122
			191.9511
			-223.2794
			-578.3122
			-186.9511
			228.2794


===========================================================================================
===========================================================================================
S25:
	q_c:	360.5	374.0	149.0
	ub :	369.0901	380.66	158.0284
	lb :	356.7591	369.8451	140.8826

	==================================================================================
	Q1:
		Shape: Ellipse
		q_c:	362.5	376.5	152.0
		ub :	366.7665	380.66	156.0293
		lb :	358.2335	372.34	147.9707
		P^-1:
			0.162	0.067	0.0508
			0.067	0.1989	-0.0387
			0.0508	-0.0387	0.2207
	==================================================================================
	Q2:
		Shape: Polyhedra
		q_c:	362.5	374.0	148.0
		ub :	365.2138	376.7343	151.1533
		lb :	359.7862	371.2657	144.8467
		A:
			0.0641	-0.7797	0.6228
			0.9399	-0.2812	-0.1935
			0.9328	0.234	-0.274
			0.0434	-0.6179	-0.785
			-0.3258	-0.0713	-0.9428
			0.8776	0.3659	-0.3096
			0.0184	0.9526	0.3036
			0.4415	0.2647	-0.8573
			-0.8971	0.1498	-0.4157
			-0.0184	-0.9526	-0.3036
			-0.4415	-0.2647	0.8573
			0.8971	-0.1498	0.4157
		b:
			-174.2176
			208.9266
			387.0991
			-329.5572
			-282.2679
			411.1591
			409.8685
			134.1568
			-328.7025
			-405.8685
			-130.1568
			332.7025
	==================================================================================
	Q3:
		Shape: Hybrid
		q_c:	364.0	375.5	153.5
		ub :	367.9944	378.4723	158.0284
		lb :	360.0056	372.5277	148.9716
		P^-1:
			0.1407	-0.0012	0.0371
			-0.0012	0.3995	-0.1148
			0.0371	-0.1148	0.1459
		A:
			-0.6484	-0.7314	0.2114
			0.0566	-0.9442	0.3243
			0.0475	0.9795	-0.196
			0.5651	-0.6885	0.4545
			-0.0871	-0.1568	-0.9838
			0.0489	-0.9215	0.3852
		b:
			-476.7996
			-283.4362
			355.7956
			18.0886
			-239.162
			-268.366
	==================================================================================
	Q4:
		Shape: Hybrid
		q_c:	359.5	372.5	150.5
		ub :	362.2409	375.1549	153.4707
		lb :	356.7591	369.8451	147.5293
		P^-1:
			0.6318	0.335	0.2051
			0.335	0.6318	-0.0008
			0.2051	-0.0008	0.3408
		A:
			0.4977	0.3671	0.7858
			0.8524	0.205	-0.4811
			-0.3575	0.8482	-0.3908
			-0.364	-0.9294	-0.0615
			0.4976	0.8363	-0.2301
			0.7367	0.1732	0.6536
		b:
			434.8985
			311.8825
			129.7359
			-485.5982
			456.4519
			428.4721
	==================================================================================
	Q5:
		Shape: Hybrid
		q_c:	365.0	376.5	145.0
		ub :	369.0901	379.0442	149.1174
		lb :	360.9099	373.9558	140.8826
		P^-1:
			0.161	0.0793	-0.0075
			0.0793	0.4099	0.0629
			-0.0075	0.0629	0.1446
		A:
			-0.0093	-0.8279	0.5607
			0.2793	-0.9354	-0.2167
			0.2012	0.8885	-0.4125
			0.4794	-0.8663	0.1405
			-0.0649	0.8407	0.5377
			0.2638	0.8666	0.4236
		b:
			-232.1745
			-280.5044
			349.4406
			-129.1564
			371.8226
			484.8472
	==================================================================================
	Q6:
		Shape: Ellipse
		q_c:	359.5	371.5	148.5
		ub :	361.2344	372.8433	150.2652
		lb :	357.7656	370.1567	146.7348
		P^-1:
			1.4477	-0.9331	0.9022
			-0.9331	2.637	-1.2103
			0.9022	-1.2103	1.3598


===========================================================================================
===========================================================================================
