3D_45_25_6_d                l = 3

===========================================================================================
===========================================================================================
S1:
	q_c:	238.5	37.5	409.0
	ub :	250.7802	49.6385	420.4952
	lb :	233.5054	28.0527	400.3585

	==================================================================================
	Q1:
		Shape: Polyhedra
		q_c:	245.5	34.0	407.5
		ub :	250.3428	37.4281	413.237
		lb :	240.6572	30.5719	401.763
		A:
			0.4327	0.8997	-0.0572
			0.8811	-0.4592	0.1131
			0.191	0.8053	-0.5613
			-0.1746	0.9834	-0.0501
			0.7342	-0.5861	-0.3426
			0.2304	0.6698	-0.7058
			0.525	0.2847	0.802
			-0.8487	0.2459	0.4683
			-0.0639	-0.9265	0.3707
			-0.525	-0.2847	-0.802
			0.8487	-0.2459	-0.4683
			0.0639	0.9265	-0.3707
		b:
			116.0976
			249.7788
			-152.799
			-28.0276
			23.1221
			-206.2298
			470.4106
			-6.6654
			105.3821
			-460.4106
			11.6654
			-102.3821
	==================================================================================
	Q2:
		Shape: Polyhedra
		q_c:	243.0	32.5	403.0
		ub :	247.5798	36.9473	405.6415
		lb :	238.4202	28.0527	400.3585
		A:
			-0.917	-0.3788	-0.1254
			-0.298	0.4946	-0.8164
			0.6693	0.1922	0.7177
			0.5925	-0.1244	0.7959
			0.5917	0.5377	0.6007
			-0.1986	-0.9763	0.0855
			0.9147	0.4033	0.0266
			0.103	-0.1689	-0.9802
			-0.3908	0.8994	-0.196
			-0.9147	-0.4033	-0.0266
			-0.103	0.1689	0.9802
			0.3908	-0.8994	0.196
		b:
			-282.1642
			-382.7725
			461.0214
			463.4124
			406.3217
			-42.362
			249.592
			-373.5104
			-141.7236
			-242.592
			377.5104
			147.7236
	==================================================================================
	Q3:
		Shape: Polyhedra
		q_c:	239.0	43.5	414.5
		ub :	244.4946	49.6385	420.4952
		lb :	233.5054	37.3615	408.5048
		A:
			-0.008	0.7625	0.6469
			-0.9857	-0.0492	-0.1611
			-0.4514	-0.3922	-0.8015
			0.0913	0.8502	-0.5185
			0.4842	0.6854	0.5439
			0.5647	0.5125	0.6469
			0.7185	0.1324	0.6828
			-0.652	0.4703	0.5948
			-0.2423	-0.8725	0.4242
			-0.7185	-0.1324	-0.6828
			0.652	-0.4703	-0.5948
			0.2423	0.8725	-0.4242
		b:
			303.1386
			-301.4103
			-454.3949
			-151.672
			374.2324
			428.2681
			463.0083
			115.1925
			84.4491
			-458.0083
			-107.1925
			-75.4491
	==================================================================================
	Q4:
		Shape: Ellipse
		q_c:	246.0	37.0	407.0
		ub :	250.7802	40.5618	411.6323
		lb :	241.2198	33.4382	402.3677
		P^-1:
			0.1984	-0.0559	-0.1824
			-0.0559	0.1332	0.0621
			-0.1824	0.0621	0.2733
	==================================================================================
	Q5:
		Shape: Ellipse
		q_c:	240.5	37.5	413.5
		ub :	243.4402	40.0624	417.0081
		lb :	237.5598	34.9376	409.9919
		P^-1:
			0.2342	0.0012	0.044
			0.0012	0.16	0.001
			0.044	0.001	0.1269
	==================================================================================
	Q6:
		Shape: Ellipse
		q_c:	242.5	44.0	415.5
		ub :	246.3108	47.9717	419.3019
		lb :	238.6892	40.0283	411.6981
		P^-1:
			0.2072	0.0217	0.0393
			0.0217	0.17	0.0181
			0.0393	0.0181	0.1928


===========================================================================================
===========================================================================================
S2:
	q_c:	473.5	448.0	431.5
	ub :	519.8659	487.8452	477.5845
	lb :	447.9169	416.1267	402.3318

	==================================================================================
	Q1:
		Shape: Hybrid
		q_c:	490.5	434.5	445.0
		ub :	507.6029	452.8733	462.9841
		lb :	473.3971	416.1267	427.0159
		P^-1:
			0.012	0.0009	-0.0057
			0.0009	0.0062	-0.0012
			-0.0057	-0.0012	0.0119
		A:
			-0.2537	-0.5995	-0.7591
			-0.6956	-0.0663	-0.7154
			-0.4255	-0.873	-0.2383
			-0.2188	-0.0698	0.9733
			0.9529	0.1691	-0.2518
			0.6569	-0.7117	-0.2488
		b:
			-713.8497
			-679.439
			-685.084
			301.0073
			434.135
			-90.0862
	==================================================================================
	Q2:
		Shape: Polyhedra
		q_c:	495.5	466.0	439.0
		ub :	510.9229	479.237	454.7761
		lb :	480.0771	452.763	423.2239
		A:
			-0.6322	0.7189	0.2891
			0.7489	0.3337	0.5726
			-0.0756	0.5452	-0.8349
			0.58	0.4725	0.6636
			-0.7872	0.0674	-0.613
			-0.615	-0.2454	-0.7494
			0.6797	0.2243	0.6984
			-0.1251	0.9736	-0.1909
			-0.7228	0.0424	0.6898
			-0.6797	-0.2243	-0.6984
			0.1251	-0.9736	0.1909
			0.7228	-0.0424	-0.6898
		b:
			162.3695
			782.5951
			-138.2907
			803.9299
			-622.1871
			-743.8592
			751.8821
			319.9036
			-20.0662
			-743.8821
			-295.9036
			51.0662
	==================================================================================
	Q3:
		Shape: Ellipse
		q_c:	501.0	468.0	414.0
		ub :	519.2134	487.8452	424.4514
		lb :	482.7866	448.1548	403.5486
		P^-1:
			0.0071	0.0025	0.0003
			0.0025	0.006	-0.0008
			0.0003	-0.0008	0.0138
	==================================================================================
	Q4:
		Shape: Polyhedra
		q_c:	459.5	461.5	419.5
		ub :	471.0831	478.2706	436.6682
		lb :	447.9169	444.7294	402.3318
		A:
			-0.5885	-0.7995	-0.1199
			0.017	0.9165	0.3996
			0.751	0.0862	0.6546
			0.0917	-0.2483	0.9643
			0.8512	0.238	-0.4677
			-0.7236	0.6805	0.1153
			0.9861	0.1658	0.0147
			0.1514	-0.9303	0.334
			0.0691	-0.3271	-0.9424
			-0.9861	-0.1658	-0.0147
			-0.1514	0.9303	-0.334
			-0.0691	0.3271	0.9424
		b:
			-679.079
			611.0442
			670.6446
			345.2909
			315.0059
			40.9783
			544.7847
			-208.1414
			-500.5825
			-526.7847
			231.1414
			528.5825
	==================================================================================
	Q5:
		Shape: Ellipse
		q_c:	477.0	451.0	440.5
		ub :	492.8793	466.8546	457.2534
		lb :	461.1207	435.1454	423.7466
		P^-1:
			0.021	0.0115	0.0062
			0.0115	0.0142	0.0063
			0.0062	0.0063	0.0112
	==================================================================================
	Q6:
		Shape: Ellipse
		q_c:	495.5	461.5	452.5
		ub :	519.8659	481.736	477.5845
		lb :	471.1341	441.264	427.4155
		P^-1:
			0.0046	0.0001	-0.0002
			0.0001	0.005	-0.0001
			-0.0002	-0.0001	0.0047


===========================================================================================
===========================================================================================
S3:
	q_c:	357.5	419.0	178.0
	ub :	377.3248	438.1872	192.6736
	lb :	343.0525	405.9921	165.4081

	==================================================================================
	Q1:
		Shape: Ellipse
		q_c:	358.5	414.5	178.5
		ub :	366.0003	423.0079	187.0039
		lb :	350.9997	405.9921	169.9961
		P^-1:
			0.0409	0.0055	-0.006
			0.0055	0.04	-0.0007
			-0.006	-0.0007	0.0416
	==================================================================================
	Q2:
		Shape: Polyhedra
		q_c:	368.0	420.0	170.0
		ub :	369.9355	422.6288	172.5184
		lb :	366.0645	417.3712	167.4816
		A:
			-0.6215	-0.2892	0.7281
			0.2217	0.9323	0.2857
			0.4137	-0.8336	-0.3659
			-0.5425	0.3162	0.7783
			0.8256	-0.211	-0.5234
			0.8427	0.2019	-0.499
			0.6537	0.4257	0.6256
			-0.7497	0.2524	0.6117
			0.1026	-0.869	0.4842
			-0.6537	-0.4257	-0.6256
			0.7497	-0.2524	-0.6117
			-0.1026	0.869	-0.4842
		b:
			-225.0375
			523.4502
			-258.6202
			66.5214
			127.2271
			311.3023
			527.2343
			-64.9173
			-242.9129
			-524.2343
			66.9173
			246.9129
	==================================================================================
	Q3:
		Shape: Polyhedra
		q_c:	355.5	433.0	188.0
		ub :	360.0995	438.1872	192.6736
		lb :	350.9005	427.8128	183.3264
		A:
			-0.8705	0.3246	0.37
			-0.8006	0.4025	0.4438
			-0.5802	0.4803	0.6578
			-0.8966	-0.2184	-0.3852
			-0.8105	0.5833	0.0537
			-0.5817	-0.3952	-0.711
			0.2577	0.3072	0.9161
			-0.2583	0.9355	-0.241
			-0.9311	-0.1746	0.3204
			-0.2577	-0.3072	-0.9161
			0.2583	-0.9355	0.241
			0.9311	0.1746	-0.3204
		b:
			-96.1114
			-23.6376
			128.6032
			-482.6991
			-21.9058
			-508.564
			399.831
			271.9265
			-343.3435
			-393.831
			-263.9265
			349.3435
	==================================================================================
	Q4:
		Shape: Polyhedra
		q_c:	351.5	414.0	173.5
		ub :	359.9475	421.4985	181.5919
		lb :	343.0525	406.5015	165.4081
		A:
			0.5059	0.0082	0.8626
			0.1991	0.8505	-0.4867
			-0.8905	0.4387	0.1209
			0.489	0.6125	0.6211
			-0.9092	-0.3839	-0.1613
			-0.9229	-0.3551	-0.1488
			0.6999	0.6187	0.3567
			0.5356	-0.7851	0.3109
			0.4725	-0.0266	-0.881
			-0.6999	-0.6187	-0.3567
			-0.5356	0.7851	-0.3109
			-0.4725	0.0266	0.881
		b:
			335.9734
			343.5526
			-104.1044
			536.5766
			-502.9132
			-493.5487
			567.0773
			-75.8397
			7.715
			-561.0773
			89.8397
			3.285
	==================================================================================
	Q5:
		Shape: Polyhedra
		q_c:	369.5	424.5	176.0
		ub :	377.3248	431.0111	183.8835
		lb :	361.6752	417.9889	168.1165
		A:
			0.6224	-0.7021	0.346
			0.0797	-0.3985	0.9137
			-0.4428	-0.8498	0.286
			-0.0467	0.9925	-0.113
			0.2716	-0.742	0.6129
			-0.5059	0.7966	-0.3307
			0.0635	0.3185	0.9458
			0.1295	0.937	-0.3243
			-0.9895	0.1431	0.0183
			-0.0635	-0.3185	-0.9458
			-0.1295	-0.937	0.3243
			0.9895	-0.1431	-0.0183
		b:
			-1.5728
			26.8299
			-470.018
			388.0403
			-102.0701
			98.1408
			332.1563
			392.0463
			-294.6814
			-318.1563
			-385.0463
			308.6814
	==================================================================================
	Q6:
		Shape: Hybrid
		q_c:	366.0	423.5	184.5
		ub :	374.1003	432.311	192.6006
		lb :	357.8997	414.689	176.3994
		P^-1:
			0.0533	0.0151	0.02
			0.0151	0.0438	0.0173
			0.02	0.0173	0.0412
		A:
			-0.9131	0.3832	-0.1394
			0.0768	-0.56	-0.8249
			0.2049	0.927	-0.314
			0.4801	0.0112	0.8771
			-0.2605	-0.9474	-0.1858
			0.8846	0.2376	0.4012
		b:
			-194.245
			-358.0982
			413.7
			345.2896
			-527.9581
			500.5292


===========================================================================================
===========================================================================================
S4:
	q_c:	496.0	208.5	125.5
	ub :	519.3103	226.5658	148.2482
	lb :	486.9806	191.399	111.4346

	==================================================================================
	Q1:
		Shape: Ellipse
		q_c:	496.5	211.5	128.5
		ub :	499.9716	217.4448	133.478
		lb :	493.0284	205.5552	123.522
		P^-1:
			0.8022	-0.1855	0.3356
			-0.1855	0.079	-0.0874
			0.3356	-0.0874	0.2144
	==================================================================================
	Q2:
		Shape: Polyhedra
		q_c:	508.5	201.5	123.5
		ub :	514.0303	208.0242	129.7579
		lb :	502.9697	194.9758	117.2421
		A:
			-0.9898	0.1419	0.0122
			0.2954	0.529	-0.7956
			0.6694	0.2805	-0.688
			-0.5704	-0.5802	0.5814
			-0.7023	0.3632	0.6123
			-0.6072	0.0856	0.7899
			0.9852	0.1461	0.0895
			-0.0582	-0.2057	0.9769
			0.1611	-0.9676	-0.1942
			-0.9852	-0.1461	-0.0895
			0.0582	0.2057	-0.9769
			-0.1611	0.9676	0.1942
		b:
			-468.6571
			163.5112
			316.715
			-330.3103
			-203.4669
			-189.0924
			545.9732
			54.5872
			-132.0204
			-536.9732
			-44.5872
			142.0204
	==================================================================================
	Q3:
		Shape: Hybrid
		q_c:	510.0	217.5	121.0
		ub :	519.3103	226.5658	130.5654
		lb :	500.6897	208.4342	111.4346
		P^-1:
			0.0232	0.0015	-0.0029
			0.0015	0.046	-0.0201
			-0.0029	-0.0201	0.0374
		A:
			0.0419	0.638	-0.7689
			-0.6939	0.0665	-0.717
			-0.7328	-0.6052	0.3111
			0.1507	-0.9711	-0.1851
			-0.2557	-0.8594	-0.4428
			-0.3823	-0.7521	0.5369
		b:
			69.2814
			-421.7464
			-464.2277
			-152.912
			-366.3456
			-291.2443
	==================================================================================
	Q4:
		Shape: Ellipse
		q_c:	509.0	198.0	127.0
		ub :	515.0755	204.601	134.3965
		lb :	502.9245	191.399	119.6035
		P^-1:
			0.0736	0.017	0.0351
			0.017	0.0539	0.0087
			0.0351	0.0087	0.0661
	==================================================================================
	Q5:
		Shape: Ellipse
		q_c:	497.0	205.0	139.0
		ub :	507.0194	214.2407	148.2482
		lb :	486.9806	195.7593	129.7518
		P^-1:
			0.0292	-0.0052	0.0018
			-0.0052	0.0237	-0.002
			0.0018	-0.002	0.0242
	==================================================================================
	Q6:
		Shape: Ellipse
		q_c:	509.5	196.0	136.5
		ub :	516.664	199.2348	143.3777
		lb :	502.336	192.7652	129.6223
		P^-1:
			0.1647	0.0923	0.1411
			0.0923	0.3842	0.0326
			0.1411	0.0326	0.1633


===========================================================================================
===========================================================================================
S5:
	q_c:	193.5	337.0	444.5
	ub :	212.3783	348.7144	459.9921
	lb :	181.9973	322.2382	435.021

	==================================================================================
	Q1:
		Shape: Polyhedra
		q_c:	201.0	336.5	450.5
		ub :	208.0955	344.6771	458.1571
		lb :	193.9045	328.3229	442.8429
		A:
			-0.2463	0.9485	0.1992
			-0.6485	-0.7259	0.2292
			0.0923	0.8746	0.476
			0.7407	0.4092	-0.5329
			0.9455	0.1846	-0.2683
			-0.1199	0.6456	0.7542
			0.7293	0.6607	0.178
			0.5988	-0.4905	-0.6331
			-0.3309	0.5683	-0.7534
			-0.7293	-0.6607	-0.178
			-0.5988	0.4905	0.6331
			0.3309	-0.5683	0.7534
		b:
			363.7672
			-266.4811
			531.0518
			50.9608
			135.1113
			536.1525
			453.5727
			-327.3877
			-207.6889
			-444.5727
			332.3877
			221.6889
	==================================================================================
	Q2:
		Shape: Ellipse
		q_c:	197.5	329.0	454.5
		ub :	204.2242	335.3561	459.9921
		lb :	190.7758	322.6439	449.0079
		P^-1:
			0.0625	-0.0	0.0
			-0.0	0.0625	0.0
			0.0	0.0	0.0625
	==================================================================================
	Q3:
		Shape: Ellipse
		q_c:	194.0	332.5	448.5
		ub :	199.5682	337.5941	452.6001
		lb :	188.4318	327.4059	444.3999
		P^-1:
			0.0911	0.051	0.0129
			0.051	0.1222	-0.0081
			0.0129	-0.0081	0.1072
	==================================================================================
	Q4:
		Shape: Hybrid
		q_c:	186.5	326.5	440.0
		ub :	191.0027	330.7618	444.979
		lb :	181.9973	322.2382	435.021
		P^-1:
			0.2472	-0.0977	-0.1632
			-0.0977	0.1342	0.0829
			-0.1632	0.0829	0.2072
		A:
			-0.6732	0.6183	0.4055
			-0.4437	0.096	0.891
			-0.8279	-0.5523	0.0974
			0.6107	-0.6794	0.4068
			-0.136	-0.5776	-0.8049
			0.5263	-0.8503	0.0074
		b:
			255.7888
			342.0643
			-289.2066
			73.7797
			-565.6297
			-174.1681
	==================================================================================
	Q5:
		Shape: Ellipse
		q_c:	207.5	333.5	443.5
		ub :	212.3783	339.66	449.611
		lb :	202.6217	327.34	437.389
		P^-1:
			0.1952	-0.0866	-0.0102
			-0.0866	0.1084	0.0139
			-0.0102	0.0139	0.0583
	==================================================================================
	Q6:
		Shape: Polyhedra
		q_c:	192.5	342.5	450.5
		ub :	198.6066	348.7144	457.5921
		lb :	186.3934	336.2856	443.4079
		A:
			0.5376	-0.8407	0.0652
			-0.3806	0.6351	-0.6722
			-0.835	-0.1348	-0.5335
			0.7386	0.674	0.0148
			-0.7122	0.6086	0.3497
			0.7071	-0.0158	-0.707
			0.5838	0.2169	0.7823
			-0.8031	0.0129	0.5957
			0.1192	-0.9761	0.1817
			-0.5838	-0.2169	-0.7823
			0.8031	-0.0129	-0.5957
			-0.1192	0.9761	-0.1817
		b:
			-150.3463
			-153.1587
			-441.5465
			384.4628
			232.5446
			-185.1503
			545.141
			120.696
			-224.4982
			-533.141
			-115.696
			234.4982


===========================================================================================
===========================================================================================
S6:
	q_c:	155.5	76.0	59.5
	ub :	168.053	84.3921	70.7678
	lb :	147.0946	65.1921	48.087

	==================================================================================
	Q1:
		Shape: Polyhedra
		q_c:	164.0	71.0	55.0
		ub :	168.053	74.6869	58.7288
		lb :	159.947	67.3131	51.2712
		A:
			-0.5608	0.4614	0.6875
			0.7445	-0.1776	-0.6435
			-0.0106	-0.8258	-0.5638
			0.7441	-0.6464	-0.1687
			-0.4891	0.8689	-0.0758
			0.4868	-0.448	0.7499
			0.9861	0.1641	0.0246
			0.1628	-0.9854	0.0493
			0.0324	-0.0446	-0.9985
			-0.9861	-0.1641	-0.0246
			-0.1628	0.9854	-0.0493
			-0.0324	0.0446	0.9985
		b:
			-18.0344
			77.5723
			-88.1768
			70.0976
			-19.6239
			92.6252
			178.2329
			-37.5576
			-49.2778
			-171.2329
			43.5576
			56.2778
	==================================================================================
	Q2:
		Shape: Polyhedra
		q_c:	161.5	69.5	64.0
		ub :	164.039	70.6388	66.4315
		lb :	158.961	68.3612	61.5685
		A:
			0.3337	-0.7258	-0.6015
			0.296	-0.9551	0.0094
			0.752	0.2603	-0.6056
			0.7902	0.5575	0.2545
			0.6657	-0.6515	0.3639
			-0.9204	0.1809	0.3465
			0.8097	0.1247	0.5735
			-0.5271	-0.2751	0.804
			0.2581	-0.9533	-0.157
			-0.8097	-0.1247	-0.5735
			0.5271	0.2751	-0.804
			-0.2581	0.9533	0.157
		b:
			-34.1721
			-17.395
			102.3368
			184.4604
			86.92
			-112.3872
			178.134
			-51.2867
			-34.1247
			-174.134
			54.2867
			35.1247
	==================================================================================
	Q3:
		Shape: Ellipse
		q_c:	160.5	73.5	61.5
		ub :	165.2021	78.3882	64.1737
		lb :	155.7979	68.6118	58.8263
		P^-1:
			0.1313	-0.0478	-0.0205
			-0.0478	0.0962	0.0057
			-0.0205	0.0057	0.245
	==================================================================================
	Q4:
		Shape: Polyhedra
		q_c:	161.5	81.5	53.5
		ub :	167.0614	84.3921	58.913
		lb :	155.9386	78.6079	48.087
		A:
			0.555	-0.8318	-0.0089
			0.2541	0.1053	0.9614
			0.0826	-0.9737	0.2123
			-0.4501	0.8188	-0.3563
			0.722	-0.6622	-0.2004
			0.7935	-0.606	-0.0566
			0.8544	0.3066	0.4196
			0.3025	-0.9499	0.0781
			0.4226	0.0602	-0.9043
			-0.8544	-0.3066	-0.4196
			-0.3025	0.9499	-0.0781
			-0.4226	-0.0602	0.9043
		b:
			23.2181
			105.0547
			-52.8866
			-23.0771
			54.4595
			78.3633
			189.4154
			-22.882
			28.7665
			-181.4154
			25.882
			-20.7665
	==================================================================================
	Q5:
		Shape: Polyhedra
		q_c:	157.0	72.5	64.0
		ub :	162.6023	78.2295	69.3538
		lb :	151.3977	66.7705	58.6462
		A:
			-0.2649	0.6979	0.6654
			-0.7853	0.5939	0.175
			0.2847	-0.5507	0.7846
			-0.0766	-0.5226	-0.8491
			-0.7231	0.3257	-0.6091
			-0.0544	0.2386	-0.9696
			0.4032	0.7022	0.5867
			0.837	-0.5422	0.0738
			0.3699	0.4614	-0.8064
			-0.4032	-0.7022	-0.5867
			-0.837	0.5422	-0.0738
			-0.3699	-0.4614	0.8064
		b:
			54.665
			-65.5385
			59.1042
			-101.2975
			-125.3876
			-49.1505
			154.2708
			100.3157
			44.42
			-149.2708
			-93.3157
			-35.42
	==================================================================================
	Q6:
		Shape: Hybrid
		q_c:	152.5	71.0	65.0
		ub :	157.9054	76.8079	70.7678
		lb :	147.0946	65.1921	59.2322
		P^-1:
			0.0991	-0.0165	0.0047
			-0.0165	0.0762	-0.0124
			0.0047	-0.0124	0.0799
		A:
			-0.1616	-0.8019	0.5752
			0.7209	-0.4005	0.5657
			0.8406	-0.1921	-0.5065
			0.3247	0.0261	0.9455
			-0.8194	0.2854	-0.4972
			0.9434	-0.2282	-0.2408
		b:
			-42.1935
			119.8246
			83.46
			114.8692
			-135.4258
			113.6979


===========================================================================================
===========================================================================================
S7:
	q_c:	479.0	156.0	270.5
	ub :	483.0205	162.3307	275.324
	lb :	474.8824	151.0983	267.6106

	==================================================================================
	Q1:
		Shape: Ellipse
		q_c:	479.0	155.5	272.5
		ub :	480.98	157.5011	273.942
		lb :	477.02	153.4989	271.058
		P^-1:
			0.8418	0.2505	-0.0106
			0.2505	0.6034	0.0169
			-0.0106	0.0169	0.9993
	==================================================================================
	Q2:
		Shape: Hybrid
		q_c:	479.5	156.5	273.5
		ub :	481.0454	157.6906	275.324
		lb :	477.9546	155.3094	271.676
		P^-1:
			0.909	0.0092	-0.2325
			0.0092	3.4267	-1.2828
			-0.2325	-1.2828	1.1088
		A:
			-0.3916	0.4947	-0.7758
			-0.2789	0.7467	-0.6038
			-0.2994	0.4908	-0.8182
			0.5297	0.8009	-0.2793
			-0.1146	0.9549	-0.2738
			0.7952	0.2793	0.5381
		b:
			-321.7438
			-181.535
			-289.7731
			303.434
			19.9218
			573.3566
	==================================================================================
	Q3:
		Shape: Hybrid
		q_c:	481.5	156.5	271.0
		ub :	483.0102	158.4339	272.9716
		lb :	479.9898	154.5661	269.0284
		P^-1:
			1.7129	1.3737	1.0069
			1.3737	1.9322	1.0905
			1.0069	1.0905	1.2438
		A:
			-0.806	-0.4247	-0.4124
			0.4085	0.8108	0.4192
			0.7356	0.5131	0.4423
			-0.8297	-0.5576	0.0245
			0.2212	0.4996	0.8375
			0.7318	0.6407	0.2324
		b:
			-565.8809
			437.5537
			554.6763
			-479.4901
			412.325
			515.9909
	==================================================================================
	Q4:
		Shape: Hybrid
		q_c:	478.5	153.5	271.5
		ub :	480.8982	155.9017	274.0675
		lb :	476.1018	151.0983	268.9325
		P^-1:
			0.4385	-0.0322	0.0093
			-0.0322	0.2706	0.0505
			0.0093	0.0505	0.4298
		A:
			0.3659	0.0344	-0.93
			0.0945	-0.3829	0.9189
			0.9825	0.0889	-0.1635
			-0.9579	0.2657	-0.1088
			0.2866	0.6103	0.7386
			-0.4063	0.9102	0.0804
		b:
			-71.3068
			236.8594
			440.1856
			-446.3597
			432.1645
			-31.8196
	==================================================================================
	Q5:
		Shape: Polyhedra
		q_c:	481.0	155.0	270.0
		ub :	483.0205	156.8926	271.7747
		lb :	478.9795	153.1074	268.2253
		A:
			-0.0901	0.3904	0.9162
			-0.7354	-0.6353	0.2357
			-0.6766	0.133	0.7243
			-0.8739	-0.3913	-0.2883
			0.8711	0.4465	-0.2046
			0.1929	-0.6226	-0.7584
			0.5347	0.378	0.7557
			-0.6124	0.7896	0.0384
			-0.5822	-0.4833	0.6537
			-0.5347	-0.378	-0.7557
			0.6124	-0.7896	-0.0384
			0.5822	0.4833	-0.6537
		b:
			265.6689
			-387.1496
			-107.9132
			-557.7097
			434.3387
			-207.4173
			520.8547
			-160.8255
			-176.9647
			-518.8547
			162.8255
			179.9647
	==================================================================================
	Q6:
		Shape: Hybrid
		q_c:	478.0	159.5	270.5
		ub :	481.1176	162.3307	273.3894
		lb :	474.8824	156.6693	267.6106
		P^-1:
			0.3107	-0.0897	-0.0085
			-0.0897	0.3825	0.0126
			-0.0085	0.0126	0.2512
		A:
			0.66	0.3982	0.6371
			0.454	0.6753	-0.5812
			0.0635	-0.9963	0.0586
			0.347	-0.9273	0.1404
			-0.6426	0.4435	0.6249
			0.0451	0.2877	0.9567
		b:
			552.5614
			168.728
			-111.8188
			56.7561
			-66.4284
			327.4552


===========================================================================================
===========================================================================================
S8:
	q_c:	221.0	377.5	50.5
	ub :	236.1407	391.1253	65.0027
	lb :	208.5762	358.6303	34.2144

	==================================================================================
	Q1:
		Shape: Hybrid
		q_c:	218.5	369.5	55.5
		ub :	226.7864	377.6191	63.0582
		lb :	210.2136	361.3809	47.9418
		P^-1:
			0.0458	0.0007	-0.0121
			0.0007	0.0381	-0.0066
			-0.0121	-0.0066	0.0516
		A:
			0.6846	-0.6651	-0.2983
			0.0473	-0.1761	-0.9832
			-0.4612	0.2394	-0.8544
			-0.257	-0.3882	0.885
			0.6852	-0.7233	0.0854
			0.5337	0.7351	-0.4181
		b:
			-109.915
			-106.5916
			-56.7564
			-148.3083
			-109.8205
			367.5766
	==================================================================================
	Q2:
		Shape: Hybrid
		q_c:	229.0	374.0	44.0
		ub :	236.1407	383.8464	53.7856
		lb :	221.8593	364.1536	34.2144
		P^-1:
			0.0237	-0.0	-0.0
			-0.0	0.0226	-0.0015
			-0.0	-0.0015	0.0215
		A:
			-0.8349	-0.4589	0.3038
			0.8023	0.2935	-0.5198
			-0.5776	-0.2838	-0.7654
			0.5053	0.7739	0.3818
			0.8431	0.5375	0.0166
			-0.1984	0.6392	0.743
		b:
			-346.2115
			273.902
			-268.5154
			425.4942
			398.1295
			230.0378
	==================================================================================
	Q3:
		Shape: Hybrid
		q_c:	226.0	380.0	48.0
		ub :	231.757	386.5014	53.9998
		lb :	220.243	373.4986	42.0002
		P^-1:
			0.112	0.0285	-0.0455
			0.0285	0.0654	-0.0147
			-0.0455	-0.0147	0.0945
		A:
			0.2834	-0.5126	-0.8105
			0.6319	-0.358	-0.6874
			0.7728	-0.2631	-0.5776
			0.1719	0.8034	0.57
			0.8446	0.5249	-0.1056
			0.9893	-0.1382	-0.0466
		b:
			-167.2234
			-24.1933
			48.8825
			374.303
			387.0026
			171.1765
	==================================================================================
	Q4:
		Shape: Hybrid
		q_c:	227.5	367.5	57.5
		ub :	236.1028	376.3697	64.3749
		lb :	218.8972	358.6303	50.6251
		P^-1:
			0.0271	0.0117	-0.0204
			0.0117	0.0418	-0.0338
			-0.0204	-0.0338	0.0863
		A:
			0.5226	0.5479	0.6532
			0.5868	0.7156	-0.379
			-0.5191	-0.8257	0.2209
			0.0638	-0.2991	0.9521
			0.8501	-0.5191	0.0886
			-0.9399	-0.3372	-0.0535
		b:
			362.8504
			377.774
			-405.233
			-38.3912
			13.1854
			-335.8232
	==================================================================================
	Q5:
		Shape: Polyhedra
		q_c:	213.5	385.0	59.0
		ub :	218.4238	391.1253	65.0027
		lb :	208.5762	378.8747	52.9973
		A:
			-0.1227	0.865	0.4866
			0.368	0.9127	-0.1778
			-0.6667	-0.7055	-0.2405
			-0.5191	-0.0336	-0.8541
			-0.9222	-0.1602	0.352
			-0.0293	0.3499	0.9363
			0.6332	0.5308	0.5634
			0.184	-0.8102	0.5565
			0.7518	-0.2487	-0.6107
			-0.6332	-0.5308	-0.5634
			-0.184	0.8102	-0.5565
			-0.7518	0.2487	0.6107
		b:
			338.9461
			423.5596
			-424.5463
			-170.3474
			-234.9932
			186.8341
			376.2659
			-235.3068
			31.2492
			-369.2659
			244.3068
			-26.2492
	==================================================================================
	Q6:
		Shape: Hybrid
		q_c:	222.5	370.0	49.0
		ub :	229.1901	376.5045	54.3853
		lb :	215.8099	363.4955	43.6147
		P^-1:
			0.0743	0.0308	0.0345
			0.0308	0.0874	0.0426
			0.0345	0.0426	0.0971
		A:
			0.3065	0.9472	0.0941
			0.5853	-0.0078	-0.8108
			0.3167	0.8045	-0.5026
			-0.1956	-0.2964	-0.9348
			-0.3921	-0.6405	-0.6603
			0.8307	0.5453	0.1126
		b:
			425.504
			90.7674
			346.5965
			-197.1756
			-355.3101
			394.2435


===========================================================================================
===========================================================================================
S9:
	q_c:	20.0	301.5	205.0
	ub :	23.5027	306.8506	209.724
	lb :	16.1917	297.0365	200.9923

	==================================================================================
	Q1:
		Shape: Ellipse
		q_c:	21.5	301.0	205.0
		ub :	23.5027	303.1634	207.3186
		lb :	19.4973	298.8366	202.6814
		P^-1:
			0.6565	-0.1916	0.1901
			-0.1916	0.6175	-0.1717
			0.1901	-0.1717	0.6149
	==================================================================================
	Q2:
		Shape: Hybrid
		q_c:	21.5	303.5	205.5
		ub :	23.2064	304.9	207.248
		lb :	19.7936	302.1	203.752
		P^-1:
			1.2559	0.7568	0.7734
			0.7568	2.7709	1.3399
			0.7734	1.3399	1.4177
		A:
			0.2125	-0.9642	-0.1585
			0.1658	-0.6118	-0.7734
			-0.9816	-0.0702	-0.1777
			-0.1226	-0.8211	-0.5574
			0.4157	-0.3285	-0.8481
			-0.9142	-0.347	-0.2092
		b:
			-320.1375
			-340.3925
			-78.1962
			-366.0828
			-264.0434
			-167.301
	==================================================================================
	Q3:
		Shape: Hybrid
		q_c:	22.0	304.0	205.0
		ub :	23.2313	306.8506	207.8685
		lb :	20.7687	301.1494	202.1315
		P^-1:
			3.66	-0.9165	-0.5652
			-0.9165	0.4963	0.1519
			-0.5652	0.1519	0.3437
		A:
			-0.9887	0.1252	0.0826
			0.8203	-0.2366	-0.5208
			0.9498	-0.2304	-0.2118
			0.8575	-0.3419	-0.3845
			0.9823	-0.1051	-0.1551
			0.8934	-0.4453	-0.0595
		b:
			33.5839
			-160.0002
			-92.3118
			-163.4317
			-41.811
			-127.5277
	==================================================================================
	Q4:
		Shape: Hybrid
		q_c:	19.0	301.5	207.5
		ub :	21.5164	303.7338	209.724
		lb :	16.4836	299.2662	205.276
		P^-1:
			0.6034	0.3546	0.0233
			0.3546	0.6499	0.1149
			0.0233	0.1149	0.4411
		A:
			0.3841	0.8925	0.2365
			-0.6407	-0.1786	-0.7467
			0.5754	-0.4957	-0.6505
			0.6088	0.752	0.2527
			-0.749	0.6111	-0.256
			0.7102	0.6917	0.1309
		b:
			326.074
			-219.9835
			-272.3816
			291.242
			118.3906
			249.7159
	==================================================================================
	Q5:
		Shape: Ellipse
		q_c:	20.0	299.5	203.5
		ub :	22.4202	301.9635	206.0077
		lb :	17.5798	297.0365	200.9923
		P^-1:
			0.6559	-0.1192	-0.3404
			-0.1192	0.3965	-0.009
			-0.3404	-0.009	0.642
	==================================================================================
	Q6:
		Shape: Ellipse
		q_c:	18.5	300.5	203.5
		ub :	20.8083	302.6395	205.043
		lb :	16.1917	298.3605	201.957
		P^-1:
			0.4859	-0.0036	-0.1459
			-0.0036	0.4448	0.0126
			-0.1459	0.0126	0.9583


===========================================================================================
===========================================================================================
S10:
	q_c:	333.5	175.5	300.0
	ub :	363.0794	197.9647	335.7751
	lb :	300.878	136.2756	266.0281

	==================================================================================
	Q1:
		Shape: Hybrid
		q_c:	318.5	170.0	283.0
		ub :	336.122	181.3354	299.9719
		lb :	300.878	158.6646	266.0281
		P^-1:
			0.0098	0.0065	-0.001
			0.0065	0.0253	0.0018
			-0.001	0.0018	0.0076
		A:
			0.5906	-0.801	-0.098
			0.2748	-0.903	0.3303
			-0.4798	-0.8765	0.0386
			0.2313	0.6267	0.7442
			-0.5983	-0.7578	-0.2605
			-0.1958	-0.926	-0.3229
		b:
			31.3902
			34.324
			-287.6678
			397.1276
			-388.7717
			-307.6152
	==================================================================================
	Q2:
		Shape: Ellipse
		q_c:	325.0	177.0	308.0
		ub :	338.6976	194.87	325.0548
		lb :	311.3024	159.13	290.9452
		P^-1:
			0.0271	-0.0141	-0.0098
			-0.0141	0.0156	0.0026
			-0.0098	0.0026	0.0125
	==================================================================================
	Q3:
		Shape: Polyhedra
		q_c:	335.5	182.5	323.0
		ub :	345.4386	195.5057	335.7751
		lb :	325.5614	169.4943	310.2249
		A:
			0.7553	0.042	-0.654
			0.9609	0.2741	0.0399
			0.9495	-0.1105	0.2935
			0.7639	0.3759	-0.5246
			-0.9596	-0.1599	0.2313
			-0.004	-0.4157	-0.9095
			0.5839	0.5216	0.6221
			-0.1668	-0.6728	0.7207
			0.7945	-0.5246	-0.3059
			-0.5839	-0.5216	-0.6221
			0.1668	0.6728	-0.7207
			-0.7945	0.5246	0.3059
		b:
			57.6598
			391.7955
			399.3115
			163.9527
			-269.4875
			-364.2799
			498.0275
			64.0421
			77.999
			-486.0275
			-44.0421
			-65.999
	==================================================================================
	Q4:
		Shape: Ellipse
		q_c:	344.0	182.5	295.0
		ub :	356.3164	192.1273	307.4451
		lb :	331.6836	172.8727	282.5549
		P^-1:
			0.03	-0.0202	-0.0118
			-0.0202	0.0362	0.0149
			-0.0118	0.0149	0.0225
	==================================================================================
	Q5:
		Shape: Hybrid
		q_c:	343.0	151.5	281.5
		ub :	356.5568	166.7244	294.2918
		lb :	329.4432	136.2756	268.7082
		P^-1:
			0.0094	0.0007	0.0003
			0.0007	0.0116	-0.0019
			0.0003	-0.0019	0.0147
		A:
			-0.6915	-0.5504	-0.4679
			-0.6586	-0.6358	-0.4025
			0.3569	0.9289	-0.0993
			-0.7903	-0.4459	0.4203
			0.4592	0.4641	-0.7575
			-0.0412	0.2546	0.9662
		b:
			-446.7115
			-429.9659
			240.3449
			-214.8592
			19.095
			301.1796
	==================================================================================
	Q6:
		Shape: Ellipse
		q_c:	351.0	184.5	303.0
		ub :	363.0794	197.9647	312.2272
		lb :	338.9206	171.0353	293.7728
		P^-1:
			0.0265	0.0086	0.0033
			0.0086	0.0126	-0.0009
			0.0033	-0.0009	0.03


===========================================================================================
===========================================================================================
S11:
	q_c:	400.0	256.5	191.5
	ub :	407.2785	262.1403	202.4451
	lb :	393.2599	249.3479	185.692

	==================================================================================
	Q1:
		Shape: Polyhedra
		q_c:	399.5	253.0	194.5
		ub :	403.1318	256.6521	196.7177
		lb :	395.8682	249.3479	192.2823
		A:
			-0.3215	-0.588	0.7422
			-0.2231	0.4442	0.8677
			0.5117	0.5781	-0.6356
			-0.4451	-0.3178	0.8372
			-0.3376	-0.6968	0.6329
			-0.3463	-0.5354	0.7703
			0.5775	0.626	0.5241
			-0.7254	0.688	-0.0225
			-0.3746	-0.3672	0.8514
			-0.5775	-0.626	-0.5241
			0.7254	-0.688	0.0225
			0.3746	0.3672	-0.8514
		b:
			-131.6766
			194.0114
			228.2842
			-94.3492
			-186.7337
			-122.8955
			493.5116
			-117.606
			-75.9522
			-488.5116
			122.606
			77.9522
	==================================================================================
	Q2:
		Shape: Ellipse
		q_c:	397.0	258.5	194.5
		ub :	399.7675	262.1403	197.1662
		lb :	394.2325	254.8597	191.8338
		P^-1:
			0.3791	-0.0629	-0.2841
			-0.0629	0.1926	0.2253
			-0.2841	0.2253	0.7894
	==================================================================================
	Q3:
		Shape: Ellipse
		q_c:	403.5	253.0	198.5
		ub :	406.5851	256.3494	201.1178
		lb :	400.4149	249.6506	195.8822
		P^-1:
			0.3358	-0.1226	-0.0564
			-0.1226	0.2469	0.0284
			-0.0564	0.0284	0.2718
	==================================================================================
	Q4:
		Shape: Polyhedra
		q_c:	397.5	257.0	198.0
		ub :	401.7401	260.3926	202.4451
		lb :	393.2599	253.6074	193.5549
		A:
			-0.3886	0.5098	-0.7676
			0.6765	-0.7166	0.1698
			0.4888	0.5899	-0.6427
			0.7613	-0.4613	-0.4557
			-0.3325	-0.9196	0.2093
			0.5107	-0.7236	0.4643
			0.6942	0.3491	0.6294
			0.0073	0.871	-0.4912
			-0.7197	0.3456	0.6021
			-0.6942	-0.3491	-0.6294
			-0.0073	-0.871	0.4912
			0.7197	-0.3456	-0.6021
		b:
			-173.0607
			120.5533
			220.5436
			96.32
			-325.0393
			111.0129
			493.8009
			131.0031
			-75.5588
			-486.8009
			-128.0031
			80.5588
	==================================================================================
	Q5:
		Shape: Hybrid
		q_c:	404.0	253.5	195.5
		ub :	407.2785	256.2149	198.4072
		lb :	400.7215	250.7851	192.5928
		P^-1:
			0.25	0.0	-0.0
			0.0	0.25	-0.0
			-0.0	-0.0	0.25
		A:
			0.2294	-0.3783	0.8968
			-0.557	-0.8295	-0.041
			-0.1214	0.8161	0.5651
			0.8335	0.5525	0.0101
			-0.8286	0.4052	0.3862
			-0.7311	0.6822	-0.0053
		b:
			173.0986
			-442.314
			269.2912
			479.7518
			-155.5344
			-122.4683
	==================================================================================
	Q6:
		Shape: Ellipse
		q_c:	395.0	255.5	188.5
		ub :	396.5066	258.1663	191.308
		lb :	393.4934	252.8337	185.692
		P^-1:
			0.97	0.0042	0.147
			0.0042	0.25	0.0009
			0.147	0.0009	0.28


===========================================================================================
===========================================================================================
S12:
	q_c:	113.0	327.5	375.5
	ub :	124.5405	338.1739	386.987
	lb :	100.656	321.4658	367.4566

	==================================================================================
	Q1:
		Shape: Ellipse
		q_c:	117.0	329.5	379.5
		ub :	122.2733	333.0397	384.8372
		lb :	111.7267	325.9603	374.1628
		P^-1:
			0.1327	0.0537	0.0578
			0.0537	0.1809	0.0441
			0.0578	0.0441	0.1101
	==================================================================================
	Q2:
		Shape: Ellipse
		q_c:	111.5	327.5	373.0
		ub :	114.3937	330.6444	376.2202
		lb :	108.6063	324.3556	369.7798
		P^-1:
			0.3402	0.1013	0.0012
			0.1013	0.338	0.0449
			0.0012	0.0449	0.1762
	==================================================================================
	Q3:
		Shape: Hybrid
		q_c:	107.0	330.0	374.5
		ub :	113.344	337.7784	381.5434
		lb :	100.656	322.2216	367.4566
		P^-1:
			0.0526	0.0097	0.0055
			0.0097	0.0497	0.0003
			0.0055	0.0003	0.0496
		A:
			0.1384	-0.901	-0.4112
			-0.0897	0.628	0.773
			0.7538	0.2671	0.6004
			-0.5261	-0.3004	0.7956
			0.524	0.4745	0.7073
			-0.486	0.8733	-0.0335
		b:
			-433.7857
			489.7992
			395.7363
			145.0827
			479.6686
			226.5594
	==================================================================================
	Q4:
		Shape: Hybrid
		q_c:	111.0	330.5	374.0
		ub :	115.3985	333.5728	378.4544
		lb :	106.6015	327.4272	369.5456
		P^-1:
			0.1177	0.0427	-0.0183
			0.0427	0.3872	-0.1182
			-0.0183	-0.1182	0.1617
		A:
			0.3402	0.9277	0.1535
			-0.2608	0.9449	-0.1979
			0.5858	0.2248	-0.7786
			0.1914	-0.9727	0.131
			-0.2917	-0.9138	-0.2825
			0.2023	-0.731	0.6517
		b:
			403.1124
			210.4528
			-150.0577
			-250.1442
			-438.5684
			25.7218
	==================================================================================
	Q5:
		Shape: Ellipse
		q_c:	118.0	334.0	382.0
		ub :	121.7834	338.1739	386.1726
		lb :	114.2166	329.8261	377.8274
		P^-1:
			0.0828	0.007	-0.0064
			0.007	0.1371	-0.0238
			-0.0064	-0.0238	0.1329
	==================================================================================
	Q6:
		Shape: Ellipse
		q_c:	120.0	324.5	384.5
		ub :	124.5405	327.5342	386.987
		lb :	115.4595	321.4658	382.013
		P^-1:
			0.0749	0.0441	0.015
			0.0441	0.2389	-0.0038
			0.015	-0.0038	0.2487


===========================================================================================
===========================================================================================
S13:
	q_c:	188.5	303.0	437.0
	ub :	196.3421	317.8137	452.9138
	lb :	170.5793	287.5061	422.19

	==================================================================================
	Q1:
		Shape: Polyhedra
		q_c:	190.5	292.5	434.5
		ub :	195.2806	297.4939	439.6721
		lb :	185.7194	287.5061	429.3279
		A:
			0.0343	0.2977	-0.954
			-0.6479	0.5214	-0.5553
			0.5648	0.6746	0.4753
			-0.1808	0.7756	-0.6048
			0.743	-0.231	0.6281
			0.214	0.6485	-0.7305
			0.8346	0.3218	0.4471
			-0.0715	-0.7415	0.6671
			0.5462	-0.5887	-0.5959
			-0.8346	-0.3218	-0.4471
			0.0715	0.7415	-0.6671
			-0.5462	0.5887	0.5959
		b:
			-318.2436
			-209.7566
			514.1713
			-68.508
			348.9717
			-85.1595
			449.3818
			60.852
			-321.5529
			-445.3818
			-57.852
			332.5529
	==================================================================================
	Q2:
		Shape: Ellipse
		q_c:	189.0	303.5	427.5
		ub :	196.3421	310.6768	432.81
		lb :	181.6579	296.3232	422.19
		P^-1:
			0.0579	0.0241	0.0033
			0.0241	0.0573	-0.0034
			0.0033	-0.0034	0.0812
	==================================================================================
	Q3:
		Shape: Hybrid
		q_c:	180.0	295.5	434.5
		ub :	185.9269	301.7878	440.8566
		lb :	174.0731	289.2122	428.1434
		P^-1:
			0.0605	0.011	0.0107
			0.011	0.0759	-0.0056
			0.0107	-0.0056	0.0762
		A:
			0.7361	0.6465	-0.2006
			0.0441	0.1341	0.99
			-0.0621	0.4233	0.9039
			0.7999	-0.2406	-0.5499
			-0.674	-0.5355	0.5089
			0.3332	-0.8894	-0.313
		b:
			238.3201
			479.655
			508.775
			-163.3269
			-56.3958
			-336.4461
	==================================================================================
	Q4:
		Shape: Polyhedra
		q_c:	190.5	309.5	446.0
		ub :	195.3921	317.8137	452.9138
		lb :	185.6079	301.1863	439.0862
		A:
			-0.8507	0.5219	-0.0623
			-0.8578	0.5004	0.1171
			-0.8393	0.406	0.3616
			-0.4063	0.5712	0.7132
			0.5543	0.6629	-0.5033
			-0.9195	0.2506	-0.3029
			0.1861	0.9575	0.2202
			-0.9523	0.1207	0.2802
			0.2417	-0.2619	0.9343
			-0.1861	-0.9575	-0.2202
			0.9523	-0.1207	-0.2802
			-0.2417	0.2619	-0.9343
		b:
			-24.6041
			47.2095
			130.2989
			422.6083
			91.5976
			-229.1926
			437.0301
			-16.6206
			386.7133
			-423.0301
			21.6206
			-376.7133
	==================================================================================
	Q5:
		Shape: Hybrid
		q_c:	177.5	308.0	430.0
		ub :	184.4207	311.7367	436.5816
		lb :	170.5793	304.2633	423.4184
		P^-1:
			0.0779	-0.0344	0.064
			-0.0344	0.2002	-0.0576
			0.064	-0.0576	0.1108
		A:
			0.7406	-0.3019	0.6003
			0.6853	-0.077	0.7242
			-0.7171	-0.3455	-0.6054
			-0.6686	-0.1208	-0.7338
			0.315	0.9439	-0.0991
			-0.5823	-0.0655	-0.8103
		b:
			298.27
			410.9699
			-491.9516
			-469.5913
			305.8918
			-470.2172
	==================================================================================
	Q6:
		Shape: Hybrid
		q_c:	181.0	296.5	443.5
		ub :	184.8979	305.3154	452.0731
		lb :	177.1021	287.6846	434.9269
		P^-1:
			0.1556	-0.0217	0.0086
			-0.0217	0.0314	-0.0062
			0.0086	-0.0062	0.0297
		A:
			0.8961	-0.0014	0.4439
			-0.8636	-0.3202	0.3894
			-0.6377	-0.0153	-0.7701
			-0.6517	0.0863	0.7535
			-0.8636	0.0328	0.5032
			-0.8729	0.4229	-0.2434
		b:
			360.857
			-75.7628
			-457.9842
			245.5305
			79.2316
			-138.8293


===========================================================================================
===========================================================================================
S14:
	q_c:	183.5	398.0	383.0
	ub :	200.984	415.9719	392.2936
	lb :	164.174	380.643	368.1577

	==================================================================================
	Q1:
		Shape: Ellipse
		q_c:	179.5	400.5	383.0
		ub :	187.0093	408.2404	390.3838
		lb :	171.9907	392.7596	375.6162
		P^-1:
			0.0764	-0.0324	0.0173
			-0.0324	0.0441	-0.0231
			0.0173	-0.0231	0.0603
	==================================================================================
	Q2:
		Shape: Ellipse
		q_c:	190.5	399.5	382.5
		ub :	200.984	409.2221	392.2936
		lb :	180.016	389.7779	372.7064
		P^-1:
			0.03	0.0011	0.0103
			0.0011	0.0235	0.0038
			0.0103	0.0038	0.0279
	==================================================================================
	Q3:
		Shape: Hybrid
		q_c:	183.5	409.5	382.0
		ub :	187.5986	415.9719	388.1895
		lb :	179.4014	403.0281	375.8105
		P^-1:
			0.7708	0.1803	-0.3655
			0.1803	0.0928	-0.0952
			-0.3655	-0.0952	0.2258
		A:
			-0.9122	0.2794	0.2997
			-0.9127	-0.0329	0.4072
			0.3212	0.15	-0.935
			-0.824	-0.3457	0.4489
			-0.6107	-0.3107	0.7283
			0.272	-0.9077	-0.3195
		b:
			63.4832
			-24.58
			-233.8759
			-120.6408
			40.4952
			-439.6923
	==================================================================================
	Q4:
		Shape: Ellipse
		q_c:	179.5	395.0	384.5
		ub :	185.236	401.0347	389.0486
		lb :	173.764	388.9653	379.9514
		P^-1:
			0.0511	0.0057	-0.0038
			0.0057	0.0693	-0.0181
			-0.0038	-0.0181	0.1026
	==================================================================================
	Q5:
		Shape: Ellipse
		q_c:	191.5	387.5	376.0
		ub :	197.5652	394.357	381.829
		lb :	185.4348	380.643	370.171
		P^-1:
			0.0799	-0.0403	-0.0023
			-0.0403	0.0589	0.0015
			-0.0023	0.0015	0.0331
	==================================================================================
	Q6:
		Shape: Polyhedra
		q_c:	171.0	389.5	377.0
		ub :	177.826	396.8848	385.8423
		lb :	164.174	382.1152	368.1577
		A:
			-0.9389	0.2544	-0.2317
			0.5191	0.8181	-0.2475
			0.6305	-0.0417	-0.7751
			0.6467	0.7237	0.2407
			0.2239	-0.9743	-0.0243
			-0.1348	0.9812	0.1384
			0.3605	0.5249	0.771
			-0.1832	0.8504	-0.4933
			-0.9146	0.0365	0.4027
			-0.3605	-0.5249	-0.771
			0.1832	-0.8504	0.4933
			0.9146	-0.0365	-0.4027
		b:
			-144.2434
			318.9163
			-196.1403
			489.0024
			-345.4361
			416.5016
			563.2863
			118.4123
			13.6545
			-550.2863
			-109.4123
			-5.6545


===========================================================================================
===========================================================================================
S15:
	q_c:	60.5	114.0	383.5
	ub :	72.3387	128.5077	398.3602
	lb :	47.3403	98.1631	372.4185

	==================================================================================
	Q1:
		Shape: Hybrid
		q_c:	59.0	118.5	388.5
		ub :	62.4558	122.2414	392.4056
		lb :	55.5442	114.7586	384.5944
		P^-1:
			0.2237	-0.0305	-0.0273
			-0.0305	0.1746	0.0131
			-0.0273	0.0131	0.1717
		A:
			-0.3228	-0.8356	-0.4445
			0.1702	0.8849	0.4335
			-0.7953	-0.5038	-0.3371
			-0.4583	-0.1434	0.8772
			0.7474	-0.4837	0.4555
			-0.0943	-0.544	0.8338
		b:
			-289.2764
			284.7722
			-236.128
			298.0521
			165.0501
			255.3862
	==================================================================================
	Q2:
		Shape: Hybrid
		q_c:	66.0	119.0	382.5
		ub :	72.3387	126.1941	386.9361
		lb :	59.6613	111.8059	378.0639
		P^-1:
			0.0667	0.024	0.0018
			0.024	0.0426	-0.0
			0.0018	-0.0	0.0626
		A:
			-0.1474	-0.9858	-0.0804
			-0.8658	0.0208	-0.5
			-0.8829	-0.052	0.4667
			0.7435	0.6638	-0.081
			-0.2559	-0.602	0.7564
			0.8189	0.1925	-0.5407
		b:
			-154.4237
			-243.4257
			116.5126
			98.9545
			203.2654
			-127.6891
	==================================================================================
	Q3:
		Shape: Polyhedra
		q_c:	61.5	122.5	391.0
		ub :	69.3691	128.5077	398.3602
		lb :	53.6309	116.4923	383.6398
		A:
			0.5614	-0.0289	0.827
			0.1228	-0.8196	-0.5596
			0.6845	0.4538	0.5705
			-0.732	-0.5415	-0.4135
			0.654	0.6935	0.3022
			0.419	0.7418	0.5236
			0.3028	0.7289	0.614
			0.795	0.1621	-0.5846
			-0.5257	0.6651	-0.5304
			-0.3028	-0.7289	-0.614
			-0.795	-0.1621	0.5846
			0.5257	-0.6651	0.5304
		b:
			358.7042
			-308.6771
			323.8383
			-269.8082
			246.4173
			323.514
			349.9822
			-154.3151
			-152.7309
			-345.9822
			165.3151
			163.7309
	==================================================================================
	Q4:
		Shape: Polyhedra
		q_c:	59.0	110.0	379.0
		ub :	64.8402	116.0303	385.5815
		lb :	53.1598	103.9697	372.4185
		A:
			0.632	-0.575	0.5196
			0.843	0.489	-0.2241
			0.0804	-0.2505	0.9648
			0.2353	0.7625	0.6027
			0.4614	0.0273	0.8867
			-0.5884	-0.7982	-0.1295
			0.6794	0.3479	0.646
			0.7227	-0.1649	-0.6712
			-0.127	0.9229	-0.3634
			-0.6794	-0.3479	-0.646
			-0.7227	0.1649	0.6712
			0.127	-0.9229	0.3634
		b:
			175.1504
			22.5189
			346.8546
			329.973
			369.9883
			-167.6452
			326.6995
			-225.8985
			-39.212
			-319.6995
			233.8985
			48.212
	==================================================================================
	Q5:
		Shape: Polyhedra
		q_c:	61.0	103.5	380.5
		ub :	66.4883	108.8369	386.3605
		lb :	55.5117	98.1631	374.6395
		A:
			-0.9323	0.3368	-0.1317
			0.8545	0.2274	-0.467
			0.623	0.7018	-0.3456
			0.8806	-0.4566	-0.127
			-0.7566	0.2386	0.6088
			0.8175	-0.4119	0.4025
			0.0981	0.9135	0.3948
			0.4635	0.3091	-0.8305
			-0.8807	0.2645	-0.393
			-0.0981	-0.9135	-0.3948
			-0.4635	-0.3091	0.8305
			0.8807	-0.2645	0.393
		b:
			-68.1768
			-98.3746
			-17.352
			-37.9837
			213.8093
			164.3696
			254.2402
			-252.2345
			-171.9054
			-247.2402
			259.2345
			179.9054
	==================================================================================
	Q6:
		Shape: Polyhedra
		q_c:	53.0	118.0	386.5
		ub :	58.6597	123.8908	389.6604
		lb :	47.3403	112.1092	383.3396
		A:
			-0.112	-0.242	-0.9638
			-0.6005	-0.7601	0.2483
			0.8424	-0.0377	-0.5375
			0.11	0.392	-0.9134
			-0.0916	0.3164	-0.9442
			-0.7283	-0.1307	-0.6727
			0.5971	0.5032	0.6247
			0.6399	-0.7684	0.0074
			0.4837	0.3953	-0.7808
			-0.5971	-0.5032	-0.6247
			-0.6399	0.7684	-0.0074
			-0.4837	-0.3953	0.7808
		b:
			-404.6202
			-23.1695
			-164.2805
			-298.5992
			-329.891
			-311.0585
			334.9697
			-48.8991
			-227.5083
			-329.9697
			58.8991
			231.5083


===========================================================================================
===========================================================================================
S16:
	q_c:	309.5	175.0	103.0
	ub :	327.2488	192.0215	118.2329
	lb :	296.1685	157.7096	88.5435

	==================================================================================
	Q1:
		Shape: Hybrid
		q_c:	306.5	179.0	104.0
		ub :	309.5386	182.2414	106.9383
		lb :	303.4614	175.7586	101.0617
		P^-1:
			0.3815	-0.1932	0.2352
			-0.1932	0.3127	-0.3174
			0.2352	-0.3174	0.6669
		A:
			-0.041	-0.7312	0.6809
			-0.1861	0.6643	-0.7239
			-0.0052	-0.6088	0.7933
			0.1215	-0.3472	0.9299
			0.4995	-0.583	0.6408
			-0.2382	-0.2934	0.9258
		b:
			-71.5278
			-12.6323
			-27.1997
			72.4851
			115.9551
			-28.2078
	==================================================================================
	Q2:
		Shape: Hybrid
		q_c:	302.0	175.0	111.0
		ub :	307.8315	181.5922	118.2329
		lb :	296.1685	168.4078	103.7671
		P^-1:
			0.0715	0.0098	0.0148
			0.0098	0.0606	-0.0048
			0.0148	-0.0048	0.052
		A:
			-0.792	-0.0467	-0.6087
			0.7374	0.6452	0.2
			-0.9645	0.173	0.1994
			-0.1379	-0.8606	0.4903
			-0.0182	-0.9126	-0.4084
			-0.6863	-0.4968	-0.5313
		b:
			-313.1038
			359.6334
			-236.3247
			-135.5944
			-207.873
			-351.2671
	==================================================================================
	Q3:
		Shape: Polyhedra
		q_c:	320.5	168.5	108.5
		ub :	327.2488	176.549	114.7927
		lb :	313.7512	160.451	102.2073
		A:
			0.5692	0.7118	0.4114
			-0.8949	-0.3628	0.26
			-0.5653	-0.3079	-0.7653
			-0.2917	-0.6959	0.6562
			-0.1821	-0.4641	-0.8669
			-0.8932	-0.4477	-0.0414
			0.7018	0.0962	0.7059
			-0.4281	0.8489	0.31
			-0.5694	-0.5198	0.6369
			-0.7018	-0.0962	-0.7059
			0.4281	-0.8489	-0.31
			0.5694	0.5198	-0.6369
		b:
			351.0424
			-315.6016
			-313.543
			-134.9604
			-226.3959
			-362.6964
			319.7108
			45.95
			-196.4684
			-315.7108
			-32.95
			205.4684
	==================================================================================
	Q4:
		Shape: Hybrid
		q_c:	313.0	182.5	103.5
		ub :	321.6783	192.0215	112.0315
		lb :	304.3217	172.9785	94.9685
		P^-1:
			0.0331	0.0	-0.0
			0.0	0.0331	-0.0
			-0.0	-0.0	0.0331
		A:
			0.8904	0.4077	0.2025
			0.0101	-0.7181	0.6959
			0.9349	0.2674	-0.2336
			0.5778	-0.7328	0.3593
			-0.7721	-0.0284	0.6349
			-0.8744	0.3881	-0.2912
		b:
			376.8028
			-53.132
			319.9799
			87.043
			-178.3789
			-230.2372
	==================================================================================
	Q5:
		Shape: Polyhedra
		q_c:	309.5	179.0	96.5
		ub :	314.8208	184.8189	104.4565
		lb :	304.1792	173.1811	88.5435
		A:
			-0.5384	0.8377	0.0922
			-0.2815	0.6304	0.7234
			0.0858	-0.9963	0.0052
			-0.7793	0.6249	0.0461
			0.0233	-0.9567	-0.2901
			0.895	-0.4134	0.1678
			0.8189	0.5715	0.0521
			0.5605	-0.777	-0.2865
			-0.1232	0.2638	-0.9567
			-0.8189	-0.5715	-0.0521
			-0.5605	0.777	0.2865
			0.1232	-0.2638	0.9567
		b:
			-5.3239
			99.644
			-147.943
			-122.1731
			-189.2772
			223.0135
			364.7933
			8.7395
			-75.7244
			-356.7933
			-4.7395
			90.7244
	==================================================================================
	Q6:
		Shape: Polyhedra
		q_c:	316.5	165.0	97.0
		ub :	325.4816	172.2904	105.2712
		lb :	307.5184	157.7096	88.7288
		A:
			0.0647	0.9415	-0.3307
			-0.5466	0.4157	-0.7269
			-0.6568	-0.6601	-0.3646
			-0.2036	-0.7896	0.5788
			-0.7373	0.0779	-0.6711
			0.1335	-0.2999	-0.9446
			0.124	0.9729	0.1952
			0.9304	-0.0456	-0.3637
			-0.3449	0.2267	-0.9108
			-0.124	-0.9729	-0.1952
			-0.9304	0.0456	0.3637
			0.3449	-0.2267	0.9108
		b:
			149.5576
			-169.7284
			-346.086
			-132.8341
			-280.1048
			-93.12
			224.7166
			258.6606
			-155.1132
			-212.7166
			-244.6606
			165.1132


===========================================================================================
===========================================================================================
S17:
	q_c:	156.5	157.0	395.0
	ub :	169.1506	168.4791	402.968
	lb :	142.1719	146.6879	378.9875

	==================================================================================
	Q1:
		Shape: Polyhedra
		q_c:	166.0	160.5	400.0
		ub :	169.1506	164.5478	402.2248
		lb :	162.8494	156.4522	397.7752
		A:
			-0.3707	-0.1053	-0.9228
			0.5097	0.1759	0.8422
			-0.3766	0.5833	0.7196
			-0.3544	-0.0315	-0.9345
			-0.1823	-0.4388	-0.8799
			-0.7002	-0.1994	-0.6856
			0.3961	0.2018	0.8958
			0.3612	0.8627	-0.3541
			-0.8442	0.4638	0.2688
			-0.3961	-0.2018	-0.8958
			-0.3612	-0.8627	0.3541
			0.8442	-0.4638	-0.2688
		b:
			-446.9306
			450.2759
			320.6035
			-436.9266
			-451.7704
			-421.4486
			456.9469
			60.2772
			43.8187
			-455.9469
			-53.2772
			-39.8187
	==================================================================================
	Q2:
		Shape: Ellipse
		q_c:	151.5	160.5	387.0
		ub :	156.079	168.4791	395.0125
		lb :	146.921	152.5209	378.9875
		P^-1:
			0.1512	-0.0274	-0.0182
			-0.0274	0.0339	0.0041
			-0.0182	0.0041	0.0305
	==================================================================================
	Q3:
		Shape: Polyhedra
		q_c:	160.5	152.0	393.5
		ub :	165.7462	157.3121	398.5383
		lb :	155.2538	146.6879	388.4617
		A:
			0.0784	0.9319	0.3542
			0.5526	-0.5832	-0.5953
			0.2686	0.1019	0.9579
			-0.6962	0.0884	-0.7124
			-0.4723	-0.4793	-0.7397
			0.5605	0.731	0.3893
			0.5271	0.4632	0.7125
			0.4919	0.5173	-0.7003
			-0.693	0.7196	0.0448
			-0.5271	-0.4632	-0.7125
			-0.4919	-0.5173	0.7003
			0.693	-0.7196	-0.0448
		b:
			296.1565
			-231.2666
			438.5019
			-376.2854
			-437.7325
			356.9285
			437.3648
			-112.9594
			18.2991
			-433.3648
			122.9594
			-13.2991
	==================================================================================
	Q4:
		Shape: Polyhedra
		q_c:	148.5	155.0	386.5
		ub :	154.8281	160.4225	393.287
		lb :	142.1719	149.5775	379.713
		A:
			-0.5009	0.8622	-0.0758
			-0.7879	0.4321	0.4387
			-0.1021	0.8723	-0.4782
			0.7358	-0.5863	0.339
			0.915	-0.3819	0.1303
			0.3231	-0.7908	0.5198
			0.3455	0.8119	0.4705
			0.6515	0.1533	-0.7429
			-0.6754	0.5633	-0.476
			-0.3455	-0.8119	-0.4705
			-0.6515	-0.1533	0.7429
			0.6754	-0.5633	0.476
		b:
			32.9796
			123.7913
			-61.3656
			151.9649
			130.19
			129.2835
			363.0208
			-161.6291
			-194.4729
			-355.0208
			171.6291
			199.4729
	==================================================================================
	Q5:
		Shape: Ellipse
		q_c:	155.0	154.0	398.5
		ub :	158.457	157.0014	402.968
		lb :	151.543	150.9986	394.032
		P^-1:
			2.2336	1.8888	0.4871
			1.8888	1.7387	0.4239
			0.4871	0.4239	0.1718
	==================================================================================
	Q6:
		Shape: Ellipse
		q_c:	164.0	159.0	390.5
		ub :	165.823	162.9481	394.0117
		lb :	162.177	155.0519	386.9883
		P^-1:
			0.4427	0.0187	0.0167
			0.0187	0.0831	-0.0031
			0.0167	-0.0031	0.1114


===========================================================================================
===========================================================================================
S18:
	q_c:	227.5	262.0	375.5
	ub :	264.9056	295.7025	402.4653
	lb :	200.4979	227.7281	343.5393

	==================================================================================
	Q1:
		Shape: Hybrid
		q_c:	247.5	240.5	366.5
		ub :	264.9056	253.2719	383.6035
		lb :	230.0944	227.7281	349.3965
		P^-1:
			0.0055	-0.0005	0.0014
			-0.0005	0.0157	-0.0039
			0.0014	-0.0039	0.0099
		A:
			0.2477	-0.8427	-0.4781
			-0.3006	-0.8951	-0.3294
			0.2941	-0.1042	0.9501
			0.3921	0.9099	-0.1354
			0.1506	0.1707	-0.9737
			0.1074	-0.9907	-0.0841
		b:
			-309.501
			-404.2475
			402.243
			271.7278
			-271.6293
			-237.4215
	==================================================================================
	Q2:
		Shape: Ellipse
		q_c:	229.5	280.0	384.5
		ub :	236.8399	295.7025	395.6592
		lb :	222.1601	264.2975	373.3408
		P^-1:
			0.1936	-0.0196	-0.0998
			-0.0196	0.0065	0.0111
			-0.0998	0.0111	0.0643
	==================================================================================
	Q3:
		Shape: Ellipse
		q_c:	236.0	241.0	373.5
		ub :	247.3357	253.0011	384.8256
		lb :	224.6643	228.9989	362.1744
		P^-1:
			0.0243	-0.0011	0.0071
			-0.0011	0.0149	0.0043
			0.0071	0.0043	0.0266
	==================================================================================
	Q4:
		Shape: Polyhedra
		q_c:	210.5	247.5	387.5
		ub :	220.5021	261.4557	402.224
		lb :	200.4979	233.5443	372.776
		A:
			-0.9048	0.3048	-0.2972
			-0.7579	0.6518	-0.0278
			-0.7026	0.6904	-0.1724
			-0.888	0.4337	0.1532
			-0.7239	0.6546	0.218
			0.485	-0.8735	-0.0426
			0.2011	0.6675	0.717
			0.4913	0.5645	-0.6633
			-0.8475	0.4856	-0.2144
			-0.2011	-0.6675	-0.717
			-0.4913	-0.5645	0.6633
			0.8475	-0.4856	0.2144
		b:
			-226.6975
			-5.2551
			-39.9825
			-15.4092
			99.1351
			-124.7237
			494.3514
			-2.4015
			-138.2922
			-476.3514
			25.4015
			144.2922
	==================================================================================
	Q5:
		Shape: Polyhedra
		q_c:	235.5	257.5	387.5
		ub :	247.1478	268.9776	402.4653
		lb :	223.8522	246.0224	372.5347
		A:
			0.3003	-0.8915	0.3391
			-0.1001	-0.9901	0.0983
			-0.1406	0.949	-0.2822
			-0.4746	0.8797	-0.0284
			-0.251	0.7951	0.5521
			-0.6922	0.5081	-0.5126
			0.0677	0.174	0.9824
			-0.8611	0.5076	-0.0306
			-0.504	-0.8438	0.1842
			-0.0677	-0.174	-0.9824
			0.8611	-0.5076	0.0306
			0.504	0.8438	-0.1842
		b:
			-19.3563
			-234.2945
			109.1259
			112.3648
			370.7206
			-220.2868
			455.4402
			-74.4261
			-259.5934
			-427.4402
			93.4261
			269.5934
	==================================================================================
	Q6:
		Shape: Hybrid
		q_c:	234.5	268.0	359.5
		ub :	252.087	285.4589	375.4607
		lb :	216.913	250.5411	343.5393
		P^-1:
			0.0095	-0.0002	-0.0019
			-0.0002	0.0101	-0.0019
			-0.0019	-0.0019	0.0097
		A:
			0.6173	-0.4437	0.6497
			0.3335	-0.6087	0.72
			-0.7508	-0.4011	-0.5248
			0.1413	0.9795	0.1438
			0.5317	-0.7036	0.4715
			0.0718	0.3195	-0.9449
		b:
			265.448
			179.2718
			-464.8764
			353.4213
			111.0765
			-231.9652


===========================================================================================
===========================================================================================
S19:
	q_c:	401.0	277.0	180.0
	ub :	417.4673	292.385	197.8186
	lb :	384.4257	262.0323	165.736

	==================================================================================
	Q1:
		Shape: Ellipse
		q_c:	394.5	276.0	174.5
		ub :	402.7038	283.852	183.264
		lb :	386.2962	268.148	165.736
		P^-1:
			0.048	0.021	0.0183
			0.021	0.0556	0.0082
			0.0183	0.0082	0.0417
	==================================================================================
	Q2:
		Shape: Ellipse
		q_c:	392.5	269.5	189.5
		ub :	400.5743	276.9677	197.8186
		lb :	384.4257	262.0323	181.1814
		P^-1:
			0.043	-0.0026	0.0075
			-0.0026	0.0483	0.003
			0.0075	0.003	0.0405
	==================================================================================
	Q3:
		Shape: Hybrid
		q_c:	411.0	281.0	176.5
		ub :	417.4673	287.0151	182.8407
		lb :	404.5327	274.9849	170.1593
		P^-1:
			0.0406	-0.0004	0.0022
			-0.0004	0.0403	-0.0015
			0.0022	-0.0015	0.0485
		A:
			-0.6458	0.2694	0.7144
			0.5796	-0.5924	-0.5596
			-0.2009	-0.4358	-0.8774
			0.0153	0.7739	0.6331
			0.6741	0.691	-0.2609
			-0.3402	0.358	-0.8695
		b:
			-60.9767
			-24.2984
			-357.43
			338.1422
			427.9134
			-190.4153
	==================================================================================
	Q4:
		Shape: Ellipse
		q_c:	399.0	285.0	179.5
		ub :	406.4925	292.385	188.163
		lb :	391.5075	277.615	170.837
		P^-1:
			0.0965	0.0831	0.0608
			0.0831	0.1242	0.0754
			0.0608	0.0754	0.0808
	==================================================================================
	Q5:
		Shape: Polyhedra
		q_c:	392.5	278.0	188.0
		ub :	398.0587	282.7812	192.7025
		lb :	386.9413	273.2188	183.2975
		A:
			-0.9615	0.1875	0.2008
			-0.1187	-0.7616	-0.6371
			0.5903	0.8035	-0.0769
			0.8444	0.528	0.0904
			-0.18	0.7744	0.6065
			-0.6352	-0.5279	0.5637
			0.2611	0.621	0.7391
			-0.0271	-0.7606	0.6486
			0.9649	-0.1894	-0.1818
			-0.2611	-0.621	-0.7391
			0.0271	0.7606	-0.6486
			-0.9649	0.1894	0.1818
		b:
			-282.537
			-375.5061
			443.9282
			499.1804
			261.8027
			-286.2464
			416.5601
			-97.1407
			296.9081
			-411.5601
			103.1407
			-286.9081
	==================================================================================
	Q6:
		Shape: Hybrid
		q_c:	409.0	276.5	182.5
		ub :	416.3601	283.1446	190.4272
		lb :	401.6399	269.8554	174.5728
		P^-1:
			0.0476	-0.002	-0.003
			-0.002	0.047	-0.0035
			-0.003	-0.0035	0.0441
		A:
			-0.6191	-0.6357	0.4611
			-0.6638	-0.1611	-0.7303
			0.6984	-0.686	-0.204
			0.7801	-0.3205	0.5374
			0.9528	-0.1327	-0.273
			-0.8993	0.3004	-0.3178
		b:
			-342.5282
			-446.6583
			61.0227
			330.9346
			305.4453
			-340.3889


===========================================================================================
===========================================================================================
S20:
	q_c:	81.0	374.0	88.5
	ub :	86.3637	387.4301	100.4601
	lb :	69.0012	365.1932	78.372

	==================================================================================
	Q1:
		Shape: Ellipse
		q_c:	81.0	382.0	89.0
		ub :	86.3637	387.4301	93.3707
		lb :	75.6363	376.5699	84.6293
		P^-1:
			0.1227	0.0887	0.0507
			0.0887	0.1567	0.0079
			0.0507	0.0079	0.1705
	==================================================================================
	Q2:
		Shape: Polyhedra
		q_c:	79.5	381.0	86.5
		ub :	84.8531	385.1234	91.9822
		lb :	74.1469	376.8766	81.0178
		A:
			-0.1796	-0.0652	-0.9816
			0.3096	-0.8696	-0.3845
			0.0585	-0.8787	0.4738
			0.382	-0.9009	-0.2059
			0.104	-0.9428	0.3168
			0.1601	0.8931	-0.4203
			0.5621	0.7264	0.3955
			0.6364	-0.6853	0.3541
			0.5282	0.0526	-0.8475
			-0.5621	-0.7264	-0.3955
			-0.6364	0.6853	-0.3541
			-0.5282	-0.0526	0.8475
		b:
			-120.4608
			-336.9068
			-286.4048
			-327.9467
			-320.9068
			319.7505
			359.1473
			-177.8657
			-7.2601
			-352.1473
			181.8657
			15.2601
	==================================================================================
	Q3:
		Shape: Hybrid
		q_c:	75.5	377.5	95.5
		ub :	81.0631	383.2816	100.4601
		lb :	69.9369	371.7184	90.5399
		P^-1:
			0.0886	-0.0069	-0.0105
			-0.0069	0.0884	0.0103
			-0.0105	0.0103	0.0974
		A:
			-0.9142	-0.3844	0.1282
			-0.5018	0.7515	0.4283
			-0.7368	-0.638	-0.2238
			-0.0443	0.7027	0.7101
			-0.8117	-0.5641	0.1516
			-0.3491	-0.5089	-0.7869
		b:
			-199.9613
			288.2909
			-315.8377
			331.3599
			-257.7929
			-291.8212
	==================================================================================
	Q4:
		Shape: Ellipse
		q_c:	74.5	379.5	83.0
		ub :	79.757	384.9354	87.628
		lb :	69.243	374.0646	78.372
		P^-1:
			0.0838	0.0063	0.0113
			0.0063	0.0995	0.0323
			0.0113	0.0323	0.1399
	==================================================================================
	Q5:
		Shape: Hybrid
		q_c:	74.5	383.0	90.5
		ub :	78.0105	385.4762	93.6347
		lb :	70.9895	380.5238	87.3653
		P^-1:
			0.115	0.0376	-0.0093
			0.0376	0.7954	-0.3598
			-0.0093	-0.3598	0.3607
		A:
			-0.2639	-0.7142	0.6483
			0.0185	-0.6702	0.742
			-0.5868	-0.8018	-0.113
			0.1878	0.9614	0.2009
			0.0469	0.6455	-0.7624
			0.0723	0.9747	-0.2114
		b:
			-233.7117
			-187.4145
			-359.42
			401.7293
			182.4934
			360.2899
	==================================================================================
	Q6:
		Shape: Ellipse
		q_c:	73.5	369.5	92.5
		ub :	77.9988	373.8068	97.2992
		lb :	69.0012	365.1932	87.7008
		P^-1:
			0.0896	0.0149	0.0176
			0.0149	0.1372	0.0204
			0.0176	0.0204	0.1259


===========================================================================================
===========================================================================================
S21:
	q_c:	520.0	453.0	97.0
	ub :	523.0698	455.7122	99.9841
	lb :	517.3957	451.7422	94.7371

	==================================================================================
	Q1:
		Shape: Polyhedra
		q_c:	519.0	453.5	98.5
		ub :	520.6043	455.0416	99.9841
		lb :	517.3957	451.9584	97.0159
		A:
			0.3404	0.8763	0.3408
			-0.3629	0.7081	-0.6057
			-0.674	0.4321	-0.5992
			0.7168	-0.2937	0.6324
			-0.7877	-0.467	-0.4017
			-0.459	0.8789	-0.1297
			0.1317	0.3313	0.9343
			-0.6166	0.7654	-0.1845
			-0.7762	-0.5517	0.305
			-0.1317	-0.3313	-0.9343
			0.6166	-0.7654	0.1845
			0.7762	0.5517	-0.305
		b:
			608.8385
			73.8381
			-212.1958
			301.8897
			-658.9027
			148.1336
			311.6081
			9.4256
			-621.5316
			-309.6081
			-8.4256
			624.5316
	==================================================================================
	Q2:
		Shape: Polyhedra
		q_c:	520.0	454.0	97.5
		ub :	521.3275	455.5733	98.7463
		lb :	518.6725	452.4267	96.2537
		A:
			-0.5732	-0.4837	-0.6615
			-0.8822	0.4514	0.134
			-0.725	0.2535	-0.6404
			-0.9274	-0.0281	-0.373
			0.4193	-0.5445	0.7264
			0.0826	0.7662	0.6373
			0.9655	0.0776	0.2485
			-0.2493	0.0002	0.9684
			0.0751	-0.997	0.0195
			-0.9655	-0.0776	-0.2485
			0.2493	-0.0002	-0.9684
			-0.0751	0.997	-0.0195
		b:
			-581.0255
			-239.6196
			-323.2546
			-530.3716
			42.8778
			454.251
			562.537
			-34.1229
			-410.161
			-560.537
			36.1229
			413.161
	==================================================================================
	Q3:
		Shape: Polyhedra
		q_c:	521.5	453.0	96.0
		ub :	522.6852	454.2578	97.2629
		lb :	520.3148	451.7422	94.7371
		A:
			-0.4365	-0.8751	-0.2092
			-0.8322	-0.5233	-0.1836
			0.8378	0.3675	-0.4038
			0.8241	-0.0902	-0.5593
			-0.6783	-0.2483	-0.6916
			0.6314	0.7607	0.1505
			0.7868	0.6146	0.0567
			0.5796	-0.7672	0.2747
			0.2123	-0.1833	-0.9599
			-0.7868	-0.6146	-0.0567
			-0.5796	0.7672	-0.2747
			-0.2123	0.1833	0.9599
		b:
			-643.4685
			-688.1172
			565.3065
			336.0819
			-531.8318
			688.8628
			694.671
			-17.9552
			-63.4556
			-693.671
			19.9552
			65.4556
	==================================================================================
	Q4:
		Shape: Ellipse
		q_c:	521.0	454.5	96.5
		ub :	521.8406	455.7122	97.4965
		lb :	520.1594	453.2878	95.5035
		P^-1:
			3.8928	-0.5049	-0.2352
			-0.5049	1.623	-1.1072
			-0.2352	-1.1072	3.4843
	==================================================================================
	Q5:
		Shape: Polyhedra
		q_c:	521.5	453.5	97.5
		ub :	523.0698	454.378	98.7446
		lb :	519.9302	452.622	96.2554
		A:
			0.1782	0.6012	-0.779
			0.3386	0.9337	0.1165
			-0.7026	0.0743	0.7077
			-0.2486	0.5073	0.8252
			-0.3813	0.7954	-0.4711
			-0.2746	0.7829	0.5583
			0.8791	0.1783	0.4421
			0.0265	-0.9442	0.3282
			0.4759	-0.2768	-0.8348
			-0.8791	-0.1783	-0.4421
			-0.0265	0.9442	-0.3282
			-0.4759	0.2768	0.8348
		b:
			290.1205
			612.2682
			-263.0523
			181.4748
			116.706
			266.8154
			583.9168
			-381.8846
			41.773
			-580.9168
			382.8846
			-40.773
	==================================================================================
	Q6:
		Shape: Ellipse
		q_c:	520.5	454.0	96.5
		ub :	521.6754	454.8569	97.5644
		lb :	519.3246	453.1431	95.4356
		P^-1:
			1.6293	-0.4467	1.1368
			-0.4467	3.9158	0.2142
			1.1368	0.2142	3.4549


===========================================================================================
===========================================================================================
S22:
	q_c:	522.0	331.0	507.0
	ub :	546.1236	354.1205	537.0512
	lb :	499.29	297.1241	486.8845

	==================================================================================
	Q1:
		Shape: Ellipse
		q_c:	517.0	310.5	518.5
		ub :	534.71	323.8759	537.0512
		lb :	499.29	297.1241	499.9488
		P^-1:
			0.0056	0.0001	0.0001
			0.0001	0.0204	-0.0069
			0.0001	-0.0069	0.0091
	==================================================================================
	Q2:
		Shape: Hybrid
		q_c:	537.0	322.0	523.5
		ub :	546.1236	332.4281	531.266
		lb :	527.8764	311.5719	515.734
		P^-1:
			0.0348	-0.0079	-0.0073
			-0.0079	0.0279	-0.0117
			-0.0073	-0.0117	0.0423
		A:
			0.6918	-0.1513	0.7061
			0.0192	0.3026	-0.9529
			0.0388	0.1219	-0.9918
			0.305	0.9151	-0.2637
			-0.0236	0.6018	0.7983
			0.4705	0.451	0.7585
		b:
			696.0913
			-388.6503
			-456.3434
			324.6481
			603.7727
			800.2011
	==================================================================================
	Q3:
		Shape: Ellipse
		q_c:	514.5	345.5	497.5
		ub :	516.1607	354.1205	501.4415
		lb :	512.8393	336.8795	493.5585
		P^-1:
			0.4444	-0.0007	-0.0002
			-0.0007	0.047	-0.1148
			-0.0002	-0.1148	0.4113
	==================================================================================
	Q4:
		Shape: Hybrid
		q_c:	522.0	324.0	496.5
		ub :	530.9463	329.7104	506.1155
		lb :	513.0537	318.2896	486.8845
		P^-1:
			0.0654	-0.0156	-0.0455
			-0.0156	0.0856	-0.0002
			-0.0455	-0.0002	0.0541
		A:
			0.5431	0.0209	-0.8394
			0.608	-0.1841	-0.7723
			-0.3898	0.9206	-0.0226
			0.1139	-0.1376	-0.9839
			0.3175	-0.8846	0.3415
			0.6073	-0.7587	-0.2355
		b:
			-124.1937
			-123.7826
			85.6189
			-468.7329
			51.5648
			-43.9551
	==================================================================================
	Q5:
		Shape: Polyhedra
		q_c:	531.0	344.0	503.0
		ub :	541.3981	353.8444	514.0052
		lb :	520.6019	334.1556	491.9948
		A:
			-0.229	-0.8506	-0.4733
			0.0069	0.5764	0.8171
			0.1584	0.7223	0.6732
			-0.1874	-0.8205	-0.54
			0.6754	0.6479	0.3523
			-0.022	0.4647	0.8852
			0.3242	0.7457	0.5821
			-0.8207	-0.0843	0.5652
			0.4705	-0.6609	0.5846
			-0.3242	-0.7457	-0.5821
			0.8207	0.0843	-0.5652
			-0.4705	0.6609	-0.5846
		b:
			-649.3654
			615.9429
			673.3647
			-650.792
			761.6607
			597.2179
			723.4765
			-175.4978
			328.5411
			-719.4765
			185.4978
			-304.5411
	==================================================================================
	Q6:
		Shape: Ellipse
		q_c:	526.0	337.5	517.5
		ub :	540.3606	353.4734	533.5145
		lb :	511.6394	321.5266	501.4855
		P^-1:
			0.0148	0.0009	-0.0035
			0.0009	0.0104	-0.0024
			-0.0035	-0.0024	0.0119


===========================================================================================
===========================================================================================
S23:
	q_c:	57.0	357.0	426.0
	ub :	62.4557	363.4619	433.8667
	lb :	49.0009	348.1215	418.9984

	==================================================================================
	Q1:
		Shape: Polyhedra
		q_c:	58.0	357.0	431.5
		ub :	60.6547	359.442	433.8667
		lb :	55.3453	354.558	429.1333
		A:
			-0.7459	0.1898	-0.6384
			0.1913	0.8915	-0.4106
			0.2912	0.316	0.903
			-0.3965	0.3984	-0.8271
			0.407	0.2627	0.8748
			-0.634	0.2379	0.7359
			0.6223	0.7025	0.3453
			0.4085	-0.6678	0.6223
			0.6677	-0.2462	-0.7025
			-0.6223	-0.7025	-0.3453
			-0.4085	0.6678	-0.6223
			-0.6677	0.2462	0.7025
		b:
			-249.5936
			153.6418
			521.0356
			-236.5558
			496.5626
			367.19
			437.8788
			54.8006
			-350.8073
			-433.8788
			-52.8006
			353.8073
	==================================================================================
	Q2:
		Shape: Ellipse
		q_c:	58.5	358.0	422.5
		ub :	62.4557	361.0309	426.0016
		lb :	54.5443	354.9691	418.9984
		P^-1:
			0.1413	0.0855	0.0154
			0.0855	0.3849	0.0906
			0.0154	0.0906	0.1894
	==================================================================================
	Q3:
		Shape: Polyhedra
		q_c:	53.5	352.5	430.5
		ub :	57.7911	356.8785	432.722
		lb :	49.2089	348.1215	428.278
		A:
			0.3467	-0.8662	0.3598
			-0.3888	0.862	-0.3252
			0.2171	0.0677	0.9738
			0.8643	-0.0746	-0.4975
			0.9234	0.0622	0.3787
			0.0123	0.4606	0.8875
			0.5927	0.7923	0.1449
			0.7887	-0.6074	0.095
			0.1633	0.058	-0.9849
			-0.5927	-0.7923	-0.1449
			-0.7887	0.6074	-0.095
			-0.1633	-0.058	0.9849
		b:
			-129.2716
			145.6512
			456.5742
			-191.8663
			237.3131
			547.3127
			376.872
			-128.5243
			-393.3097
			-369.872
			133.5243
			396.3097
	==================================================================================
	Q4:
		Shape: Polyhedra
		q_c:	53.5	357.0	428.0
		ub :	57.9991	360.9925	431.4441
		lb :	49.0009	353.0075	424.5559
		A:
			0.2533	-0.8891	0.3812
			0.0855	-0.9495	-0.3019
			0.8244	-0.5411	-0.166
			-0.2802	-0.8627	-0.421
			-0.6335	-0.3026	0.7121
			-0.9639	0.236	0.1231
			0.7894	0.5615	0.2483
			0.4286	-0.2144	-0.8777
			-0.4396	0.7992	-0.4099
			-0.7894	-0.5615	-0.2483
			-0.4286	0.2144	0.8777
			0.4396	-0.7992	0.4099
		b:
			-138.634
			-461.0647
			-217.9057
			-500.0864
			165.3253
			88.0234
			352.4365
			-427.2764
			88.3736
			-345.4365
			431.2764
			-84.3736
	==================================================================================
	Q5:
		Shape: Polyhedra
		q_c:	55.0	360.0	425.0
		ub :	58.6429	363.4619	427.9271
		lb :	51.3571	356.5381	422.0729
		A:
			-0.8011	-0.373	-0.4681
			0.7472	0.2067	0.6317
			-0.7343	0.5624	0.3802
			0.0202	-0.6714	0.7408
			0.3874	0.5321	-0.7529
			0.0317	0.8458	-0.5325
			0.0505	0.3081	0.95
			-0.3951	0.8798	-0.2643
			-0.9172	-0.362	0.1661
			-0.0505	-0.3081	-0.95
			0.3951	-0.8798	0.2643
			0.9172	0.362	-0.1661
		b:
			-374.5979
			386.4573
			325.9604
			76.3861
			-104.6184
			82.1189
			519.4468
			184.6454
			-107.1791
			-515.4468
			-180.6454
			113.1791
	==================================================================================
	Q6:
		Shape: Ellipse
		q_c:	53.0	359.0	422.5
		ub :	56.8365	362.7004	425.2621
		lb :	49.1635	355.2996	419.7379
		P^-1:
			0.2151	-0.0447	-0.1001
			-0.0447	0.2007	-0.0703
			-0.1001	-0.0703	0.3898


===========================================================================================
===========================================================================================
S24:
	q_c:	440.0	428.5	491.0
	ub :	453.9178	443.2348	504.3405
	lb :	428.8814	416.4446	479.1637

	==================================================================================
	Q1:
		Shape: Ellipse
		q_c:	446.5	422.0	491.0
		ub :	453.9178	427.5554	498.6497
		lb :	439.0822	416.4446	483.3503
		P^-1:
			0.0787	-0.0403	0.0467
			-0.0403	0.0875	-0.034
			0.0467	-0.034	0.071
	==================================================================================
	Q2:
		Shape: Hybrid
		q_c:	436.0	436.5	489.0
		ub :	443.1186	443.2348	495.1176
		lb :	428.8814	429.7652	482.8824
		P^-1:
			0.0593	0.0078	0.0008
			0.0078	0.0434	-0.002
			0.0008	-0.002	0.0623
		A:
			-0.9071	0.3464	-0.2393
			0.9277	-0.3645	0.0808
			0.848	-0.204	-0.4891
			0.612	-0.0289	-0.7903
			0.0174	0.6626	0.7488
			0.2541	0.1947	-0.9474
		b:
			-358.8875
			287.3551
			43.8519
			-130.1568
			665.4457
			-265.4757
	==================================================================================
	Q3:
		Shape: Hybrid
		q_c:	441.0	434.5	492.5
		ub :	444.0931	439.4555	497.6183
		lb :	437.9069	429.5445	487.3817
		P^-1:
			0.2195	0.0338	0.0259
			0.0338	0.1444	0.0614
			0.0259	0.0614	0.1085
		A:
			-0.9775	-0.159	-0.1383
			-0.3457	-0.4857	-0.8028
			-0.8571	-0.2904	0.4256
			-0.5039	0.1151	0.8561
			0.482	0.3195	0.8158
			0.6056	0.2623	-0.7513
		b:
			-567.2122
			-757.4428
			-292.7344
			251.545
			754.79
			13.3947
	==================================================================================
	Q4:
		Shape: Hybrid
		q_c:	437.0	431.0	488.5
		ub :	443.0036	435.1792	494.4754
		lb :	430.9964	426.8208	482.5246
		P^-1:
			0.0763	0.0092	0.0151
			0.0092	0.1078	0.0023
			0.0151	0.0023	0.058
		A:
			-0.9744	-0.1724	0.1444
			-0.5554	-0.8076	0.1983
			-0.2536	-0.7479	-0.6135
			-0.1456	-0.742	0.6544
			0.3088	0.6613	0.6836
			0.6229	-0.7764	-0.0958
		b:
			-427.2548
			-492.0925
			-730.9866
			-61.5611
			755.8577
			-107.1415
	==================================================================================
	Q5:
		Shape: Ellipse
		q_c:	445.5	433.5	499.5
		ub :	450.9473	439.9195	504.3405
		lb :	440.0527	427.0805	494.6595
		P^-1:
			0.1305	-0.0504	-0.0029
			-0.0504	0.0676	-0.0233
			-0.0029	-0.0233	0.1061
	==================================================================================
	Q6:
		Shape: Hybrid
		q_c:	443.0	431.0	484.5
		ub :	449.4292	436.0058	489.8363
		lb :	436.5708	425.9942	479.1637
		P^-1:
			0.0567	0.0035	0.0364
			0.0035	0.5628	0.469
			0.0364	0.469	0.4952
		A:
			0.3636	0.5865	0.7237
			-0.0083	-0.8534	-0.5212
			0.3727	-0.8303	-0.4144
			-0.1268	0.8607	0.4931
			-0.0751	-0.7475	-0.66
			-0.1078	-0.594	-0.7972
		b:
			765.7218
			-623.1785
			-392.1204
			554.5391
			-674.6706
			-689.3066


===========================================================================================
===========================================================================================
S25:
	q_c:	352.0	92.5	158.0
	ub :	367.1391	105.2689	171.031
	lb :	345.5249	80.1483	149.1728

	==================================================================================
	Q1:
		Shape: Polyhedra
		q_c:	350.5	94.5	165.5
		ub :	354.4676	100.1688	170.8824
		lb :	346.5324	88.8312	160.1176
		A:
			-0.4202	-0.4941	-0.7611
			-0.2813	-0.1866	-0.9413
			-0.5978	0.3337	0.7289
			-0.4337	0.6486	0.6255
			0.0258	-0.0044	-0.9997
			-0.5966	0.7549	0.2726
			0.8235	0.1935	0.5332
			-0.5653	0.3584	0.743
			-0.0473	-0.9133	0.4045
			-0.8235	-0.1935	-0.5332
			0.5653	-0.3584	-0.743
			0.0473	0.9133	-0.4045
		b:
			-317.2393
			-269.2259
			-54.3694
			15.9719
			-153.6558
			-89.1524
			397.688
			-38.297
			-31.4409
			-392.688
			44.297
			40.4409
	==================================================================================
	Q2:
		Shape: Hybrid
		q_c:	351.0	88.5	159.0
		ub :	356.0925	92.4505	164.2557
		lb :	345.9075	84.5495	153.7443
		P^-1:
			0.139	0.0507	0.0718
			0.0507	0.1538	0.0401
			0.0718	0.0401	0.1308
		A:
			0.5287	-0.2045	0.8238
			0.6164	0.3603	0.7002
			-0.2834	0.8587	0.4269
			0.6508	0.753	-0.0972
			-0.5198	-0.7714	0.3671
			-0.1033	-0.6982	0.7085
		b:
			300.1043
			360.6466
			46.5488
			281.3587
			-190.2558
			16.8649
	==================================================================================
	Q3:
		Shape: Hybrid
		q_c:	358.5	99.0	163.5
		ub :	364.5179	105.2689	170.3763
		lb :	352.4821	92.7311	156.6237
		P^-1:
			0.1041	-0.0458	0.0024
			-0.0458	0.105	-0.0386
			0.0024	-0.0386	0.0656
		A:
			-0.8699	-0.0987	0.4833
			-0.918	0.311	-0.246
			0.8382	-0.5214	0.1598
			0.683	-0.3729	-0.628
			-0.0473	0.3869	0.9209
			-0.7011	0.7131	0.0038
		b:
			-240.4128
			-336.6883
			276.4313
			107.7418
			175.715
			-178.6415
	==================================================================================
	Q4:
		Shape: Polyhedra
		q_c:	361.0	86.5	164.0
		ub :	367.1391	92.8517	171.031
		lb :	354.8609	80.1483	156.969
		A:
			-0.518	0.4491	0.728
			0.6747	-0.6109	0.4143
			0.4069	-0.9083	-0.0969
			0.4145	-0.905	-0.0958
			-0.1969	-0.2442	0.9495
			0.4853	-0.7147	-0.5037
			0.6308	0.4672	0.6196
			-0.7759	0.3889	0.4967
			-0.0089	-0.7941	0.6078
			-0.6308	-0.4672	-0.6196
			0.7759	-0.3889	-0.4967
			0.0089	0.7941	-0.6078
		b:
			-25.2909
			262.3058
			55.6421
			58.8293
			67.0425
			34.2482
			375.7338
			-161.9981
			30.7807
			-363.7338
			167.9981
			-24.7807
	==================================================================================
	Q5:
		Shape: Ellipse
		q_c:	351.0	90.5	154.0
		ub :	355.9929	95.3192	158.8272
		lb :	346.0071	85.6808	149.1728
		P^-1:
			0.0671	0.0096	0.0106
			0.0096	0.109	-0.0023
			0.0106	-0.0023	0.1086
	==================================================================================
	Q6:
		Shape: Ellipse
		q_c:	350.0	98.5	165.0
		ub :	354.4751	103.7538	169.8481
		lb :	345.5249	93.2462	160.1519
		P^-1:
			0.194	-0.0801	-0.0184
			-0.0801	0.1347	-0.0153
			-0.0184	-0.0153	0.0949


===========================================================================================
===========================================================================================
