3D_40_25_6_c                l = 3

===========================================================================================
===========================================================================================
S1:
	q_c:	138.0	303.5	261.0
	ub :	150.9424	318.7027	270.1719
	lb :	128.1673	287.8688	250.7926

	==================================================================================
	Q1:
		Shape: Polyhedra
		q_c:	148.0	305.0	254.0
		ub :	150.9424	308.3596	256.6532
		lb :	145.0576	301.6404	251.3468
		A:
			-0.6765	0.6518	-0.3428
			-0.6909	0.1521	-0.7068
			-0.2767	-0.4154	0.8666
			0.2566	-0.2021	0.9451
			0.3157	0.5134	0.7979
			0.0256	0.7364	-0.6761
			0.1935	0.9803	0.0382
			0.6512	-0.0992	-0.7524
			-0.7338	0.1705	-0.6576
			-0.1935	-0.9803	-0.0382
			-0.6512	0.0992	0.7524
			0.7338	-0.1705	0.6576
		b:
			13.4248
			-234.3761
			54.8628
			217.9931
			408.2081
			59.1258
			340.3574
			-122.4956
			-222.6316
			-334.3574
			127.4956
			224.6316
	==================================================================================
	Q2:
		Shape: Ellipse
		q_c:	138.5	307.0	261.0
		ub :	147.5609	314.6996	270.1719
		lb :	129.4391	299.3004	251.8281
		P^-1:
			0.0345	-0.0022	0.0018
			-0.0022	0.0364	-0.0027
			0.0018	-0.0027	0.0352
	==================================================================================
	Q3:
		Shape: Ellipse
		q_c:	133.5	304.0	257.0
		ub :	138.8327	309.7155	263.2074
		lb :	128.1673	298.2845	250.7926
		P^-1:
			0.0681	0.0046	0.0074
			0.0046	0.0801	-0.0025
			0.0074	-0.0025	0.0776
	==================================================================================
	Q4:
		Shape: Ellipse
		q_c:	143.5	309.0	261.0
		ub :	147.7146	313.294	265.4568
		lb :	139.2854	304.706	256.5432
		P^-1:
			0.126	-0.0127	0.0185
			-0.0127	0.1552	0.0069
			0.0185	0.0069	0.1499
	==================================================================================
	Q5:
		Shape: Polyhedra
		q_c:	135.5	315.0	261.5
		ub :	140.4554	318.7027	266.6127
		lb :	130.5446	311.2973	256.3873
		A:
			0.3146	-0.7687	0.5568
			0.7785	-0.2402	-0.5798
			0.4493	0.479	-0.7542
			-0.5932	0.8034	0.0516
			-0.3318	0.6518	-0.6819
			0.9807	0.1355	0.1407
			0.4551	0.4339	0.7775
			0.7665	0.2535	-0.5901
			-0.4531	0.8646	-0.2173
			-0.4551	-0.4339	-0.7775
			-0.7665	-0.2535	0.5901
			0.4531	-0.8646	0.2173
		b:
			-52.0007
			-118.5871
			17.8322
			187.9845
			-15.7677
			215.6702
			405.1848
			32.8928
			155.6197
			-398.1848
			-25.8928
			-152.6197
	==================================================================================
	Q6:
		Shape: Hybrid
		q_c:	135.5	295.0	261.5
		ub :	141.9925	302.1312	268.5383
		lb :	129.0075	287.8688	254.4617
		P^-1:
			0.0667	-0.0147	-0.0065
			-0.0147	0.0618	0.0055
			-0.0065	0.0055	0.0518
		A:
			-0.9571	0.1236	-0.262
			0.9848	-0.1715	0.0281
			-0.9458	-0.233	0.2264
			0.4526	0.8915	-0.0207
			-0.4857	0.2619	0.834
			0.7731	-0.0741	-0.63
		b:
			-159.4596
			92.2922
			-135.2906
			321.6083
			231.7608
			-79.681


===========================================================================================
===========================================================================================
S2:
	q_c:	339.0	478.0	204.0
	ub :	350.1455	494.9061	211.248
	lb :	326.7905	463.999	194.7929

	==================================================================================
	Q1:
		Shape: Hybrid
		q_c:	332.5	468.5	202.5
		ub :	336.7432	473.001	205.0134
		lb :	328.2568	463.999	199.9866
		P^-1:
			0.1239	-0.0363	-0.0159
			-0.0363	0.138	-0.0785
			-0.0159	-0.0785	0.4242
		A:
			0.5191	0.4669	-0.7159
			-0.3541	-0.5651	0.7452
			-0.9157	0.4017	0.0115
			-0.413	0.9105	0.0179
			-0.2297	-0.8138	0.5338
			0.1278	0.6304	-0.7656
		b:
			247.9683
			-230.1754
			-112.077
			294.742
			-347.7609
			184.0376
	==================================================================================
	Q2:
		Shape: Polyhedra
		q_c:	332.5	478.5	199.5
		ub :	338.2095	483.5185	204.2071
		lb :	326.7905	473.4815	194.7929
		A:
			-0.0375	-0.7423	-0.6691
			-0.2094	0.9778	-0.0029
			-0.1403	-0.9859	0.0908
			-0.0626	-0.7669	-0.6387
			-0.2364	-0.7206	0.6518
			0.1117	-0.3995	0.9099
			0.6649	0.7192	0.2015
			0.6964	-0.6945	0.1807
			0.2699	0.0202	-0.9627
			-0.6649	-0.7192	-0.2015
			-0.6964	0.6945	-0.1807
			-0.2699	-0.0202	0.9627
		b:
			-497.6104
			401.1847
			-496.7964
			-511.6895
			-289.8751
			31.0052
			608.9331
			-61.1839
			-89.1582
			-601.9331
			68.1839
			96.1582
	==================================================================================
	Q3:
		Shape: Ellipse
		q_c:	344.0	475.0	202.0
		ub :	349.6784	482.3544	209.078
		lb :	338.3216	467.6456	194.922
		P^-1:
			0.0623	-0.0016	0.0014
			-0.0016	0.0505	0.0111
			0.0014	0.0111	0.0522
	==================================================================================
	Q4:
		Shape: Polyhedra
		q_c:	336.5	471.5	208.0
		ub :	342.8417	478.0153	211.248
		lb :	330.1583	464.9847	204.752
		A:
			0.0952	-0.0804	-0.9922
			0.471	0.3108	-0.8256
			-0.9132	0.1997	0.3552
			0.8871	-0.2714	0.3734
			-0.7432	0.2496	0.6208
			-0.1929	0.3005	0.9341
			0.688	0.7252	0.0252
			0.7256	-0.6873	-0.032
			-0.0059	0.0403	-0.9992
			-0.688	-0.7252	-0.0252
			-0.7256	0.6873	0.032
			0.0059	-0.0403	0.9992
		b:
			-209.2434
			137.1929
			-135.2731
			252.1009
			0.3148
			274.1719
			584.2122
			-83.051
			-187.813
			-573.2122
			90.051
			193.813
	==================================================================================
	Q5:
		Shape: Hybrid
		q_c:	343.5	488.5	205.5
		ub :	350.1455	494.9061	210.7833
		lb :	336.8545	482.0939	200.2167
		P^-1:
			0.0666	0.0159	-0.0027
			0.0159	0.0648	0.0028
			-0.0027	0.0028	0.0812
		A:
			0.1113	-0.5719	0.8127
			-0.5979	0.0862	-0.7969
			0.1693	0.8996	-0.4026
			-0.4789	0.1718	-0.8609
			-0.4598	-0.4463	0.7677
			0.1831	-0.6049	-0.775
		b:
			-72.0009
			-324.9292
			417.002
			-255.4113
			-216.4561
			-389.8332
	==================================================================================
	Q6:
		Shape: Ellipse
		q_c:	343.5	482.0	202.0
		ub :	349.6172	487.752	206.8058
		lb :	337.3828	476.248	197.1942
		P^-1:
			0.0503	0.0283	0.016
			0.0283	0.1183	0.0427
			0.016	0.0427	0.0939


===========================================================================================
===========================================================================================
S3:
	q_c:	469.0	476.5	447.5
	ub :	495.3398	498.7242	466.1343
	lb :	453.0767	449.6734	415.3011

	==================================================================================
	Q1:
		Shape: Ellipse
		q_c:	470.0	458.0	448.0
		ub :	476.7827	463.0116	455.381
		lb :	463.2173	452.9884	440.619
		P^-1:
			0.0982	-0.0382	-0.0431
			-0.0382	0.1153	0.0128
			-0.0431	0.0128	0.0559
	==================================================================================
	Q2:
		Shape: Polyhedra
		q_c:	485.0	464.5	451.5
		ub :	495.3398	471.876	460.9618
		lb :	474.6602	457.124	442.0382
		A:
			0.8779	0.43	-0.2105
			0.2677	-0.5308	0.8041
			-0.3773	0.0414	-0.9251
			0.1434	0.6353	-0.7588
			-0.0495	-0.1049	-0.9932
			0.1316	0.906	-0.4022
			0.5517	0.0847	0.8297
			-0.7223	0.5459	0.4245
			-0.417	-0.8336	0.3623
			-0.5517	-0.0847	-0.8297
			0.7223	-0.5459	-0.4245
			0.417	0.8336	-0.3623
		b:
			535.5667
			251.4489
			-575.5704
			26.0752
			-514.9002
			306.6436
			687.5418
			102.9061
			-422.8299
			-675.5418
			-86.9061
			428.8299
	==================================================================================
	Q3:
		Shape: Ellipse
		q_c:	462.5	458.5	435.0
		ub :	471.1495	467.3266	440.4943
		lb :	453.8505	449.6734	429.5057
		P^-1:
			0.0378	-0.0112	0.0109
			-0.0112	0.0326	-0.011
			0.0109	-0.011	0.0748
	==================================================================================
	Q4:
		Shape: Polyhedra
		q_c:	469.0	482.5	427.5
		ub :	484.9233	497.4378	439.6989
		lb :	453.0767	467.5622	415.3011
		A:
			-0.1105	-0.9435	0.3123
			0.4463	0.0275	0.8944
			-0.4576	0.8814	-0.1173
			-0.0725	-0.7604	-0.6454
			0.4043	0.149	-0.9024
			0.1979	0.8812	-0.4294
			0.6001	0.7994	0.029
			0.7732	-0.5705	-0.2769
			-0.2048	0.1886	-0.9605
			-0.6001	-0.7994	-0.029
			-0.7732	0.5705	0.2769
			0.2048	-0.1886	0.9605
		b:
			-364.7508
			613.8867
			171.4692
			-667.1623
			-114.613
			342.9859
			687.5505
			-18.9707
			-406.6626
			-671.5505
			42.9707
			424.6626
	==================================================================================
	Q5:
		Shape: Polyhedra
		q_c:	468.5	461.5	460.5
		ub :	472.4049	467.097	466.1343
		lb :	464.5951	455.903	454.8657
		A:
			-0.7186	0.6285	0.2976
			-0.8718	-0.2262	0.4346
			-0.4013	-0.2372	-0.8847
			0.5705	-0.4381	-0.6947
			0.8286	0.2682	-0.4915
			-0.8295	0.1976	-0.5224
			0.6177	0.5946	0.5147
			-0.7852	0.5022	0.3622
			-0.0431	-0.6279	0.7771
			-0.6177	-0.5946	-0.5147
			0.7852	-0.5022	-0.3622
			0.0431	0.6279	-0.7771
		b:
			92.5545
			-309.6925
			-701.2774
			-252.4165
			288.702
			-534.7469
			804.3104
			32.7209
			51.8916
			-797.3104
			-28.7209
			-43.8916
	==================================================================================
	Q6:
		Shape: Polyhedra
		q_c:	484.5	488.5	438.5
		ub :	494.8389	498.7242	445.0958
		lb :	474.1611	478.2758	431.9042
		A:
			-0.857	0.1396	-0.496
			-0.5864	-0.059	-0.8079
			0.6776	-0.1193	-0.7257
			-0.3872	-0.2099	-0.8978
			0.6821	-0.3961	0.6147
			-0.459	0.7402	-0.4913
			0.4984	0.8589	0.118
			0.8042	-0.4073	-0.4329
			-0.3237	0.3106	-0.8937
			-0.4984	-0.8589	-0.118
			-0.8042	0.4073	0.4329
			0.3237	-0.3106	0.8937
		b:
			-559.3751
			-662.8914
			-41.6389
			-679.2384
			410.6583
			-71.4531
			720.2681
			7.8961
			-394.0083
			-705.2681
			6.1039
			400.0083


===========================================================================================
===========================================================================================
S4:
	q_c:	105.0	38.0	89.0
	ub :	118.4899	43.5155	94.0716
	lb :	93.5147	22.0606	75.5661

	==================================================================================
	Q1:
		Shape: Polyhedra
		q_c:	100.0	32.5	82.0
		ub :	106.4853	37.3991	87.9855
		lb :	93.5147	27.6009	76.0145
		A:
			-0.4864	-0.6817	-0.5465
			-0.7621	-0.5066	-0.4032
			0.0219	-0.9086	0.4172
			0.3484	0.8225	0.4496
			0.8561	0.4261	-0.2926
			0.9258	0.1973	-0.3226
			0.4339	0.0946	0.896
			-0.8423	0.3956	0.3661
			-0.3198	-0.9135	0.2513
			-0.4339	-0.0946	-0.896
			0.8423	-0.3956	-0.3661
			0.3198	0.9135	-0.2513
		b:
			-111.9846
			-122.0205
			10.0603
			101.9317
			79.206
			76.6201
			123.9351
			-36.849
			-38.0619
			-115.9351
			45.849
			44.0619
	==================================================================================
	Q2:
		Shape: Polyhedra
		q_c:	105.5	35.5	86.0
		ub :	112.605	42.3833	93.4639
		lb :	98.395	28.6167	78.5361
		A:
			-0.0353	-0.2363	-0.971
			-0.756	-0.5462	0.3608
			-0.9417	0.2539	-0.2209
			-0.2923	0.614	-0.7332
			-0.9889	-0.0068	0.1487
			-0.412	-0.8902	0.1944
			0.6279	0.5922	0.5051
			-0.7419	0.2593	0.6183
			0.2352	-0.763	0.6021
			-0.6279	-0.5922	-0.5051
			0.7419	-0.2593	-0.6183
			-0.2352	0.763	-0.6021
		b:
			-91.2035
			-63.7196
			-104.9753
			-68.0686
			-87.2921
			-54.0882
			135.1985
			-11.3936
			53.5156
			-126.1985
			20.3936
			-45.5156
	==================================================================================
	Q3:
		Shape: Polyhedra
		q_c:	111.5	35.0	89.0
		ub :	118.1457	41.9441	93.5038
		lb :	104.8543	28.0559	84.4962
		A:
			0.4144	0.084	0.9062
			0.2481	0.6489	-0.7193
			0.0893	0.2758	0.957
			-0.9109	0.4121	0.0216
			0.0902	-0.4737	-0.8761
			0.906	0.352	-0.2352
			0.5898	0.8059	0.0511
			0.6349	-0.4237	-0.6461
			-0.499	0.4135	-0.7616
			-0.5898	-0.8059	-0.0511
			-0.6349	0.4237	0.6461
			0.499	-0.4135	0.7616
		b:
			133.2243
			-9.45
			108.1419
			-82.0701
			-81.0275
			97.182
			104.0168
			1.4606
			-105.951
			-93.0168
			4.5394
			111.951
	==================================================================================
	Q4:
		Shape: Ellipse
		q_c:	102.0	37.0	87.5
		ub :	107.1002	43.5155	94.0716
		lb :	96.8998	30.4845	80.9284
		P^-1:
			0.0834	0.0132	0.0202
			0.0132	0.0624	0.019
			0.0202	0.019	0.0772
	==================================================================================
	Q5:
		Shape: Ellipse
		q_c:	114.0	26.5	79.5
		ub :	118.3353	30.9394	83.4339
		lb :	109.6647	22.0606	75.5661
		P^-1:
			0.0855	0.0154	-0.0045
			0.0154	0.1431	-0.0212
			-0.0045	-0.0212	0.1241
	==================================================================================
	Q6:
		Shape: Polyhedra
		q_c:	112.0	30.5	85.5
		ub :	118.4899	38.5279	91.4429
		lb :	105.5101	22.4721	79.5571
		A:
			0.783	0.5895	0.1983
			0.2636	-0.9609	-0.0852
			-0.805	-0.2862	-0.5196
			-0.7307	-0.4772	-0.4881
			-0.3733	-0.2649	-0.8891
			-0.4825	0.2422	-0.8418
			0.7758	0.297	0.5567
			-0.429	-0.3987	0.8105
			0.4627	-0.8677	-0.1818
			-0.7758	-0.297	-0.5567
			0.429	0.3987	-0.8105
			-0.4627	0.8677	0.1818
		b:
			125.4709
			-0.6786
			-141.3072
			-135.8481
			-122.8758
			-115.1121
			145.5464
			13.5898
			16.3135
			-141.5464
			-4.5898
			-3.3135


===========================================================================================
===========================================================================================
S5:
	q_c:	292.5	144.0	28.0
	ub :	327.0957	172.2356	59.3292
	lb :	256.0766	112.7044	-8.4443

	==================================================================================
	Q1:
		Shape: Hybrid
		q_c:	292.0	161.5	16.5
		ub :	301.1774	169.3855	25.4649
		lb :	282.8226	153.6145	7.5351
		P^-1:
			0.0495	0.0162	0.0225
			0.0162	0.048	0.0167
			0.0225	0.0167	0.035
		A:
			-0.9254	-0.0615	-0.374
			0.9527	0.2923	-0.0826
			-0.9001	-0.4268	-0.0873
			0.3571	-0.6875	-0.6323
			-0.0284	0.9943	-0.1026
			0.5232	-0.8316	-0.1866
		b:
			-283.7431
			327.7668
			-330.2433
			-13.0544
			154.1196
			19.1963
	==================================================================================
	Q2:
		Shape: Ellipse
		q_c:	298.0	162.0	52.0
		ub :	308.1803	172.2356	59.3292
		lb :	287.8197	151.7644	44.6708
		P^-1:
			0.0411	0.0308	0.0133
			0.0308	0.0455	0.013
			0.0133	0.013	0.0352
	==================================================================================
	Q3:
		Shape: Ellipse
		q_c:	274.0	130.5	7.5
		ub :	291.9234	148.2956	23.4443
		lb :	256.0766	112.7044	-8.4443
		P^-1:
			0.009	-0.0001	0.0012
			-0.0001	0.0094	-0.0013
			0.0012	-0.0013	0.0093
	==================================================================================
	Q4:
		Shape: Polyhedra
		q_c:	292.5	135.5	37.0
		ub :	303.1923	148.3192	48.1975
		lb :	281.8077	122.6808	25.8025
		A:
			0.0551	-0.3961	0.9165
			0.3334	-0.3179	-0.8876
			0.1169	-0.9308	0.3464
			-0.3111	0.7494	-0.5844
			0.8163	-0.1277	-0.5633
			0.6173	-0.5123	0.5971
			0.3074	0.6655	0.6801
			0.2378	0.6383	-0.7321
			-0.9214	0.3868	0.0379
			-0.3074	-0.6655	-0.6801
			-0.2378	-0.6383	0.7321
			0.9214	-0.3868	-0.0379
		b:
			3.9133
			29.2424
			-71.6495
			-3.7394
			207.8036
			140.5023
			213.2552
			136.4591
			-208.6974
			-197.2552
			-121.4591
			222.6974
	==================================================================================
	Q5:
		Shape: Polyhedra
		q_c:	280.0	134.5	18.0
		ub :	298.1672	148.3752	36.4303
		lb :	261.8328	120.6248	-0.4303
		A:
			0.1809	0.9812	0.0667
			0.286	-0.7098	-0.6437
			-0.8536	0.509	0.1107
			-0.9503	0.2685	0.1574
			0.2419	0.9697	0.0345
			-0.583	-0.5917	0.5568
			0.5834	0.213	0.7838
			-0.6803	0.6553	0.3283
			-0.4437	-0.7247	0.5272
			-0.5834	-0.213	-0.7838
			0.6803	-0.6553	-0.3283
			0.4437	0.7247	-0.5272
		b:
			192.7276
			-15.7489
			-158.3619
			-216.8484
			207.5634
			-226.6228
			221.5979
			-86.9426
			-206.2186
			-190.5979
			105.9426
			218.2186
	==================================================================================
	Q6:
		Shape: Ellipse
		q_c:	314.5	154.0	13.5
		ub :	327.0957	167.3143	27.7109
		lb :	301.9043	140.6857	-0.7109
		P^-1:
			0.0123	-0.003	0.0011
			-0.003	0.0195	-0.0126
			0.0011	-0.0126	0.0205


===========================================================================================
===========================================================================================
S6:
	q_c:	433.5	113.0	486.5
	ub :	445.5551	130.1209	502.8646
	lb :	416.3032	103.5018	473.3323

	==================================================================================
	Q1:
		Shape: Ellipse
		q_c:	434.0	109.0	483.0
		ub :	440.1097	114.4982	488.6793
		lb :	427.8903	103.5018	477.3207
		P^-1:
			0.0748	0.01	0.0055
			0.01	0.0537	0.0046
			0.0055	0.0046	0.0649
	==================================================================================
	Q2:
		Shape: Hybrid
		q_c:	438.5	123.0	497.5
		ub :	443.9806	128.0608	502.8646
		lb :	433.0194	117.9392	492.1354
		P^-1:
			0.1027	-0.0048	0.0178
			-0.0048	0.1084	0.01
			0.0178	0.01	0.0736
		A:
			0.2616	0.4256	0.8663
			0.2773	0.1753	0.9447
			0.6946	-0.3402	0.6339
			0.4912	-0.853	-0.1762
			-0.1941	0.8429	0.5019
			-0.1953	0.8215	-0.5357
		b:
			599.8617
			615.1004
			579.7365
			24.3425
			269.9085
			-249.1982
	==================================================================================
	Q3:
		Shape: Hybrid
		q_c:	430.0	124.0	496.0
		ub :	436.7274	129.1859	502.216
		lb :	423.2726	118.8141	489.784
		P^-1:
			0.0558	-0.0073	-0.0066
			-0.0073	0.0792	0.0006
			-0.0066	0.0006	0.0584
		A:
			-0.5974	-0.7506	0.2823
			0.2989	-0.5732	0.763
			0.5555	0.7977	-0.2349
			0.1186	-0.7622	-0.6364
			-0.0307	0.8283	-0.5594
			-0.3407	0.9125	-0.2265
		b:
			-207.6769
			438.1451
			223.4625
			-357.1533
			-185.9369
			-143.8244
	==================================================================================
	Q4:
		Shape: Hybrid
		q_c:	437.5	118.5	479.5
		ub :	442.1624	124.7924	485.6677
		lb :	432.8376	112.2076	473.3323
		P^-1:
			0.201	-0.0796	0.0153
			-0.0796	0.1022	-0.0324
			0.0153	-0.0324	0.0685
		A:
			-0.9738	0.0797	-0.2131
			0.222	0.8764	-0.4273
			0.9388	0.2368	0.2502
			0.8888	-0.1699	-0.4256
			-0.3176	0.5526	0.7705
			-0.973	0.1123	0.2016
		b:
			-517.0996
			-1.2346
			561.2937
			166.411
			299.3492
			-314.1834
	==================================================================================
	Q5:
		Shape: Polyhedra
		q_c:	424.5	123.0	494.0
		ub :	432.6968	130.1209	499.7038
		lb :	416.3032	115.8791	488.2962
		A:
			0.8325	0.2261	-0.5058
			0.0066	-0.0028	-1.0
			-0.0366	0.7911	0.6106
			0.3059	0.0023	-0.9521
			-0.5811	-0.6545	0.4837
			0.5335	0.4489	0.7168
			0.4991	0.826	0.262
			0.3879	0.0574	-0.9199
			-0.7749	0.5607	-0.2917
			-0.4991	-0.826	-0.262
			-0.3879	-0.0574	0.9199
			0.7749	-0.5607	0.2917
		b:
			135.2132
			-488.0502
			387.439
			-337.1769
			-84.6949
			640.0814
			446.865
			-279.7442
			-397.5935
			-438.865
			285.7442
			410.5935
	==================================================================================
	Q6:
		Shape: Hybrid
		q_c:	438.5	122.0	491.0
		ub :	445.5551	128.4268	496.721
		lb :	431.4449	115.5732	485.279
		P^-1:
			0.0502	-0.0266	-0.0408
			-0.0266	0.075	0.0295
			-0.0408	0.0295	0.1251
		A:
			-0.4745	0.3798	0.7941
			-0.0947	0.8588	0.5036
			0.5324	0.0516	-0.8449
			0.2997	-0.8217	-0.4848
			-0.6847	0.7027	0.1933
			0.0885	-0.1449	-0.9855
		b:
			229.4527
			312.7336
			-173.202
			-205.0483
			-117.2268
			-460.9421


===========================================================================================
===========================================================================================
S7:
	q_c:	390.0	192.5	131.0
	ub :	410.6656	210.3234	150.8202
	lb :	373.3071	181.9314	116.5772

	==================================================================================
	Q1:
		Shape: Polyhedra
		q_c:	396.0	202.0	125.5
		ub :	403.5535	210.3234	134.4228
		lb :	388.4465	193.6766	116.5772
		A:
			0.5656	0.7804	-0.2665
			-0.1748	0.5579	0.8113
			-0.8523	-0.5056	-0.1337
			-0.8199	-0.3963	-0.4131
			-0.7605	-0.2662	0.5923
			0.6594	0.5066	-0.5554
			0.7882	0.1985	0.5825
			0.0359	-0.9598	0.2785
			0.6144	-0.1986	-0.7636
			-0.7882	-0.1985	-0.5825
			-0.0359	0.9598	-0.2785
			-0.6144	0.1986	0.7636
		b:
			354.258
			150.805
			-451.0926
			-451.4931
			-274.9811
			299.6147
			430.3312
			-138.1998
			112.8573
			-420.3312
			151.1998
			-101.8573
	==================================================================================
	Q2:
		Shape: Polyhedra
		q_c:	396.5	191.5	135.0
		ub :	402.4782	197.2486	137.7514
		lb :	390.5218	185.7514	132.2486
		A:
			0.7409	-0.6042	-0.2933
			-0.5949	0.6078	0.526
			0.6938	-0.3814	-0.6109
			0.6498	-0.095	-0.7542
			0.5196	-0.4718	-0.7123
			-0.2264	0.4522	0.8627
			0.7439	0.6634	0.0806
			0.6137	-0.6305	-0.4753
			-0.2645	0.403	-0.8761
			-0.7439	-0.6634	-0.0806
			-0.6137	0.6305	0.4753
			0.2645	-0.403	0.8761
		b:
			139.7877
			-47.4932
			121.3009
			140.2556
			20.6474
			115.1473
			439.3839
			59.4314
			-143.9684
			-426.3839
			-57.4314
			147.9684
	==================================================================================
	Q3:
		Shape: Polyhedra
		q_c:	400.5	192.5	141.0
		ub :	406.3777	202.0227	150.8202
		lb :	394.6223	182.9773	131.1798
		A:
			-0.2024	0.3843	-0.9008
			-0.804	-0.4698	-0.3644
			0.9876	-0.1283	-0.0909
			0.6901	0.7218	0.0524
			0.8694	0.4176	0.2639
			-0.6016	0.436	-0.6693
			0.0892	0.5506	0.83
			-0.9953	0.0817	0.0527
			-0.0388	-0.8307	0.5553
			-0.0892	-0.5506	-0.83
			0.9953	-0.0817	-0.0527
			0.0388	0.8307	-0.5553
		b:
			-127.6498
			-457.6714
			363.0275
			428.7973
			471.6723
			-245.4945
			266.2279
			-370.4433
			-91.158
			-251.2279
			380.4433
			103.158
	==================================================================================
	Q4:
		Shape: Hybrid
		q_c:	387.5	205.0	131.5
		ub :	392.8643	208.8855	137.2567
		lb :	382.1357	201.1145	125.7433
		P^-1:
			0.0755	-0.0002	-0.0126
			-0.0002	0.0816	-0.0005
			-0.0126	-0.0005	0.0555
		A:
			0.9244	0.3796	-0.0376
			-0.9199	-0.3119	0.2376
			-0.28	-0.8358	0.4722
			0.8293	-0.0378	-0.5576
			0.8003	0.4338	-0.4139
			-0.2615	-0.9339	0.2437
		b:
			432.9856
			-387.3824
			-215.8955
			242.0433
			346.382
			-258.9654
	==================================================================================
	Q5:
		Shape: Hybrid
		q_c:	401.0	198.0	126.5
		ub :	410.6656	206.3844	133.0328
		lb :	391.3344	189.6156	119.9672
		P^-1:
			0.0433	0.0643	-0.0695
			0.0643	0.1882	-0.1956
			-0.0695	-0.1956	0.2586
		A:
			-0.6471	-0.3588	-0.6727
			0.3533	0.7737	-0.5259
			-0.2907	-0.8673	0.4041
			0.2603	0.7559	-0.6007
			0.1466	0.535	-0.832
			0.2089	-0.5289	0.8226
		b:
			-410.3727
			229.8295
			-235.0086
			179.2161
			60.4581
			85.597
	==================================================================================
	Q6:
		Shape: Polyhedra
		q_c:	380.5	186.0	144.5
		ub :	387.6929	190.0686	150.1082
		lb :	373.3071	181.9314	138.8918
		A:
			-0.2031	-0.3184	0.926
			-0.3657	-0.4165	-0.8324
			0.4361	0.6524	0.6198
			-0.0736	-0.7721	-0.6313
			0.119	-0.9484	-0.2938
			-0.4559	-0.6041	-0.6536
			0.291	0.7465	0.5984
			-0.1884	0.6579	-0.7291
			-0.938	0.0994	0.3321
			-0.291	-0.7465	-0.5984
			0.1884	-0.6579	0.7291
			0.938	-0.0994	-0.3321
		b:
			1.5686
			-334.8996
			378.6064
			-260.7808
			-170.7718
			-378.4362
			337.5354
			-51.1767
			-283.9258
			-334.5354
			58.1767
			296.9258


===========================================================================================
===========================================================================================
S8:
	q_c:	212.5	413.5	301.0
	ub :	235.9732	429.5388	312.5632
	lb :	194.5002	397.9847	287.7192

	==================================================================================
	Q1:
		Shape: Hybrid
		q_c:	202.5	425.0	303.0
		ub :	210.4998	429.5388	311.1638
		lb :	194.5002	420.4612	294.8362
		P^-1:
			0.0333	0.0019	-0.0064
			0.0019	0.0805	-0.0066
			-0.0064	-0.0066	0.0356
		A:
			-0.2158	-0.0164	0.9763
			-0.3551	0.916	-0.1867
			0.637	0.0766	0.767
			-0.8522	-0.4814	0.2048
			-0.7071	-0.6767	0.2051
			0.0818	-0.8032	0.5901
		b:
			248.6226
			263.0354
			398.1853
			-311.9452
			-365.9057
			-143.5975
	==================================================================================
	Q2:
		Shape: Hybrid
		q_c:	225.0	421.5	296.5
		ub :	235.9732	428.736	305.2808
		lb :	214.0268	414.264	287.7192
		P^-1:
			0.0285	0.0078	-0.0222
			0.0078	0.0466	0.0065
			-0.0222	0.0065	0.0478
		A:
			-0.284	-0.3946	0.8739
			-0.7569	-0.5924	0.2759
			0.7672	0.4067	-0.4959
			-0.7238	-0.0978	0.6831
			-0.4352	0.0549	0.8987
			-0.2457	-0.674	0.6967
		b:
			31.9287
			-335.2208
			199.6811
			0.828
			193.7867
			-129.5816
	==================================================================================
	Q3:
		Shape: Hybrid
		q_c:	202.5	421.5	296.5
		ub :	210.4854	427.579	305.2711
		lb :	194.5146	415.421	287.7289
		P^-1:
			0.0531	-0.0053	-0.0148
			-0.0053	0.0521	0.0012
			-0.0148	0.0012	0.0272
		A:
			0.8093	-0.327	-0.488
			-0.6046	-0.2985	0.7385
			-0.7157	-0.3795	0.5863
			-0.939	-0.0977	0.3298
			0.2262	-0.904	-0.3628
			0.4103	-0.9023	0.1324
		b:
			-116.5758
			-26.4232
			-128.5665
			-131.3622
			-440.3032
			-255.4621
	==================================================================================
	Q4:
		Shape: Hybrid
		q_c:	223.0	408.5	307.5
		ub :	228.1942	415.0023	311.0335
		lb :	217.8058	401.9977	303.9665
		P^-1:
			0.2554	-0.0146	-0.3666
			-0.0146	0.0461	0.0701
			-0.3666	0.0701	0.8132
		A:
			0.2811	-0.1046	-0.9539
			-0.4881	0.1282	0.8633
			-0.75	0.147	0.6449
			-0.5821	0.0105	0.813
			0.5087	-0.2078	-0.8355
			0.304	-0.3065	-0.902
		b:
			-272.704
			209.5709
			92.5372
			125.1339
			-227.5504
			-333.7591
	==================================================================================
	Q5:
		Shape: Polyhedra
		q_c:	205.5	412.5	294.0
		ub :	211.394	418.2221	298.5066
		lb :	199.606	406.7779	289.4934
		A:
			0.9677	-0.2521	0.0022
			-0.0045	0.9446	-0.3283
			0.0457	-0.8479	0.5283
			-0.5461	-0.4332	0.717
			-0.2472	0.9615	0.1198
			-0.3491	0.8951	-0.2773
			0.5551	0.7931	0.2507
			-0.2503	0.4467	-0.8589
			-0.7932	0.4141	0.4465
			-0.5551	-0.7931	-0.2507
			0.2503	-0.4467	0.8589
			0.7932	-0.4141	-0.4465
		b:
			99.3212
			295.3692
			-182.3092
			-76.8886
			384.8295
			219.0825
			518.9266
			-117.7009
			143.0856
			-510.9266
			121.7009
			-135.0856
	==================================================================================
	Q6:
		Shape: Hybrid
		q_c:	214.5	407.5	304.0
		ub :	223.9546	417.0153	312.5632
		lb :	205.0454	397.9847	295.4368
		P^-1:
			0.0405	0.0161	0.004
			0.0161	0.0305	0.0143
			0.004	0.0143	0.0471
		A:
			0.4889	0.3831	0.7837
			0.9287	-0.2529	-0.2711
			-0.1955	0.1066	-0.9749
			-0.1184	-0.0831	-0.9895
			-0.7113	-0.6991	-0.0725
			0.6612	0.4188	0.6225
		b:
			501.4112
			17.8309
			-291.3572
			-357.2416
			-456.9508
			503.8814


===========================================================================================
===========================================================================================
S9:
	q_c:	433.0	252.5	173.5
	ub :	455.9507	275.6441	198.4147
	lb :	407.4204	228.5108	149.639

	==================================================================================
	Q1:
		Shape: Ellipse
		q_c:	438.5	256.5	177.5
		ub :	445.2371	263.2547	184.7229
		lb :	431.7629	249.7453	170.2771
		P^-1:
			0.1536	-0.0037	-0.113
			-0.0037	0.0328	0.0061
			-0.113	0.0061	0.117
	==================================================================================
	Q2:
		Shape: Polyhedra
		q_c:	418.5	261.5	188.5
		ub :	429.5796	273.0091	198.4147
		lb :	407.4204	249.9909	178.5853
		A:
			0.7075	-0.4611	-0.5356
			-0.5331	-0.4657	0.7064
			0.5033	0.8585	-0.0982
			0.1882	-0.9757	0.112
			0.3203	0.2183	-0.9218
			0.475	0.6882	-0.5484
			0.2426	0.6878	0.6842
			-0.8774	0.4565	-0.1478
			-0.414	-0.5644	0.7142
			-0.2426	-0.6878	-0.6842
			0.8774	-0.4565	0.1478
			0.414	0.5644	-0.7142
		b:
			81.8598
			-205.6564
			422.839
			-148.2864
			23.4353
			281.3839
			416.8448
			-267.6625
			-180.2366
			-403.8448
			283.6625
			192.2366
	==================================================================================
	Q3:
		Shape: Ellipse
		q_c:	446.5	262.0	160.5
		ub :	455.9507	271.8254	171.361
		lb :	437.0493	252.1746	149.639
		P^-1:
			0.028	0.0023	-0.0057
			0.0023	0.0234	-0.0002
			-0.0057	-0.0002	0.0257
	==================================================================================
	Q4:
		Shape: Polyhedra
		q_c:	439.5	265.5	181.0
		ub :	451.0085	275.6441	194.2917
		lb :	427.9915	255.3559	167.7083
		A:
			0.5468	0.6573	-0.5187
			-0.1199	0.7155	-0.6882
			0.5609	-0.3755	0.7378
			0.8944	-0.4449	0.0463
			0.2579	0.2423	-0.9353
			-0.2729	0.9587	0.0804
			0.8623	0.3093	0.4009
			-0.4732	0.2106	0.8554
			0.1802	-0.9274	0.328
			-0.8623	-0.3093	-0.4009
			0.4732	-0.2106	-0.8554
			-0.1802	0.9274	-0.328
		b:
			328.726
			19.7987
			287.2041
			290.7647
			17.6724
			156.3397
			540.1775
			12.743
			-101.1675
			-527.1775
			7.257
			114.1675
	==================================================================================
	Q5:
		Shape: Polyhedra
		q_c:	426.5	239.5	163.0
		ub :	434.6552	250.4892	173.1529
		lb :	418.3448	228.5108	152.8471
		A:
			0.8239	-0.5515	-0.1308
			-0.8845	0.451	0.1192
			0.5423	-0.063	-0.8378
			-0.7403	-0.3218	-0.5903
			0.3647	-0.076	-0.928
			0.8847	-0.4603	0.0735
			0.5454	0.1956	0.8151
			-0.8058	0.3901	0.4456
			-0.2308	-0.8998	0.3703
			-0.5454	-0.1956	-0.8151
			0.8058	-0.3901	-0.4456
			0.2308	0.8998	-0.3703
		b:
			202.0032
			-246.05
			84.7152
			-482.402
			-8.3876
			283.5995
			418.7932
			-174.6074
			-244.0772
			-405.7932
			180.6074
			263.0772
	==================================================================================
	Q6:
		Shape: Hybrid
		q_c:	431.0	256.5	188.5
		ub :	442.0696	269.2175	198.2336
		lb :	419.9304	243.7825	178.7664
		P^-1:
			0.0315	0.0066	-0.0104
			0.0066	0.0102	-0.0032
			-0.0104	-0.0032	0.0223
		A:
			0.4567	-0.3071	-0.835
			0.2285	-0.0182	-0.9734
			0.9541	0.1494	0.2596
			0.6582	0.4221	-0.6234
			-0.8794	0.4732	0.0529
			0.996	-0.0539	-0.0715
		b:
			-34.4994
			-85.3706
			502.7878
			277.4612
			-241.4926
			405.9592


===========================================================================================
===========================================================================================
S10:
	q_c:	355.5	385.0	178.5
	ub :	373.3141	409.3807	200.7389
	lb :	335.5291	364.0987	152.7294

	==================================================================================
	Q1:
		Shape: Hybrid
		q_c:	358.0	397.5	188.5
		ub :	367.9584	409.3807	200.7389
		lb :	348.0416	385.6193	176.2611
		P^-1:
			0.0257	-0.0052	0.0038
			-0.0052	0.0202	-0.0068
			0.0038	-0.0068	0.0214
		A:
			0.8326	0.5534	0.0211
			0.4925	-0.2061	0.8455
			0.9352	-0.2494	0.2512
			-0.6561	0.7391	-0.1525
			-0.377	-0.1634	0.9117
			-0.9221	-0.3202	-0.2172
		b:
			526.6915
			257.2435
			286.1555
			33.5137
			-23.7093
			-494.0688
	==================================================================================
	Q2:
		Shape: Polyhedra
		q_c:	363.5	388.5	186.5
		ub :	371.003	393.9004	192.7433
		lb :	355.997	383.0996	180.2567
		A:
			-0.1972	-0.9237	0.3286
			-0.2837	0.9274	0.2437
			-0.4858	0.8679	-0.1033
			-0.7762	0.5705	0.2686
			-0.4386	-0.0501	-0.8973
			0.4918	-0.7608	-0.4236
			0.802	0.4303	0.4143
			-0.4524	0.8905	-0.049
			-0.3899	-0.1482	0.9088
			-0.802	-0.4303	-0.4143
			0.4524	-0.8905	0.049
			0.3899	0.1482	-0.9088
		b:
			-365.5079
			305.6191
			143.8382
			-7.2048
			-341.0928
			-192.8528
			541.9576
			174.8602
			-25.803
			-529.9576
			-169.8602
			33.803
	==================================================================================
	Q3:
		Shape: Hybrid
		q_c:	359.5	399.0	177.0
		ub :	368.1014	408.1451	186.5188
		lb :	350.8986	389.8549	167.4812
		P^-1:
			0.0305	0.0153	0.0094
			0.0153	0.0451	0.0125
			0.0094	0.0125	0.0309
		A:
			-0.1767	-0.5009	-0.8473
			-0.0643	-0.6411	-0.7648
			0.7447	0.6578	-0.1126
			-0.0117	-0.1435	-0.9896
			0.8613	0.4747	0.181
			0.7453	0.1027	0.6587
		b:
			-410.3869
			-411.3334
			513.4053
			-232.6687
			534.0684
			428.9059
	==================================================================================
	Q4:
		Shape: Ellipse
		q_c:	345.0	375.0	175.0
		ub :	354.4709	383.827	184.9581
		lb :	335.5291	366.173	165.0419
		P^-1:
			0.0305	-0.0013	0.0049
			-0.0013	0.0324	0.0025
			0.0049	0.0025	0.0237
	==================================================================================
	Q5:
		Shape: Ellipse
		q_c:	350.5	382.5	175.5
		ub :	358.9949	390.5431	183.553
		lb :	342.0051	374.4569	167.447
		P^-1:
			0.0354	0.0036	0.0022
			0.0036	0.0372	-0.0012
			0.0022	-0.0012	0.0209
	==================================================================================
	Q6:
		Shape: Polyhedra
		q_c:	366.0	373.0	161.5
		ub :	373.3141	381.9013	170.2706
		lb :	358.6859	364.0987	152.7294
		A:
			0.2641	-0.964	-0.0317
			-0.9133	-0.3301	0.2386
			-0.5971	-0.7106	0.3722
			-0.8905	-0.295	0.3465
			-0.9909	0.0654	0.1179
			0.1	0.9485	-0.3006
			0.7857	0.5836	0.2052
			0.5964	-0.6265	-0.5017
			-0.1643	0.5166	-0.8403
			-0.7857	-0.5836	-0.2052
			-0.5964	0.6265	0.5017
			0.1643	-0.5166	0.8403
		b:
			-262.2929
			-414.5531
			-418.9555
			-375.4106
			-314.3681
			347.1712
			541.8856
			-90.4275
			2.8523
			-534.8856
			102.4275
			9.1477


===========================================================================================
===========================================================================================
S11:
	q_c:	20.0	164.0	59.0
	ub :	31.0894	176.3638	69.9805
	lb :	12.5116	158.1838	52.1049

	==================================================================================
	Q1:
		Shape: Hybrid
		q_c:	20.0	171.5	62.0
		ub :	24.6291	176.3638	67.3912
		lb :	15.3709	166.6362	56.6088
		P^-1:
			0.1092	0.0044	-0.0057
			0.0044	0.1009	0.0133
			-0.0057	0.0133	0.0937
		A:
			0.8501	0.3285	-0.4116
			-0.8026	0.5908	0.0817
			0.4113	-0.8901	-0.1962
			-0.6631	-0.7226	-0.1951
			0.0975	-0.1665	-0.9812
			-0.0376	0.8905	0.4534
		b:
			49.3714
			91.9643
			-154.9721
			-147.7819
			-85.7325
			181.6015
	==================================================================================
	Q2:
		Shape: Polyhedra
		q_c:	23.5	167.5	62.0
		ub :	26.8376	170.4837	65.3035
		lb :	20.1624	164.5163	58.6965
		A:
			0.3432	-0.1427	-0.9284
			-0.1212	0.5024	-0.8561
			-0.7743	0.4698	0.4239
			-0.1586	-0.9873	0.0067
			0.22	0.7894	-0.5731
			0.7213	-0.1157	0.6829
			0.4343	0.3623	0.8247
			-0.5424	0.8361	-0.0817
			-0.7192	-0.4119	0.5596
			-0.4343	-0.3623	-0.8247
			0.5424	-0.8361	0.0817
			0.7192	0.4119	-0.5596
		b:
			-71.1803
			30.2812
			88.508
			-166.8347
			103.7028
			42.1508
			124.5208
			123.7403
			-49.1931
			-119.5208
			-120.7403
			53.1931
	==================================================================================
	Q3:
		Shape: Hybrid
		q_c:	21.5	170.0	62.0
		ub :	26.9703	173.5844	67.6623
		lb :	16.0297	166.4156	56.3377
		P^-1:
			0.0727	-0.0118	0.0142
			-0.0118	0.2298	-0.0544
			0.0142	-0.0544	0.0917
		A:
			0.8515	0.5242	-0.0125
			0.0126	-0.6739	0.7388
			-0.2395	0.9523	-0.189
			-0.709	-0.331	0.6228
			-0.0293	-0.9429	-0.3318
			-0.2359	-0.6311	0.739
		b:
			109.0903
			-66.9552
			146.1568
			-30.2316
			-179.7047
			-64.7189
	==================================================================================
	Q4:
		Shape: Hybrid
		q_c:	24.5	168.5	54.0
		ub :	28.1148	172.0817	55.8951
		lb :	20.8852	164.9183	52.1049
		P^-1:
			0.199	-0.0414	0.1718
			-0.0414	0.2041	-0.1826
			0.1718	-0.1826	0.9169
		A:
			0.4091	-0.3572	0.8397
			0.4695	0.15	-0.8701
			-0.4045	0.911	-0.0806
			0.0489	-0.1901	0.9805
			-0.4116	-0.4932	-0.7664
			0.7699	-0.0667	0.6346
		b:
			-4.1568
			-8.9104
			141.0863
			22.6848
			-133.1587
			43.1272
	==================================================================================
	Q5:
		Shape: Polyhedra
		q_c:	25.5	164.0	64.0
		ub :	31.0894	169.8162	69.9805
		lb :	19.9106	158.1838	58.0195
		A:
			0.4519	0.5573	0.6966
			0.9786	0.1276	0.1612
			-0.4469	-0.7276	-0.5205
			0.9591	-0.2668	0.0948
			0.7865	0.5537	0.2737
			-0.0503	-0.4491	-0.8921
			0.7	0.689	0.1878
			0.637	-0.4835	-0.6004
			-0.3229	0.5399	-0.7773
			-0.7	-0.689	-0.1878
			-0.637	0.4835	0.6004
			0.3229	-0.5399	0.7773
		b:
			150.545
			59.3078
			-161.2233
			-9.5517
			130.9371
			-128.3601
			145.3641
			-97.4787
			34.5643
			-140.3641
			105.4787
			-26.5643
	==================================================================================
	Q6:
		Shape: Ellipse
		q_c:	15.5	162.0	59.5
		ub :	18.4884	165.0315	62.6667
		lb :	12.5116	158.9685	56.3333
		P^-1:
			0.2077	-0.0706	-0.0791
			-0.0706	0.323	0.0737
			-0.0791	0.0737	0.3237


===========================================================================================
===========================================================================================
S12:
	q_c:	127.0	364.5	499.0
	ub :	155.8233	398.2486	525.3301
	lb :	104.4111	337.842	478.5422

	==================================================================================
	Q1:
		Shape: Ellipse
		q_c:	129.0	365.0	490.0
		ub :	140.2803	373.5789	501.4578
		lb :	117.7197	356.4211	478.5422
		P^-1:
			0.017	0.0041	0.0035
			0.0041	0.0511	0.0192
			0.0035	0.0192	0.0278
	==================================================================================
	Q2:
		Shape: Ellipse
		q_c:	112.0	377.0	498.5
		ub :	118.8666	384.0935	504.4427
		lb :	105.1334	369.9065	492.5573
		P^-1:
			0.461	0.3134	0.3665
			0.3134	0.2626	0.2684
			0.3665	0.2684	0.3331
	==================================================================================
	Q3:
		Shape: Hybrid
		q_c:	133.5	358.0	503.0
		ub :	144.254	372.0803	517.2253
		lb :	122.746	343.9197	488.7747
		P^-1:
			0.0573	0.0065	0.0341
			0.0065	0.0103	0.0034
			0.0341	0.0034	0.0315
		A:
			0.8533	0.4399	-0.2798
			0.9296	0.1697	0.3273
			-0.5083	-0.2356	-0.8283
			-0.5739	-0.4968	-0.651
			0.8704	-0.1353	0.4734
			0.9218	0.148	0.3584
		b:
			137.7185
			352.1965
			-564.8301
			-577.771
			308.5188
			358.8321
	==================================================================================
	Q4:
		Shape: Polyhedra
		q_c:	144.0	378.5	505.0
		ub :	155.8233	388.7639	517.0416
		lb :	132.1767	368.2361	492.9584
		A:
			-0.6514	-0.0738	0.7551
			0.6191	0.6255	0.4748
			-0.3706	0.0354	-0.9281
			0.5036	0.3024	-0.8093
			-0.9743	0.193	-0.1158
			0.3848	0.4437	0.8094
			0.7149	0.2265	0.6616
			-0.6818	0.0156	0.7314
			0.1553	-0.9739	0.1655
			-0.7149	-0.2265	-0.6616
			0.6818	-0.0156	-0.7314
			-0.1553	0.9739	-0.1655
		b:
			268.5873
			572.3754
			-501.8083
			-212.737
			-118.2054
			638.6842
			528.7438
			286.0729
			-253.6647
			-516.7438
			-268.0729
			271.6647
	==================================================================================
	Q5:
		Shape: Polyhedra
		q_c:	119.5	383.0	512.0
		ub :	134.5889	398.2486	525.3301
		lb :	104.4111	367.7514	498.6699
		A:
			-0.095	0.4627	0.8814
			-0.6498	-0.7362	-0.1888
			0.4366	0.8623	0.2567
			0.6102	0.1275	0.7819
			-0.7687	-0.632	0.0983
			-0.1023	-0.9002	-0.4234
			0.1857	0.5155	0.8366
			-0.5406	0.7645	-0.351
			-0.8205	-0.3871	0.4207
			-0.1857	-0.5155	-0.8366
			0.5406	-0.7645	0.351
			0.8205	0.3871	-0.4207
		b:
			624.0162
			-447.6427
			522.1735
			530.0187
			-274.0336
			-565.8872
			654.4257
			58.9694
			-20.9236
			-641.4257
			-37.9694
			40.9236
	==================================================================================
	Q6:
		Shape: Hybrid
		q_c:	119.5	351.0	497.5
		ub :	130.8492	364.158	504.2538
		lb :	108.1508	337.842	490.7462
		P^-1:
			0.0398	0.0196	-0.019
			0.0196	0.0196	-0.0142
			-0.019	-0.0142	0.0628
		A:
			-0.7241	-0.6559	0.2132
			-0.2707	-0.1573	-0.9497
			0.1264	0.3852	-0.9141
			0.1025	0.2737	-0.9563
			0.6462	0.3338	-0.6863
			-0.7601	0.2263	-0.6091
		b:
			-207.5674
			-556.7932
			-301.6949
			-364.99
			-145.1687
			-308.4622


===========================================================================================
===========================================================================================
S13:
	q_c:	67.0	435.5	176.5
	ub :	79.8877	446.6041	186.5472
	lb :	55.9316	423.5457	170.4895

	==================================================================================
	Q1:
		Shape: Polyhedra
		q_c:	64.5	434.0	174.5
		ub :	65.7581	437.9406	177.6161
		lb :	63.2419	430.0594	171.3839
		A:
			0.2911	0.5572	0.7777
			-0.8915	-0.4137	-0.1846
			-0.6885	-0.7136	0.1297
			0.3701	-0.511	-0.7759
			-0.2283	-0.4539	-0.8613
			-0.8728	-0.2381	-0.4262
			0.0654	0.5866	0.8072
			-0.0509	0.8099	-0.5844
			-0.9966	-0.0028	0.0828
			-0.0654	-0.5866	-0.8072
			0.0509	-0.8099	0.5844
			0.9966	0.0028	-0.0828
		b:
			396.8482
			-268.038
			-328.605
			-332.6438
			-361.1882
			-232.9909
			400.1605
			250.734
			-50.057
			-399.1605
			-241.734
			52.057
	==================================================================================
	Q2:
		Shape: Polyhedra
		q_c:	70.5	441.0	181.0
		ub :	75.7189	446.6041	186.5472
		lb :	65.2811	435.3959	175.4528
		A:
			-0.7329	-0.0951	-0.6737
			0.7458	0.5958	0.2981
			-0.6948	-0.6989	-0.17
			0.3579	0.782	0.5103
			0.407	-0.4628	-0.7875
			0.6055	-0.2256	0.7632
			0.1847	0.7567	0.6271
			-0.9221	0.3541	-0.1557
			-0.3399	-0.5495	0.7632
			-0.1847	-0.7567	-0.6271
			0.9221	-0.3541	0.1557
			0.3399	0.5495	-0.7632
		b:
			-212.329
			372.3738
			-384.6794
			465.0445
			-314.6906
			84.9929
			462.7399
			66.4773
			-123.6614
			-457.7399
			-59.4773
			132.6614
	==================================================================================
	Q3:
		Shape: Hybrid
		q_c:	67.5	438.5	177.0
		ub :	70.9791	441.2409	181.1621
		lb :	64.0209	435.7591	172.8379
		P^-1:
			0.1132	0.0277	0.0066
			0.0277	0.4007	0.1147
			0.0066	0.1147	0.1233
		A:
			0.4452	0.8377	0.3163
			-0.0282	-0.9007	-0.4336
			-0.6402	-0.6128	0.4632
			0.4996	0.8633	-0.0713
			0.2961	0.8878	0.3523
			0.4316	0.8756	0.2169
		b:
			454.3983
			-472.803
			-227.7626
			401.0868
			472.5048
			452.5121
	==================================================================================
	Q4:
		Shape: Ellipse
		q_c:	62.0	429.0	178.5
		ub :	68.0684	434.4543	184.4902
		lb :	55.9316	423.5457	172.5098
		P^-1:
			0.1073	-0.0389	0.0353
			-0.0389	0.0956	-0.0263
			0.0353	-0.0263	0.0595
	==================================================================================
	Q5:
		Shape: Polyhedra
		q_c:	74.0	435.0	180.0
		ub :	79.8877	441.1277	184.6542
		lb :	68.1123	428.8723	175.3458
		A:
			-0.5262	0.4841	-0.6991
			0.4882	0.6758	-0.5522
			-0.5126	-0.7816	0.3554
			0.1029	-0.746	-0.658
			-0.949	0.0227	0.3146
			-0.9819	0.0977	-0.1624
			0.7769	0.4792	0.4084
			0.5444	-0.8372	-0.0532
			0.3164	0.2637	-0.9112
			-0.7769	-0.4792	-0.4084
			-0.5444	0.8372	0.0532
			-0.3164	-0.2637	0.9112
		b:
			49.6864
			234.1754
			-310.4869
			-431.3959
			-0.047
			-55.7688
			342.4541
			-328.9684
			-22.3983
			-336.4541
			337.9684
			29.3983
	==================================================================================
	Q6:
		Shape: Ellipse
		q_c:	71.0	440.5	176.0
		ub :	76.1959	444.3439	181.5105
		lb :	65.8041	436.6561	170.4895
		P^-1:
			0.0956	-0.0048	0.0257
			-0.0048	0.1531	-0.0186
			0.0257	-0.0186	0.0849


===========================================================================================
===========================================================================================
S14:
	q_c:	354.0	21.5	89.5
	ub :	364.4615	31.3089	95.9623
	lb :	343.6848	12.4133	79.5957

	==================================================================================
	Q1:
		Shape: Hybrid
		q_c:	356.5	26.0	91.0
		ub :	360.04	31.3089	95.9623
		lb :	352.96	20.6911	86.0377
		P^-1:
			0.33	-0.0378	-0.1405
			-0.0378	0.1111	0.0915
			-0.1405	0.0915	0.2127
		A:
			0.9112	0.0344	-0.4106
			-0.2508	0.2248	0.9416
			0.5201	0.8022	-0.2933
			-0.2751	-0.7971	-0.5375
			0.4461	-0.5414	-0.7127
			-0.9894	0.0468	0.1376
		b:
			289.2969
			3.6925
			182.3568
			-165.8665
			81.1371
			-337.8428
	==================================================================================
	Q2:
		Shape: Hybrid
		q_c:	353.0	19.0	90.0
		ub :	356.7485	22.2966	93.3949
		lb :	349.2515	15.7034	86.6051
		P^-1:
			0.1838	0.0126	0.0377
			0.0126	0.1667	0.0199
			0.0377	0.0199	0.2195
		A:
			-0.4335	-0.0938	0.8962
			-0.9197	0.384	0.0814
			-0.0142	0.734	-0.679
			-0.1463	0.2805	0.9486
			-0.1657	-0.7632	-0.6245
			0.2784	-0.6346	-0.7209
		b:
			-72.7631
			-308.58
			-50.7322
			40.2718
			-127.9992
			22.6604
	==================================================================================
	Q3:
		Shape: Ellipse
		q_c:	348.0	20.5	84.5
		ub :	352.3152	25.1206	88.562
		lb :	343.6848	15.8794	80.438
		P^-1:
			0.1449	-0.0281	-0.0525
			-0.0281	0.1344	0.0437
			-0.0525	0.0437	0.1929
	==================================================================================
	Q4:
		Shape: Polyhedra
		q_c:	349.0	17.5	85.5
		ub :	354.1709	22.5867	90.0939
		lb :	343.8291	12.4133	80.9061
		A:
			0.6986	-0.4808	0.5299
			-0.5543	0.5879	-0.5892
			0.2025	0.783	-0.5882
			0.7546	-0.3225	0.5715
			-0.1634	-0.0786	0.9834
			-0.5208	-0.3293	0.7876
			0.763	0.6261	0.1605
			0.3335	-0.594	0.7321
			0.5537	-0.505	-0.6621
			-0.763	-0.6261	-0.1605
			-0.3335	0.594	-0.7321
			-0.5537	0.505	0.6621
		b:
			283.0422
			-231.3654
			36.4757
			308.9292
			28.8387
			-116.9891
			293.9734
			170.5732
			131.8087
			-287.9734
			-166.5732
			-123.8087
	==================================================================================
	Q5:
		Shape: Polyhedra
		q_c:	353.0	17.5	85.0
		ub :	355.4902	20.6621	87.3806
		lb :	350.5098	14.3379	82.6194
		A:
			-0.3649	-0.3164	0.8756
			0.3849	-0.183	0.9046
			0.9763	0.2063	-0.0655
			0.8542	-0.0667	0.5156
			0.7266	0.4552	-0.5146
			0.8405	-0.4956	0.2187
			0.0403	0.993	0.1109
			0.9482	-0.0031	-0.3177
			-0.3152	0.1179	-0.9417
			-0.0403	-0.993	-0.1109
			-0.9482	0.0031	0.3177
			0.3152	-0.1179	0.9417
		b:
			-58.1181
			211.06
			344.7177
			345.9319
			222.9016
			308.7427
			44.0451
			309.6451
			-187.7354
			-38.0451
			-305.6451
			190.7354
	==================================================================================
	Q6:
		Shape: Ellipse
		q_c:	359.0	23.0	84.5
		ub :	364.4615	27.8153	89.4043
		lb :	353.5385	18.1847	79.5957
		P^-1:
			0.1016	-0.0041	0.0131
			-0.0041	0.1093	0.0057
			0.0131	0.0057	0.0929


===========================================================================================
===========================================================================================
S15:
	q_c:	437.5	438.0	398.0
	ub :	442.2266	449.7586	411.9811
	lb :	426.7682	428.7818	385.155

	==================================================================================
	Q1:
		Shape: Hybrid
		q_c:	437.5	433.0	390.0
		ub :	442.2266	436.8139	394.3452
		lb :	432.7734	429.1861	385.6548
		P^-1:
			0.1111	-0.0	0.0
			-0.0	0.1111	0.0
			0.0	0.0	0.1111
		A:
			0.8365	-0.1811	0.5172
			0.1454	-0.2389	-0.9601
			0.271	0.1769	-0.9462
			-0.2345	0.7516	0.6166
			-0.0782	0.4514	0.8889
			0.1712	0.8664	0.4691
		b:
			490.7441
			-412.7824
			-172.348
			464.806
			509.401
			634.5081
	==================================================================================
	Q2:
		Shape: Ellipse
		q_c:	432.5	434.0	393.0
		ub :	437.52	439.2182	396.6112
		lb :	427.48	428.7818	389.3888
		P^-1:
			0.1223	0.0366	-0.0451
			0.0366	0.0866	-0.0414
			-0.0451	-0.0414	0.2148
	==================================================================================
	Q3:
		Shape: Polyhedra
		q_c:	434.5	436.5	393.0
		ub :	440.9747	441.5766	399.5298
		lb :	428.0253	431.4234	386.4702
		A:
			0.4319	-0.8996	0.0645
			0.0471	0.9981	-0.0406
			-0.1337	-0.9909	-0.0167
			-0.8287	0.1506	0.5391
			-0.5765	-0.4845	-0.6579
			0.0553	-0.6213	-0.7816
			0.3461	0.8642	0.3651
			0.8441	-0.1171	-0.5232
			-0.4094	0.4893	-0.7701
			-0.3461	-0.8642	-0.3651
			-0.8441	0.1171	0.5232
			0.4094	-0.4893	0.7701
		b:
			-175.9378
			443.4585
			-493.9818
			-77.9631
			-717.259
			-550.7684
			674.1089
			114.5486
			-262.9712
			-668.1089
			-105.5486
			270.9712
	==================================================================================
	Q4:
		Shape: Polyhedra
		q_c:	431.5	445.5	408.0
		ub :	436.2318	449.7586	411.9811
		lb :	426.7682	441.2414	404.0189
		A:
			-0.2346	-0.9455	0.226
			-0.3054	-0.6482	-0.6975
			-0.3996	-0.8885	-0.2257
			0.3218	0.4026	0.8569
			0.8833	0.419	0.2102
			-0.4291	-0.3695	-0.8242
			0.6457	0.2155	0.7326
			-0.6717	-0.296	0.6791
			0.3631	-0.9306	-0.0464
			-0.6457	-0.2155	-0.7326
			0.6717	0.296	-0.6791
			-0.3631	0.9306	0.0464
		b:
			-427.0511
			-702.8333
			-657.5831
			670.0765
			656.165
			-683.939
			675.4999
			-141.1175
			-273.7855
			-671.4999
			148.1175
			279.7855
	==================================================================================
	Q5:
		Shape: Polyhedra
		q_c:	438.0	434.0	393.5
		ub :	439.9108	438.536	398.0834
		lb :	436.0892	429.464	388.9166
		A:
			-0.9092	-0.1298	0.3956
			-0.7275	-0.6385	0.2509
			0.3453	0.4678	0.8136
			0.7406	0.0654	-0.6687
			0.8763	-0.1384	-0.4615
			-0.7701	-0.2744	0.5759
			0.0584	0.5394	0.84
			0.0709	0.8371	-0.5424
			-0.9958	0.0912	0.0107
			-0.0584	-0.5394	-0.84
			-0.0709	-0.8371	0.5424
			0.9958	-0.0912	-0.0107
		b:
			-296.9941
			-494.6029
			677.799
			92.0972
			144.2006
			-227.45
			593.7308
			183.9163
			-390.8508
			-586.7308
			-177.9163
			393.8508
	==================================================================================
	Q6:
		Shape: Polyhedra
		q_c:	438.0	433.0	388.5
		ub :	440.2475	436.447	391.845
		lb :	435.7525	429.553	385.155
		A:
			0.07	-0.9848	0.1588
			0.1152	-0.981	0.156
			0.9312	-0.3643	0.0128
			0.8486	-0.3841	-0.3637
			-0.7826	0.4317	-0.4485
			0.5355	0.731	-0.4229
			0.2665	0.6835	0.6796
			0.0696	0.6896	-0.7209
			-0.9613	0.2394	0.1362
			-0.2665	-0.6835	-0.6796
			-0.0696	-0.6896	0.7209
			0.9613	-0.2394	-0.1362
		b:
			-331.947
			-311.608
			256.62
			65.6818
			-328.3848
			388.8169
			679.2006
			51.0207
			-262.9589
			-674.2006
			-47.0207
			265.9589


===========================================================================================
===========================================================================================
S16:
	q_c:	99.5	277.0	461.5
	ub :	110.298	283.8409	471.7701
	lb :	93.6831	271.9385	456.0389

	==================================================================================
	Q1:
		Shape: Hybrid
		q_c:	97.0	281.0	465.5
		ub :	100.3169	283.5488	469.005
		lb :	93.6831	278.4512	461.995
		P^-1:
			0.2118	-0.0115	-0.043
			-0.0115	0.2466	-0.0129
			-0.043	-0.0129	0.2016
		A:
			0.3313	-0.5339	0.778
			0.155	0.8207	0.5499
			-0.7104	0.5944	-0.3767
			0.7843	0.4478	0.4294
			-0.9958	0.0674	0.0627
			-0.0706	0.7011	0.7095
		b:
			245.5071
			502.8667
			-76.0405
			403.1969
			-47.2718
			521.6551
	==================================================================================
	Q2:
		Shape: Hybrid
		q_c:	101.5	278.5	459.5
		ub :	105.2205	281.8806	462.9611
		lb :	97.7795	275.1194	456.0389
		P^-1:
			0.2248	-0.0131	0.0382
			-0.0131	0.2432	0.0198
			0.0382	0.0198	0.1919
		A:
			-0.8383	-0.5446	0.0261
			0.2866	0.2486	-0.9252
			0.9741	0.0601	0.2182
			0.4044	0.0035	0.9146
			-0.3427	-0.2362	-0.9093
			0.6666	-0.6681	-0.3305
		b:
			-223.5667
			-325.3484
			216.9338
			463.4167
			-517.2448
			-269.1723
	==================================================================================
	Q3:
		Shape: Polyhedra
		q_c:	106.5	275.5	468.0
		ub :	110.298	279.0615	471.7701
		lb :	102.702	271.9385	464.2299
		A:
			-0.1902	-0.2403	-0.9519
			0.361	-0.5583	-0.747
			0.1779	0.0796	0.9808
			-0.9815	0.1879	0.0354
			0.1647	0.9862	-0.0148
			-0.9286	0.2039	-0.3101
			0.7679	0.5578	0.315
			0.4746	-0.165	-0.8646
			-0.4303	0.8134	-0.3914
			-0.7679	-0.5578	-0.315
			-0.4746	0.165	0.8646
			0.4303	-0.8134	0.3914
		b:
			-529.5883
			-462.4994
			502.2948
			-33.8803
			284.6056
			-185.5788
			384.8851
			-397.0516
			-2.4017
			-380.8851
			402.0516
			7.4017
	==================================================================================
	Q4:
		Shape: Ellipse
		q_c:	100.0	280.0	461.5
		ub :	102.2109	283.8409	465.0356
		lb :	97.7891	276.1591	457.9644
		P^-1:
			0.4318	0.0528	0.0099
			0.0528	0.1713	0.0701
			0.0099	0.0701	0.2024
	==================================================================================
	Q5:
		Shape: Hybrid
		q_c:	100.5	275.0	467.5
		ub :	103.8871	278.0386	470.4887
		lb :	97.1129	271.9614	464.5113
		P^-1:
			0.25	-0.0	0.0
			-0.0	0.25	-0.0
			0.0	-0.0	0.25
		A:
			-0.1437	0.9674	0.2087
			0.6527	-0.7383	0.1697
			-0.8346	-0.4973	0.2368
			0.2117	0.8648	0.4554
			0.3169	0.1161	0.9413
			0.6968	0.4247	0.578
		b:
			350.151
			-57.1268
			-108.9259
			472.9709
			504.8474
			458.0587
	==================================================================================
	Q6:
		Shape: Polyhedra
		q_c:	102.0	276.0	466.0
		ub :	105.7165	279.8354	469.0143
		lb :	98.2835	272.1646	462.9857
		A:
			0.2708	0.4205	0.866
			-0.8627	-0.3719	-0.3428
			0.5782	0.8001	-0.1598
			-0.1174	-0.7319	0.6713
			-0.3922	-0.8979	-0.1999
			0.7398	0.5697	0.3579
			0.6721	0.6342	0.3823
			0.6989	-0.7138	-0.0445
			0.2447	0.2971	-0.923
			-0.6721	-0.6342	-0.3823
			-0.6989	0.7138	0.0445
			-0.2447	-0.2971	0.923
		b:
			549.1752
			-348.6729
			207.2047
			101.3775
			-379.1656
			401.0089
			423.221
			-143.4527
			-320.6702
			-420.221
			149.4527
			325.6702


===========================================================================================
===========================================================================================
S17:
	q_c:	299.5	458.5	94.0
	ub :	318.6872	470.8604	106.9976
	lb :	283.5562	447.3287	80.2967

	==================================================================================
	Q1:
		Shape: Ellipse
		q_c:	289.5	458.0	101.0
		ub :	295.4438	463.4427	106.5234
		lb :	283.5562	452.5573	95.4766
		P^-1:
			0.0777	-0.0425	-0.0349
			-0.0425	0.127	0.0027
			-0.0349	0.0027	0.1064
	==================================================================================
	Q2:
		Shape: Polyhedra
		q_c:	307.0	462.0	93.5
		ub :	310.6675	466.1331	98.3888
		lb :	303.3325	457.8669	88.6112
		A:
			0.6511	0.1593	-0.7421
			0.5518	0.5587	-0.6192
			-0.2849	-0.5716	0.7695
			0.2098	0.8211	-0.5309
			0.0892	-0.982	0.1666
			0.5057	-0.6133	0.6068
			0.2468	0.523	0.8158
			-0.9641	0.2174	0.1523
			-0.0978	-0.8242	0.5579
			-0.2468	-0.523	-0.8158
			0.9641	-0.2174	-0.1523
			0.0978	0.8242	-0.5579
		b:
			206.676
			371.4683
			-277.6694
			395.6461
			-408.5235
			-69.1441
			398.1534
			-178.7951
			-357.1144
			-389.1534
			183.7951
			360.1144
	==================================================================================
	Q3:
		Shape: Ellipse
		q_c:	303.5	466.0	101.0
		ub :	308.3623	470.8604	106.9976
		lb :	298.6377	461.1396	95.0024
		P^-1:
			0.0624	-0.0001	0.0019
			-0.0001	0.0624	0.002
			0.0019	0.002	0.0333
	==================================================================================
	Q4:
		Shape: Hybrid
		q_c:	305.0	455.0	91.0
		ub :	311.441	461.3589	95.9405
		lb :	298.559	448.6411	86.0595
		P^-1:
			0.0716	0.0205	-0.0138
			0.0205	0.0694	-0.0055
			-0.0138	-0.0055	0.1011
		A:
			0.1273	-0.7312	-0.6702
			-0.4879	-0.7789	0.394
			0.5388	0.8416	-0.037
			0.136	-0.5773	-0.8051
			0.8272	0.5618	0.0113
			0.065	-0.0597	-0.9961
		b:
			-352.6124
			-465.6114
			545.804
			-292.4257
			510.8376
			-96.3344
	==================================================================================
	Q5:
		Shape: Hybrid
		q_c:	303.5	462.0	92.0
		ub :	308.1576	466.1983	95.052
		lb :	298.8424	457.8017	88.948
		P^-1:
			0.0755	-0.0311	-0.0115
			-0.0311	0.1561	-0.0292
			-0.0115	-0.0292	0.2409
		A:
			-0.0386	0.9964	-0.075
			0.1925	0.5158	-0.8348
			0.2917	-0.352	0.8894
			-0.1488	-0.2465	-0.9576
			0.0312	0.4719	0.8811
			-0.0693	-0.9688	0.238
		b:
			443.3485
			221.145
			8.9446
			-245.7596
			309.9891
			-445.0793
	==================================================================================
	Q6:
		Shape: Polyhedra
		q_c:	310.0	453.0	89.0
		ub :	318.6872	458.6713	97.7033
		lb :	301.3128	447.3287	80.2967
		A:
			-0.3495	-0.065	-0.9347
			-0.3426	-0.0196	-0.9393
			-0.487	-0.5463	0.6814
			-0.4557	-0.8849	0.0966
			0.1993	0.935	-0.2933
			0.7913	-0.606	-0.0808
			0.6275	0.4397	0.6426
			-0.7207	0.0155	0.6931
			0.2948	-0.898	0.3266
			-0.6275	-0.4397	-0.6426
			0.7207	-0.0155	-0.6931
			-0.2948	0.898	-0.3266
		b:
			-216.1572
			-193.8564
			-332.0303
			-528.8892
			463.6504
			-31.2417
			455.3956
			-148.205
			-282.3381
			-446.3956
			161.205
			290.3381


===========================================================================================
===========================================================================================
S18:
	q_c:	154.5	34.0	29.0
	ub :	168.5216	45.9793	36.9049
	lb :	145.1529	23.4579	17.5083

	==================================================================================
	Q1:
		Shape: Hybrid
		q_c:	152.0	39.0	29.5
		ub :	158.8471	45.9793	36.9049
		lb :	145.1529	32.0207	22.0951
		P^-1:
			0.0674	0.0005	-0.0175
			0.0005	0.044	0.0055
			-0.0175	0.0055	0.0596
		A:
			-0.2104	0.5073	0.8357
			0.9081	0.4048	-0.1074
			0.5773	0.8052	-0.1352
			0.4691	-0.3553	-0.8085
			0.0369	0.3812	-0.9238
			-0.7945	0.054	0.6048
		b:
			14.7043
			152.8877
			117.851
			35.5523
			-4.0102
			-99.0667
	==================================================================================
	Q2:
		Shape: Polyhedra
		q_c:	155.0	37.0	32.5
		ub :	159.2832	41.2598	36.1023
		lb :	150.7168	32.7402	28.8977
		A:
			0.4153	-0.2801	0.8655
			0.2162	-0.2914	0.9319
			-0.8066	0.4358	0.3994
			-0.4052	0.7285	-0.5523
			0.6071	0.1756	0.775
			0.4449	-0.5302	0.7218
			0.2213	0.9678	0.1201
			0.933	-0.2459	0.2629
			0.2839	0.0539	-0.9573
			-0.2213	-0.9678	-0.1201
			-0.933	0.2459	-0.2629
			-0.2839	-0.0539	0.9573
		b:
			84.8863
			55.6761
			-93.0312
			-50.7368
			128.7207
			75.6979
			77.5067
			147.0537
			17.3928
			-70.5067
			-141.0537
			-12.3928
	==================================================================================
	Q3:
		Shape: Polyhedra
		q_c:	161.0	27.5	30.0
		ub :	164.6915	31.5421	33.6094
		lb :	157.3085	23.4579	26.3906
		A:
			0.7731	0.3529	-0.527
			-0.8988	0.0601	0.4343
			0.7229	-0.6805	0.1195
			-0.8584	-0.4997	-0.116
			0.0625	-0.668	-0.7415
			-0.8283	0.1435	-0.5416
			0.718	0.5111	0.4725
			0.6159	-0.1504	-0.7733
			-0.3242	0.8463	-0.4227
			-0.718	-0.5111	-0.4725
			-0.6159	0.1504	0.7733
			0.3242	-0.8463	0.4227
		b:
			120.2862
			-128.2629
			103.9894
			-153.0242
			-28.454
			-142.9629
			146.3308
			73.3274
			-38.6026
			-141.3308
			-70.3274
			44.6026
	==================================================================================
	Q4:
		Shape: Hybrid
		q_c:	157.5	33.0	30.5
		ub :	162.3475	38.3883	33.1718
		lb :	152.6525	27.6117	27.8282
		P^-1:
			0.168	-0.1062	-0.0011
			-0.1062	0.1427	-0.074
			-0.0011	-0.074	0.4237
		A:
			0.5479	0.3126	-0.776
			-0.8863	0.2157	0.4099
			-0.1276	-0.6144	0.7786
			0.4003	0.2013	-0.894
			-0.505	0.742	-0.441
			0.7518	-0.3716	-0.5447
		b:
			74.9375
			-118.2134
			-14.8247
			43.7302
			-67.2802
			90.7875
	==================================================================================
	Q5:
		Shape: Polyhedra
		q_c:	163.0	32.0	23.5
		ub :	168.5216	38.0924	29.4917
		lb :	157.4784	25.9076	17.5083
		A:
			0.5623	0.4517	-0.6927
			-0.7017	-0.2575	0.6643
			0.2703	-0.0507	-0.9614
			0.1028	0.9705	0.2183
			-0.5448	-0.603	-0.5827
			-0.8044	0.4467	-0.3916
			0.8162	0.429	0.3871
			-0.5768	0.5657	0.5893
			0.0338	-0.7042	0.7092
			-0.8162	-0.429	-0.3871
			0.5768	-0.5657	-0.5893
			-0.0338	0.7042	-0.7092
		b:
			93.3956
			-103.4992
			23.1022
			56.6414
			-117.4707
			-122.2163
			160.3609
			-59.0686
			3.1454
			-151.3609
			65.0686
			3.8546
	==================================================================================
	Q6:
		Shape: Hybrid
		q_c:	150.5	37.0	26.5
		ub :	155.0075	41.6254	31.3759
		lb :	145.9925	32.3746	21.6241
		P^-1:
			0.1398	-0.0071	-0.023
			-0.0071	0.1129	0.0057
			-0.023	0.0057	0.1296
		A:
			0.584	0.7748	-0.2421
			-0.4083	0.8929	0.19
			0.7869	0.5009	0.3605
			-0.1791	0.2181	0.9594
			-0.4683	0.8617	0.1953
			-0.7408	-0.1105	0.6626
		b:
			111.8052
			-21.8018
			148.2221
			8.0055
			-31.8579
			-96.7238


===========================================================================================
===========================================================================================
S19:
	q_c:	236.0	243.0	191.5
	ub :	242.8961	252.0049	197.7145
	lb :	230.4682	238.6798	185.2773

	==================================================================================
	Q1:
		Shape: Polyhedra
		q_c:	238.5	242.0	194.5
		ub :	240.4344	245.3202	197.7145
		lb :	236.5656	238.6798	191.2855
		A:
			-0.9508	-0.0588	0.3042
			-0.9709	-0.1698	0.1687
			0.6554	-0.1118	0.747
			0.8079	0.5793	0.1085
			-0.6946	0.4559	-0.5564
			-0.7703	0.4863	-0.4125
			0.1978	0.6454	0.7378
			0.2454	0.6961	-0.6747
			-0.949	0.3145	-0.0206
			-0.1978	-0.6454	-0.7378
			-0.2454	-0.6961	0.6747
			0.949	-0.3145	0.0206
		b:
			-180.5419
			-238.5067
			276.407
			355.9256
			-162.0842
			-144.958
			349.3674
			97.7547
			-153.2417
			-344.3674
			-93.7547
			155.2417
	==================================================================================
	Q2:
		Shape: Hybrid
		q_c:	234.0	243.5	195.0
		ub :	237.5318	246.7897	197.6813
		lb :	230.4682	240.2103	192.3187
		P^-1:
			0.2496	0.0048	-0.1094
			0.0048	0.2439	0.0692
			-0.1094	0.0692	0.361
		A:
			-0.3655	-0.6379	0.6778
			0.6957	0.4702	0.5431
			-0.3217	-0.5336	-0.7821
			0.3175	0.8095	0.4939
			0.1852	0.6479	-0.7389
			-0.197	-0.9718	0.1296
		b:
			-107.4693
			384.5614
			-356.591
			368.8562
			58.3414
			-256.1141
	==================================================================================
	Q3:
		Shape: Polyhedra
		q_c:	234.5	245.0	188.5
		ub :	237.3604	247.9855	191.6876
		lb :	231.6396	242.0145	185.3124
		A:
			0.3759	-0.9265	0.0173
			0.5118	-0.2212	0.8302
			-0.9706	-0.0587	0.2334
			0.4072	0.5722	-0.7119
			-0.7727	-0.1844	-0.6074
			0.5282	0.693	-0.4906
			0.7188	0.5359	0.443
			0.2378	-0.7882	0.5676
			0.6533	-0.3027	-0.694
			-0.7188	-0.5359	-0.443
			-0.2378	0.7882	-0.5676
			-0.6533	0.3027	0.694
		b:
			-133.5922
			224.1379
			-196.1673
			103.4189
			-339.279
			203.0357
			384.8373
			-28.345
			-49.7612
			-381.8373
			32.345
			53.7612
	==================================================================================
	Q4:
		Shape: Ellipse
		q_c:	239.5	245.0	188.5
		ub :	242.8961	247.8065	190.0628
		lb :	236.1039	242.1935	186.9372
		P^-1:
			0.3075	0.2808	0.7887
			0.2808	0.5652	1.0223
			0.7887	1.0223	3.4883
	==================================================================================
	Q5:
		Shape: Hybrid
		q_c:	237.5	247.5	188.5
		ub :	241.8589	252.0049	191.7227
		lb :	233.1411	242.9951	185.2773
		P^-1:
			0.179	0.045	-0.0397
			0.045	0.1025	-0.0207
			-0.0397	-0.0207	0.2101
		A:
			0.2531	0.7955	-0.5506
			0.2325	-0.5779	-0.7823
			0.6667	0.701	0.2532
			0.2342	0.1466	-0.9611
			-0.9178	0.0362	0.3953
			0.2789	0.1895	-0.9414
		b:
			154.855
			-233.4429
			381.1514
			-88.165
			-133.1078
			-63.2401
	==================================================================================
	Q6:
		Shape: Hybrid
		q_c:	235.0	247.0	191.5
		ub :	237.7796	250.2868	194.9095
		lb :	232.2204	243.7132	188.0905
		P^-1:
			0.25	-0.0	-0.0
			-0.0	0.25	-0.0
			-0.0	-0.0	0.25
		A:
			0.4754	0.8009	-0.3641
			-0.055	-0.8146	0.5774
			0.0759	-0.9886	-0.1303
			-0.1827	0.9149	-0.3599
			-0.1337	-0.7197	0.6813
			-0.3173	-0.9276	0.1971
		b:
			240.8072
			-102.5608
			-250.2965
			115.1315
			-77.7294
			-264.952


===========================================================================================
===========================================================================================
S20:
	q_c:	237.5	154.0	259.0
	ub :	250.773	165.3299	273.595
	lb :	224.748	145.3263	248.1154

	==================================================================================
	Q1:
		Shape: Ellipse
		q_c:	233.5	153.5	267.0
		ub :	239.1869	159.2226	269.9218
		lb :	227.8131	147.7774	264.0782
		P^-1:
			0.0825	0.0157	-0.0836
			0.0157	0.0749	-0.0658
			-0.0836	-0.0658	0.4121
	==================================================================================
	Q2:
		Shape: Polyhedra
		q_c:	232.0	150.0	266.0
		ub :	235.8891	154.6737	268.6926
		lb :	228.1109	145.3263	263.3074
		A:
			0.9329	0.1408	0.3315
			0.5691	0.3443	0.7467
			-0.8922	-0.446	-0.0714
			0.0706	0.1312	0.9888
			0.9855	-0.1394	0.0964
			0.5395	0.5846	0.6059
			0.6429	0.24	0.7274
			-0.4066	0.9117	0.0585
			-0.6491	-0.3334	0.6837
			-0.6429	-0.24	-0.7274
			0.4066	-0.9117	-0.0585
			0.6491	0.3334	-0.6837
		b:
			327.5536
			383.8744
			-291.1233
			300.8752
			235.9177
			376.0257
			380.1383
			61.9847
			-16.7294
			-377.1383
			-53.9847
			20.7294
	==================================================================================
	Q3:
		Shape: Ellipse
		q_c:	230.5	157.5	252.5
		ub :	236.252	162.8338	256.4369
		lb :	224.748	152.1662	248.5631
		P^-1:
			0.0698	0.0848	0.1084
			0.0848	0.4026	0.4515
			0.1084	0.4515	0.6264
	==================================================================================
	Q4:
		Shape: Ellipse
		q_c:	236.5	157.0	265.5
		ub :	245.6375	165.3299	273.595
		lb :	227.3625	148.6701	257.405
		P^-1:
			0.0338	0.0167	-0.0171
			0.0167	0.0568	-0.0386
			-0.0171	-0.0386	0.0719
	==================================================================================
	Q5:
		Shape: Hybrid
		q_c:	247.0	157.5	261.0
		ub :	250.6417	163.0331	267.3615
		lb :	243.3583	151.9669	254.6385
		P^-1:
			0.1134	-0.0101	0.0036
			-0.0101	0.1218	-0.0564
			0.0036	-0.0564	0.069
		A:
			-0.3838	-0.9204	0.0743
			-0.1503	0.8589	-0.4896
			0.0313	0.5767	-0.8164
			-0.0219	0.892	-0.4515
			-0.0492	-0.9589	-0.2793
			0.3116	0.9343	-0.1729
		b:
			-218.1762
			-28.3721
			-112.6478
			18.5366
			-232.8682
			180.9245
	==================================================================================
	Q6:
		Shape: Ellipse
		q_c:	245.0	151.0	254.0
		ub :	250.773	156.4553	259.8846
		lb :	239.227	145.5447	248.1154
		P^-1:
			0.1997	0.0514	0.1985
			0.0514	0.0738	0.0479
			0.1985	0.0479	0.2612


===========================================================================================
===========================================================================================
S21:
	q_c:	226.5	185.0	44.0
	ub :	237.0677	193.3614	53.7749
	lb :	223.0755	180.4811	35.882

	==================================================================================
	Q1:
		Shape: Hybrid
		q_c:	226.5	184.0	50.5
		ub :	229.9245	187.5189	53.7749
		lb :	223.0755	180.4811	47.2251
		P^-1:
			0.1125	-0.0047	-0.0075
			-0.0047	0.1817	-0.0396
			-0.0075	-0.0396	0.2269
		A:
			0.2977	0.0748	-0.9517
			-0.2128	-0.2913	0.9327
			0.5883	-0.3094	0.7471
			0.3465	-0.7401	0.5763
			0.5051	0.3843	-0.7728
			0.037	-0.9349	0.3529
		b:
			34.276
			-53.6495
			115.4778
			-27.3906
			147.3463
			-144.6154
	==================================================================================
	Q2:
		Shape: Polyhedra
		q_c:	231.5	189.5	40.5
		ub :	235.3558	193.3614	45.118
		lb :	227.6442	185.6386	35.882
		A:
			0.5224	-0.6729	0.5237
			-0.4314	-0.8159	-0.3848
			0.2794	-0.5111	-0.8129
			-0.9019	-0.3761	0.2125
			0.5616	-0.7259	-0.3971
			0.2827	-0.9579	0.0498
			0.2163	0.7718	0.598
			-0.319	0.6347	-0.7038
			-0.9228	-0.0385	0.3834
			-0.2163	-0.7718	-0.598
			0.319	-0.6347	0.7038
			0.9228	0.0385	-0.3834
		b:
			18.0629
			-268.0162
			-62.8952
			-268.9892
			-21.1902
			-111.1365
			222.5343
			21.4408
			-202.8911
			-218.5343
			-14.4408
			207.8911
	==================================================================================
	Q3:
		Shape: Ellipse
		q_c:	230.5	186.5	45.5
		ub :	234.3189	189.1259	50.7762
		lb :	226.6811	183.8741	40.2238
		P^-1:
			0.1495	0.0068	-0.0319
			0.0068	0.2464	0.0257
			-0.0319	0.0257	0.0635
	==================================================================================
	Q4:
		Shape: Hybrid
		q_c:	234.5	184.5	49.0
		ub :	237.0677	188.1498	52.2872
		lb :	231.9323	180.8502	45.7128
		P^-1:
			0.4159	-0.0398	-0.0707
			-0.0398	0.1342	-0.0386
			-0.0707	-0.0386	0.2555
		A:
			-0.8431	0.4855	0.2313
			0.8066	0.5532	0.2082
			0.6438	0.3698	-0.6699
			-0.9542	-0.0061	-0.299
			0.9126	0.2384	-0.3321
			-0.5111	-0.5576	0.6541
		b:
			-95.7549
			303.1191
			187.4066
			-238.4614
			242.664
			-189.4364
	==================================================================================
	Q5:
		Shape: Polyhedra
		q_c:	232.0	184.5	40.0
		ub :	234.7408	187.936	43.2615
		lb :	229.2592	181.064	36.7385
		A:
			-0.6278	0.2368	0.7415
			-0.432	-0.8854	-0.1715
			-0.0886	0.5382	0.8381
			0.7913	0.4823	0.3758
			0.863	-0.4307	-0.2642
			-0.5759	-0.5769	0.5792
			0.5103	0.5206	0.6845
			-0.8239	0.0679	0.5627
			0.2465	-0.8511	0.4636
			-0.5103	-0.5206	-0.6845
			0.8239	-0.0679	-0.5627
			-0.2465	0.8511	-0.4636
		b:
			-70.8067
			-268.3421
			113.7995
			289.0987
			112.0845
			-214.6833
			243.3343
			-154.6153
			-78.2923
			-240.3343
			157.6153
			84.2923
	==================================================================================
	Q6:
		Shape: Polyhedra
		q_c:	232.0	187.0	41.0
		ub :	235.0582	190.2281	43.8042
		lb :	228.9418	183.7719	38.1958
		A:
			-0.3714	0.0266	-0.9281
			0.1067	-0.7412	0.6627
			0.4119	0.6883	-0.5971
			0.7342	-0.1315	0.6661
			0.305	0.6358	-0.7091
			0.273	0.925	-0.2645
			0.8118	0.5306	0.244
			0.1389	-0.5812	0.8018
			0.5672	-0.617	-0.5455
			-0.8118	-0.5306	-0.244
			-0.1389	0.5812	-0.8018
			-0.5672	0.617	0.5455
		b:
			-117.8424
			-85.5759
			201.0395
			174.3745
			161.7696
			226.9064
			299.0514
			-42.5815
			-3.1495
			-296.0514
			44.5815
			9.1495


===========================================================================================
===========================================================================================
S22:
	q_c:	268.5	197.5	120.5
	ub :	279.0146	208.7054	132.6756
	lb :	257.2706	184.0149	115.37

	==================================================================================
	Q1:
		Shape: Polyhedra
		q_c:	262.5	190.0	125.5
		ub :	267.7294	195.9851	131.5382
		lb :	257.2706	184.0149	119.4618
		A:
			-0.5963	0.7186	0.3577
			-0.0272	0.9603	-0.2777
			0.1589	-0.9396	0.3033
			-0.9717	-0.229	0.0573
			0.8466	0.3304	-0.4174
			0.0177	-0.9989	0.0424
			0.2095	0.6567	0.7244
			-0.5799	0.68	-0.4488
			-0.7873	-0.3261	0.5233
			-0.2095	-0.6567	-0.7244
			0.5799	-0.68	0.4488
			0.7873	0.3261	-0.5233
		b:
			28.5213
			143.9736
			-95.2252
			-288.21
			235.63
			-176.1728
			274.6827
			-75.8472
			-199.9566
			-266.6827
			82.8472
			205.9566
	==================================================================================
	Q2:
		Shape: Hybrid
		q_c:	273.5	199.0	128.0
		ub :	277.1892	203.3176	132.6756
		lb :	269.8108	194.6824	123.3244
		P^-1:
			0.1752	0.0372	0.012
			0.0372	0.1704	0.073
			0.012	0.073	0.1461
		A:
			0.8844	-0.2692	0.3812
			0.5819	0.7315	0.3553
			-0.6979	-0.5231	-0.4891
			-0.9466	-0.2741	-0.1698
			-0.865	-0.3729	0.3358
			-0.7011	0.6682	0.2488
		b:
			238.9745
			351.2663
			-356.5124
			-333.8984
			-266.253
			-25.3018
	==================================================================================
	Q3:
		Shape: Ellipse
		q_c:	269.0	200.0	124.5
		ub :	274.2794	203.9502	130.19
		lb :	263.7206	196.0498	118.81
		P^-1:
			0.0929	-0.0036	0.0277
			-0.0036	0.0821	-0.0015
			0.0277	-0.0015	0.0671
	==================================================================================
	Q4:
		Shape: Ellipse
		q_c:	271.0	204.5	124.0
		ub :	275.6677	208.7054	127.359
		lb :	266.3323	200.2946	120.641
		P^-1:
			1.0156	1.3203	-1.0449
			1.3203	1.8916	-1.4493
			-1.0449	-1.4493	1.237
	==================================================================================
	Q5:
		Shape: Polyhedra
		q_c:	271.5	200.0	124.0
		ub :	276.6199	205.2462	128.89
		lb :	266.3801	194.7538	119.11
		A:
			0.283	-0.0565	-0.9575
			0.2181	-0.6193	0.7543
			-0.1789	0.7917	-0.5842
			0.6104	0.639	-0.4681
			0.1888	-0.1534	0.97
			-0.5949	-0.2029	0.7778
			0.0318	0.9054	0.4234
			0.2598	0.4016	-0.8782
			-0.9651	0.1379	-0.2224
			-0.0318	-0.9054	-0.4234
			-0.2598	-0.4016	0.8782
			0.9651	-0.1379	0.2224
		b:
			-50.3095
			32.0309
			40.5958
			238.6313
			143.9247
			-102.7529
			246.2219
			44.4404
			-257.5263
			-238.2219
			-39.4404
			266.5263
	==================================================================================
	Q6:
		Shape: Hybrid
		q_c:	273.0	191.0	121.5
		ub :	279.0146	197.0851	127.63
		lb :	266.9854	184.9149	115.37
		P^-1:
			0.0794	-0.0049	0.0038
			-0.0049	0.0711	0.0082
			0.0038	0.0082	0.0753
		A:
			0.4068	0.8798	0.2457
			0.1033	-0.8202	-0.5627
			0.0773	0.6101	0.7886
			-0.6645	0.7433	0.077
			0.2116	0.1694	-0.9626
			0.1486	-0.7921	-0.592
		b:
			310.9351
			-195.0491
			235.1887
			-28.2787
			-24.7795
			-180.8978


===========================================================================================
===========================================================================================
S23:
	q_c:	473.0	451.5	265.5
	ub :	479.7225	460.9446	274.1268
	lb :	465.8381	441.9825	259.3921

	==================================================================================
	Q1:
		Shape: Polyhedra
		q_c:	468.5	446.5	263.0
		ub :	471.1619	449.0776	265.5494
		lb :	465.8381	443.9224	260.4506
		A:
			-0.7704	0.4909	-0.4068
			0.3078	-0.8873	0.3434
			0.8899	0.1186	0.4405
			-0.0879	-0.8421	-0.5321
			0.2853	-0.9563	0.0643
			-0.1782	-0.9823	-0.057
			0.5952	0.6825	0.4241
			-0.3376	-0.2665	0.9028
			0.7292	-0.6805	0.0718
			-0.5952	-0.6825	-0.4241
			0.3376	0.2665	-0.9028
			-0.7292	0.6805	-0.0718
		b:
			-247.2228
			-160.073
			587.2221
			-555.6026
			-274.8504
			-535.5637
			696.6516
			-37.7487
			58.1376
			-693.6516
			41.7487
			-55.1376
	==================================================================================
	Q2:
		Shape: Polyhedra
		q_c:	474.5	446.5	263.5
		ub :	479.7225	451.0175	267.6079
		lb :	469.2775	441.9825	259.3921
		A:
			-0.2073	0.3924	0.8962
			0.1057	0.9897	0.0964
			0.9612	-0.2751	0.0221
			0.3288	0.1967	-0.9237
			0.6698	0.4881	-0.5596
			0.799	0.5942	-0.092
			0.7809	0.5895	0.2068
			0.5665	-0.8077	0.1634
			0.2634	-0.0104	-0.9646
			-0.7809	-0.5895	-0.2068
			-0.5665	0.8077	-0.1634
			-0.2634	0.0104	0.9646
		b:
			316.0177
			520.6866
			342.2344
			3.4475
			391.564
			623.6813
			691.7155
			-45.8212
			-130.868
			-684.7155
			51.8212
			136.868
	==================================================================================
	Q3:
		Shape: Polyhedra
		q_c:	476.0	456.5	270.0
		ub :	479.722	460.9446	274.1268
		lb :	472.278	452.0554	265.8732
		A:
			0.5115	-0.6987	-0.5003
			0.319	0.0033	-0.9478
			-0.141	-0.9494	0.2807
			0.2556	-0.1167	0.9597
			0.6161	-0.3346	-0.7131
			-0.4607	0.1793	-0.8693
			0.0936	0.7114	0.6965
			-0.9736	0.2117	-0.0854
			-0.2082	-0.6701	0.7125
			-0.0936	-0.7114	-0.6965
			0.9736	-0.2117	0.0854
			0.2082	0.6701	-0.7125
		b:
			-207.5418
			-99.8027
			-422.0665
			330.2906
			-49.1008
			-369.336
			560.3747
			-386.8592
			-210.1298
			-554.3747
			392.8592
			215.1298
	==================================================================================
	Q4:
		Shape: Hybrid
		q_c:	474.5	449.5	270.0
		ub :	477.4132	452.9858	271.7437
		lb :	471.5868	446.0142	268.2563
		P^-1:
			0.6965	-0.4311	0.0008
			-0.4311	0.386	-0.0281
			0.0008	-0.0281	0.4436
		A:
			-0.7828	0.3582	0.5089
			0.6815	-0.5199	-0.515
			0.6932	-0.0423	-0.7195
			0.8643	-0.5027	0.0151
			-0.7934	0.2906	-0.5348
			-0.7397	0.2551	-0.6227
		b:
			-72.2618
			-48.6771
			116.8178
			188.7539
			-389.318
			-403.4962
	==================================================================================
	Q5:
		Shape: Ellipse
		q_c:	470.5	448.0	266.0
		ub :	472.8786	450.1545	268.5808
		lb :	468.1214	445.8455	263.4192
		P^-1:
			0.4444	0.0	0.0
			0.0	0.4444	0.0
			0.0	0.0	0.4444
	==================================================================================
	Q6:
		Shape: Polyhedra
		q_c:	471.0	447.5	265.5
		ub :	474.2875	450.6727	269.472
		lb :	467.7125	444.3273	261.528
		A:
			-0.3843	0.8746	0.2955
			0.0485	0.6871	-0.725
			0.3745	0.6681	-0.643
			-0.6395	0.5837	-0.5004
			0.7714	-0.5557	0.3099
			0.1458	0.9544	-0.2604
			0.3206	0.355	0.8782
			-0.249	0.9261	-0.2835
			-0.9139	-0.1278	0.3853
			-0.3206	-0.355	-0.8782
			0.249	-0.9261	0.2835
			0.9139	0.1278	-0.3853
		b:
			291.086
			140.0274
			306.6607
			-170.6381
			199.0753
			428.6721
			545.9967
			223.8954
			-383.3629
			-539.9967
			-219.8954
			387.3629


===========================================================================================
===========================================================================================
S24:
	q_c:	443.5	256.0	490.0
	ub :	462.6917	274.7193	510.0277
	lb :	429.6555	236.4261	469.9768

	==================================================================================
	Q1:
		Shape: Ellipse
		q_c:	450.0	263.0	498.0
		ub :	457.3446	269.5459	504.622
		lb :	442.6554	256.4541	491.378
		P^-1:
			0.0546	-0.0015	-0.0098
			-0.0015	0.0498	0.004
			-0.0098	0.004	0.0475
	==================================================================================
	Q2:
		Shape: Polyhedra
		q_c:	453.5	251.5	481.0
		ub :	462.6917	259.3302	491.4324
		lb :	444.3083	243.6698	470.5676
		A:
			0.767	-0.6059	0.2113
			-0.6982	0.6908	-0.1879
			-0.6659	0.2414	0.7059
			0.6126	-0.7849	0.0933
			-0.4004	0.6638	-0.6317
			0.4064	-0.8562	-0.319
			0.4237	0.5463	0.7225
			-0.869	0.02	0.4945
			0.2557	-0.8373	0.4832
			-0.4237	-0.5463	-0.7225
			0.869	-0.02	-0.4945
			-0.2557	0.8373	-0.4832
		b:
			301.7595
			-228.7728
			104.1511
			129.7674
			-314.0842
			-178.7249
			685.0733
			-145.6897
			141.8003
			-669.0733
			156.6897
			-133.8003
	==================================================================================
	Q3:
		Shape: Hybrid
		q_c:	438.5	249.5	499.0
		ub :	447.3445	260.5434	510.0277
		lb :	429.6555	238.4566	487.9723
		P^-1:
			0.0277	-0.0077	-0.0055
			-0.0077	0.0275	0.0071
			-0.0055	0.0071	0.023
		A:
			-0.8064	0.3879	-0.4464
			0.856	0.1843	-0.483
			0.8475	-0.3598	0.3903
			-0.2076	0.6	0.7726
			-0.5084	0.861	-0.0125
			-0.9572	0.2191	0.1891
		b:
			-475.4046
			184.2889
			480.6917
			447.3014
			-11.0826
			-267.4533
	==================================================================================
	Q4:
		Shape: Hybrid
		q_c:	454.0	243.5	477.5
		ub :	459.0062	250.5739	485.0232
		lb :	448.9938	236.4261	469.9768
		P^-1:
			0.338	0.0992	0.1472
			0.0992	0.0806	0.0592
			0.1472	0.0592	0.0989
		A:
			-0.9998	-0.0153	0.0102
			0.8903	0.0283	0.4544
			-0.9935	-0.0406	-0.106
			-0.8384	0.4419	-0.3192
			0.8807	0.4569	0.1252
			-0.7715	0.4456	0.4541
		b:
			-450.5794
			629.3528
			-509.8293
			-422.6746
			572.6685
			-21.0017
	==================================================================================
	Q5:
		Shape: Polyhedra
		q_c:	439.0	250.5	480.5
		ub :	446.3387	258.7753	488.167
		lb :	431.6613	242.2247	472.833
		A:
			-0.5012	-0.511	-0.6984
			-0.9073	-0.0008	0.4204
			-0.3018	-0.4701	0.8294
			-0.6762	-0.382	0.6299
			0.1239	0.2308	0.9651
			-0.4433	0.3102	-0.841
			0.1158	0.7336	0.6696
			0.575	0.5002	-0.6474
			-0.8099	0.46	-0.3639
			-0.1158	-0.7336	-0.6696
			-0.575	-0.5002	0.6474
			0.8099	-0.46	0.3639
		b:
			-677.9039
			-192.1252
			151.3849
			-87.2194
			581.1337
			-515.24
			561.8489
			69.1433
			-408.694
			-550.8489
			-64.1433
			421.694
	==================================================================================
	Q6:
		Shape: Hybrid
		q_c:	445.0	266.0	493.5
		ub :	452.7171	274.7193	502.8445
		lb :	437.2829	257.2807	484.1555
		P^-1:
			0.0382	0.0033	0.0123
			0.0033	0.0213	0.0035
			0.0123	0.0035	0.0339
		A:
			0.4197	0.9033	-0.0889
			-0.4644	-0.5282	-0.7109
			-0.8762	0.4507	0.1707
			0.1974	-0.9433	-0.267
			0.314	0.2235	0.9227
			0.2885	0.6298	0.7211
		b:
			387.5335
			-695.1621
			-181.8504
			-290.2656
			657.3965
			655.0556


===========================================================================================
===========================================================================================
S25:
	q_c:	508.0	367.5	128.5
	ub :	523.0006	381.1865	147.942
	lb :	495.8908	346.1369	110.6478

	==================================================================================
	Q1:
		Shape: Polyhedra
		q_c:	509.0	374.5	130.5
		ub :	515.011	381.1865	138.1725
		lb :	502.989	367.8135	122.8275
		A:
			0.3265	0.9403	0.0963
			0.3089	0.7063	-0.6369
			-0.3848	-0.1771	0.9059
			-0.2607	0.6292	-0.7322
			-0.7918	0.4003	-0.4614
			0.5003	0.8615	-0.087
			0.9102	0.4138	0.0145
			0.3737	-0.8359	0.402
			0.1784	-0.3605	-0.9155
			-0.9102	-0.4138	-0.0145
			-0.3737	0.8359	-0.402
			-0.1784	0.3605	0.9155
		b:
			535.1138
			342.7645
			-137.7884
			11.2884
			-309.8691
			569.7128
			624.1793
			-67.4035
			-156.6535
			-616.1793
			73.4035
			170.6535
	==================================================================================
	Q2:
		Shape: Hybrid
		q_c:	514.0	370.5	124.0
		ub :	522.4037	378.2895	130.7931
		lb :	505.5963	362.7105	117.2069
		P^-1:
			0.0431	-0.0008	-0.0123
			-0.0008	0.04	0.0064
			-0.0123	0.0064	0.0525
		A:
			-0.3909	-0.444	-0.8063
			-0.4962	-0.6355	-0.5915
			0.3596	0.6565	-0.6631
			-0.5493	0.026	0.8352
			0.2818	0.0775	0.9563
			-0.3834	0.6517	0.6544
		b:
			-462.5106
			-560.9117
			348.6742
			-167.0863
			295.0396
			127.7585
	==================================================================================
	Q3:
		Shape: Hybrid
		q_c:	515.5	364.5	139.5
		ub :	520.787	368.1787	147.942
		lb :	510.213	360.8213	131.058
		P^-1:
			0.0687	0.0244	0.0059
			0.0244	0.1531	0.0061
			0.0059	0.0061	0.0164
		A:
			-0.234	0.9374	0.2578
			0.3181	-0.9419	-0.108
			-0.4461	-0.2224	-0.8669
			-0.0808	-0.9866	0.142
			0.2951	0.0783	0.9522
			0.3586	0.876	-0.3224
		b:
			259.2273
			-192.4945
			-426.4139
			-379.8009
			319.7529
			461.7806
	==================================================================================
	Q4:
		Shape: Polyhedra
		q_c:	508.0	372.0	117.5
		ub :	514.0663	378.9319	124.3522
		lb :	501.9337	365.0681	110.6478
		A:
			-0.8973	0.2956	-0.3277
			0.5083	0.0857	0.8569
			0.0068	-0.5659	0.8244
			0.6456	0.4206	-0.6374
			0.6198	0.7248	0.301
			0.8768	0.3329	0.3468
			0.2673	0.6216	0.7363
			-0.8959	-0.121	0.4274
			0.3548	-0.7739	0.5246
			-0.2673	-0.6216	-0.7363
			0.8959	0.121	-0.4274
			-0.3548	0.7739	-0.5246
		b:
			-379.4503
			394.9665
			-104.6912
			413.6419
			623.1094
			613.5005
			456.5557
			-446.4116
			-40.0545
			-450.5557
			453.4116
			52.0545
	==================================================================================
	Q5:
		Shape: Polyhedra
		q_c:	501.0	356.0	137.0
		ub :	506.1092	361.2803	142.452
		lb :	495.8908	350.7197	131.548
		A:
			-0.8094	0.0002	0.5873
			0.2171	-0.9632	0.1587
			-0.864	0.5027	0.0278
			0.9269	0.2195	-0.3044
			0.8904	0.3814	0.2484
			-0.46	-0.8837	-0.086
			0.7629	0.6117	0.2094
			-0.1026	-0.2052	0.9733
			0.6384	-0.764	-0.0938
			-0.7629	-0.6117	-0.2094
			0.1026	0.2052	-0.9733
			-0.6384	0.764	0.0938
		b:
			-321.1424
			-209.3679
			-247.3817
			504.6609
			619.8338
			-553.0313
			632.6521
			13.368
			37.4851
			-624.6521
			-4.368
			-32.4851
	==================================================================================
	Q6:
		Shape: Polyhedra
		q_c:	514.5	355.0	133.0
		ub :	523.0006	363.8631	141.027
		lb :	505.9994	346.1369	124.973
		A:
			-0.6273	0.1205	-0.7694
			0.1416	0.5896	-0.7952
			-0.681	-0.6495	-0.3381
			-0.0752	-0.3143	0.9463
			0.07	0.996	-0.0548
			-0.3049	-0.9507	-0.0558
			0.1613	0.8032	0.5734
			0.0113	0.5795	-0.8149
			-0.9868	0.1379	0.0844
			-0.1613	-0.8032	-0.5734
			-0.0113	-0.5795	0.8149
			0.9868	-0.1379	-0.0844
		b:
			-376.2814
			180.9894
			-619.1394
			-19.6905
			388.1268
			-495.7345
			450.8942
			107.6446
			-440.0481
			-437.8942
			-98.6446
			455.0481


===========================================================================================
===========================================================================================
