3D_40_20_6_c                l = 3

===========================================================================================
===========================================================================================
S1:
	q_c:    236.0000    243.0000    191.5000
	ub :    240.0000    264.0000    215.0000
	lb :    232.0000    222.0000    168.0000

	==================================================================================
	Q1:
		Shape: Polyhedra
		q_c:    238.5000    242.0000    194.5000
		ub :    240.4344    245.3202    197.7145
		lb :    236.5656    238.6798    191.2855
		A:
			    -0.9508    -0.0588    0.3042
			    -0.9709    -0.1698    0.1687
			    0.6554    -0.1118    0.7470
			    0.8079    0.5793    0.1085
			    -0.6946    0.4559    -0.5564
			    -0.7703    0.4863    -0.4125
			    0.1978    0.6454    0.7378
			    0.2454    0.6961    -0.6747
			    -0.9490    0.3145    -0.0206
			    -0.1978    -0.6454    -0.7378
			    -0.2454    -0.6961    0.6747
			    0.9490    -0.3145    0.0206
		b:
			    -180.5419
			    -238.5067
			    276.4070
			    355.9256
			    -162.0842
			    -144.9580
			    349.3674
			    97.7547
			    -153.2417
			    -344.3674
			    -93.7547
			    155.2417
	==================================================================================
	Q2:
		Shape: Hybrid
		q_c:    234.0000    243.5000    195.0000
		ub :    237.5318    246.7897    197.6813
		lb :    230.4682    240.2103    192.3187
		P^-1: 
			    0.2496    0.0048    -0.1094
			    0.0048    0.2439    0.0692
			    -0.1094    0.0692    0.3610
		A:
			    -0.3655    -0.6379    0.6778
			    0.6957    0.4702    0.5431
			    -0.3217    -0.5336    -0.7821
			    0.3175    0.8095    0.4939
			    0.1852    0.6479    -0.7389
			    -0.1970    -0.9718    0.1296
		b:
			    -107.4693
			    384.5614
			    -356.5910
			    368.8562
			    58.3414
			    -256.1141
	==================================================================================
	Q3:
		Shape: Polyhedra
		q_c:    234.5000    245.0000    188.5000
		ub :    237.3604    247.9855    191.6876
		lb :    231.6396    242.0145    185.3124
		A:
			    0.3759    -0.9265    0.0173
			    0.5118    -0.2212    0.8302
			    -0.9706    -0.0587    0.2334
			    0.4072    0.5722    -0.7119
			    -0.7727    -0.1844    -0.6074
			    0.5282    0.6930    -0.4906
			    0.7188    0.5359    0.4430
			    0.2378    -0.7882    0.5676
			    0.6533    -0.3027    -0.6940
			    -0.7188    -0.5359    -0.4430
			    -0.2378    0.7882    -0.5676
			    -0.6533    0.3027    0.6940
		b:
			    -133.5922
			    224.1379
			    -196.1673
			    103.4189
			    -339.2790
			    203.0357
			    384.8373
			    -28.3450
			    -49.7612
			    -381.8373
			    32.3450
			    53.7612
	==================================================================================
	Q4:
		Shape: Ellipse
		q_c:    239.5000    245.0000    188.5000
		ub :    242.8961    247.8065    190.0628
		lb :    236.1039    242.1935    186.9372
		P^-1: 
			    0.3075    0.2808    0.7887
			    0.2808    0.5652    1.0223
			    0.7887    1.0223    3.4883
	==================================================================================
	Q5:
		Shape: Hybrid
		q_c:    237.5000    247.5000    188.5000
		ub :    241.8589    252.0049    191.7227
		lb :    233.1411    242.9951    185.2773
		P^-1: 
			    0.1790    0.0450    -0.0397
			    0.0450    0.1025    -0.0207
			    -0.0397    -0.0207    0.2101
		A:
			    0.2531    0.7955    -0.5506
			    0.2325    -0.5779    -0.7823
			    0.6667    0.7010    0.2532
			    0.2342    0.1466    -0.9611
			    -0.9178    0.0362    0.3953
			    0.2789    0.1895    -0.9414
		b:
			    154.8550
			    -233.4429
			    381.1514
			    -88.1650
			    -133.1078
			    -63.2401
	==================================================================================
	Q6:
		Shape: Hybrid
		q_c:    235.0000    247.0000    191.5000
		ub :    237.7796    250.2868    194.9095
		lb :    232.2204    243.7132    188.0905
		P^-1: 
			    0.2500    -0.0000    -0.0000
			    -0.0000    0.2500    -0.0000
			    -0.0000    -0.0000    0.2500
		A:
			    0.4754    0.8009    -0.3641
			    -0.0550    -0.8146    0.5774
			    0.0759    -0.9886    -0.1303
			    -0.1827    0.9149    -0.3599
			    -0.1337    -0.7197    0.6813
			    -0.3173    -0.9276    0.1971
		b:
			    240.8072
			    -102.5608
			    -250.2965
			    115.1315
			    -77.7294
			    -264.9520


===========================================================================================
===========================================================================================
S2:
	q_c:    355.5000    385.0000    178.5000
	ub :    373.0000    403.0000    205.0000
	lb :    338.0000    367.0000    152.0000

	==================================================================================
	Q1:
		Shape: Hybrid
		q_c:    358.0000    397.5000    188.5000
		ub :    367.9584    409.3807    200.7389
		lb :    348.0416    385.6193    176.2611
		P^-1: 
			    0.0257    -0.0052    0.0038
			    -0.0052    0.0202    -0.0068
			    0.0038    -0.0068    0.0214
		A:
			    0.8326    0.5534    0.0211
			    0.4925    -0.2061    0.8455
			    0.9352    -0.2494    0.2512
			    -0.6561    0.7391    -0.1525
			    -0.3770    -0.1634    0.9117
			    -0.9221    -0.3202    -0.2172
		b:
			    526.6915
			    257.2435
			    286.1555
			    33.5137
			    -23.7093
			    -494.0688
	==================================================================================
	Q2:
		Shape: Polyhedra
		q_c:    363.5000    388.5000    186.5000
		ub :    371.0030    393.9004    192.7433
		lb :    355.9970    383.0996    180.2567
		A:
			    -0.1972    -0.9237    0.3286
			    -0.2837    0.9274    0.2437
			    -0.4858    0.8679    -0.1033
			    -0.7762    0.5705    0.2686
			    -0.4386    -0.0501    -0.8973
			    0.4918    -0.7608    -0.4236
			    0.8020    0.4303    0.4143
			    -0.4524    0.8905    -0.0490
			    -0.3899    -0.1482    0.9088
			    -0.8020    -0.4303    -0.4143
			    0.4524    -0.8905    0.0490
			    0.3899    0.1482    -0.9088
		b:
			    -365.5079
			    305.6191
			    143.8382
			    -7.2048
			    -341.0928
			    -192.8528
			    541.9576
			    174.8602
			    -25.8030
			    -529.9576
			    -169.8602
			    33.8030
	==================================================================================
	Q3:
		Shape: Hybrid
		q_c:    359.5000    399.0000    177.0000
		ub :    368.1014    408.1451    186.5188
		lb :    350.8986    389.8549    167.4812
		P^-1: 
			    0.0305    0.0153    0.0094
			    0.0153    0.0451    0.0125
			    0.0094    0.0125    0.0309
		A:
			    -0.1767    -0.5009    -0.8473
			    -0.0643    -0.6411    -0.7648
			    0.7447    0.6578    -0.1126
			    -0.0117    -0.1435    -0.9896
			    0.8613    0.4747    0.1810
			    0.7453    0.1027    0.6587
		b:
			    -410.3869
			    -411.3334
			    513.4053
			    -232.6687
			    534.0684
			    428.9059
	==================================================================================
	Q4:
		Shape: Ellipse
		q_c:    345.0000    375.0000    175.0000
		ub :    354.4709    383.8270    184.9581
		lb :    335.5291    366.1730    165.0419
		P^-1: 
			    0.0305    -0.0013    0.0049
			    -0.0013    0.0324    0.0025
			    0.0049    0.0025    0.0237
	==================================================================================
	Q5:
		Shape: Ellipse
		q_c:    350.5000    382.5000    175.5000
		ub :    358.9949    390.5431    183.5530
		lb :    342.0051    374.4569    167.4470
		P^-1: 
			    0.0354    0.0036    0.0022
			    0.0036    0.0372    -0.0012
			    0.0022    -0.0012    0.0209
	==================================================================================
	Q6:
		Shape: Polyhedra
		q_c:    366.0000    373.0000    161.5000
		ub :    373.3141    381.9013    170.2706
		lb :    358.6859    364.0987    152.7294
		A:
			    0.2641    -0.9640    -0.0317
			    -0.9133    -0.3301    0.2386
			    -0.5971    -0.7106    0.3722
			    -0.8905    -0.2950    0.3465
			    -0.9909    0.0654    0.1179
			    0.1000    0.9485    -0.3006
			    0.7857    0.5836    0.2052
			    0.5964    -0.6265    -0.5017
			    -0.1643    0.5166    -0.8403
			    -0.7857    -0.5836    -0.2052
			    -0.5964    0.6265    0.5017
			    0.1643    -0.5166    0.8403
		b:
			    -262.2929
			    -414.5531
			    -418.9555
			    -375.4106
			    -314.3681
			    347.1712
			    541.8856
			    -90.4275
			    2.8523
			    -534.8856
			    102.4275
			    9.1477


===========================================================================================
===========================================================================================
S3:
	q_c:    142.0000    378.5000    350.5000
	ub :    152.0000    396.0000    379.0000
	lb :    132.0000    361.0000    322.0000

	==================================================================================
	Q1:
		Shape: Hybrid
		q_c:    138.5000    377.0000    352.5000
		ub :    143.0467    380.9996    356.3365
		lb :    133.9533    373.0004    348.6635
		P^-1: 
			    0.0644    0.0191    0.0140
			    0.0191    0.2759    0.1803
			    0.0140    0.1803    0.2483
		A:
			    0.4678    -0.8673    0.1703
			    -0.0641    -0.8327    -0.5500
			    0.1568    0.9583    0.2390
			    0.4716    -0.6325    -0.6144
			    0.0378    0.5863    0.8092
			    -0.2131    -0.6145    -0.7596
		b:
			    -199.5699
			    -515.8429
			    468.6423
			    -388.0363
			    512.3851
			    -528.0145
	==================================================================================
	Q2:
		Shape: Hybrid
		q_c:    151.0000    373.5000    359.5000
		ub :    156.5564    381.8596    367.5254
		lb :    145.4436    365.1404    351.4746
		P^-1: 
			    0.1005    -0.0250    -0.0073
			    -0.0250    0.0421    0.0092
			    -0.0073    0.0092    0.0363
		A:
			    0.8714    0.4890    -0.0392
			    0.2505    -0.0840    0.9645
			    -0.4771    0.2431    -0.8445
			    0.8919    -0.3443    -0.2931
			    0.8014    -0.4985    0.3306
			    0.7562    -0.5819    -0.2991
		b:
			    303.3019
			    357.0613
			    -281.2095
			    -97.7068
			    56.0414
			    -208.9230
	==================================================================================
	Q3:
		Shape: Ellipse
		q_c:    136.0000    371.0000    343.5000
		ub :    143.4915    375.7092    347.5218
		lb :    128.5085    366.2908    339.4782
		P^-1: 
			    0.0230    0.0176    -0.0011
			    0.0176    0.1429    -0.0224
			    -0.0011    -0.0224    0.1256
	==================================================================================
	Q4:
		Shape: Polyhedra
		q_c:    152.5000    377.0000    345.0000
		ub :    160.2064    383.6414    352.8476
		lb :    144.7936    370.3586    337.1524
		A:
			    0.3853    0.4858    -0.7846
			    -0.4046    0.2383    0.8829
			    -0.1970    -0.5141    -0.8348
			    -0.2136    0.9090    0.3580
			    0.0113    -0.9104    -0.4136
			    -0.4377    -0.2559    -0.8620
			    0.2532    0.8046    0.5371
			    0.6658    0.2579    -0.7002
			    -0.7019    0.5349    -0.4704
			    -0.2532    -0.8046    -0.5371
			    -0.6658    -0.2579    0.7002
			    0.7019    -0.5349    0.4704
		b:
			    -23.3813
			    337.6844
			    -508.0355
			    437.4009
			    -480.5814
			    -456.5834
			    530.7549
			    -37.3127
			    -63.1723
			    -523.7549
			    48.3127
			    72.1723
	==================================================================================
	Q5:
		Shape: Polyhedra
		q_c:    152.0000    370.5000    354.5000
		ub :    157.1784    376.4442    360.1296
		lb :    146.8216    364.5558    348.8704
		A:
			    -0.6475    -0.7292    -0.2213
			    0.4176    0.7939    -0.4419
			    -0.7793    -0.5188    -0.3514
			    0.9717    0.2346    0.0282
			    -0.7091    -0.5283    -0.4671
			    -0.2696    -0.9629    0.0151
			    0.6822    0.6833    0.2602
			    -0.0281    0.3802    -0.9245
			    -0.7306    0.6234    0.2786
			    -0.6822    -0.6833    -0.2602
			    0.0281    -0.3802    0.9245
			    0.7306    -0.6234    -0.2786
		b:
			    -445.9848
			    203.8679
			    -433.8095
			    248.0267
			    -467.6464
			    -389.4333
			    450.0992
			    -187.1637
			    224.6569
			    -448.0992
			    195.1637
			    -212.6569
	==================================================================================
	Q6:
		Shape: Hybrid
		q_c:    139.5000    371.5000    354.0000
		ub :    146.9612    377.3231    361.2718
		lb :    132.0388    365.6769    346.7282
		P^-1: 
			    0.0577    -0.0106    -0.0149
			    -0.0106    0.0760    -0.0012
			    -0.0149    -0.0012    0.0435
		A:
			    0.4504    0.3188    -0.8340
			    0.5052    -0.8615    -0.0513
			    -0.4593    -0.2892    0.8399
			    0.0569    -0.9934    -0.1001
			    0.1541    0.9322    0.3275
			    0.3719    0.9276    -0.0350
		b:
			    -111.4787
			    -265.9506
			    128.2808
			    -394.5721
			    486.1592
			    386.3676


===========================================================================================
===========================================================================================
S4:
	q_c:    105.0000    38.0000    89.0000
	ub :    115.0000    56.0000    102.0000
	lb :    95.0000    20.0000    76.0000

	==================================================================================
	Q1:
		Shape: Polyhedra
		q_c:    100.0000    32.5000    82.0000
		ub :    106.4853    37.3991    87.9855
		lb :    93.5147    27.6009    76.0145
		A:
			    -0.4864    -0.6817    -0.5465
			    -0.7621    -0.5066    -0.4032
			    0.0219    -0.9086    0.4172
			    0.3484    0.8225    0.4496
			    0.8561    0.4261    -0.2926
			    0.9258    0.1973    -0.3226
			    0.4339    0.0946    0.8960
			    -0.8423    0.3956    0.3661
			    -0.3198    -0.9135    0.2513
			    -0.4339    -0.0946    -0.8960
			    0.8423    -0.3956    -0.3661
			    0.3198    0.9135    -0.2513
		b:
			    -111.9846
			    -122.0205
			    10.0603
			    101.9317
			    79.2060
			    76.6201
			    123.9351
			    -36.8490
			    -38.0619
			    -115.9351
			    45.8490
			    44.0619
	==================================================================================
	Q2:
		Shape: Polyhedra
		q_c:    105.5000    35.5000    86.0000
		ub :    112.6050    42.3833    93.4639
		lb :    98.3950    28.6167    78.5361
		A:
			    -0.0353    -0.2363    -0.9710
			    -0.7560    -0.5462    0.3608
			    -0.9417    0.2539    -0.2209
			    -0.2923    0.6140    -0.7332
			    -0.9889    -0.0068    0.1487
			    -0.4120    -0.8902    0.1944
			    0.6279    0.5922    0.5051
			    -0.7419    0.2593    0.6183
			    0.2352    -0.7630    0.6021
			    -0.6279    -0.5922    -0.5051
			    0.7419    -0.2593    -0.6183
			    -0.2352    0.7630    -0.6021
		b:
			    -91.2035
			    -63.7196
			    -104.9753
			    -68.0686
			    -87.2921
			    -54.0882
			    135.1985
			    -11.3936
			    53.5156
			    -126.1985
			    20.3936
			    -45.5156
	==================================================================================
	Q3:
		Shape: Polyhedra
		q_c:    111.5000    35.0000    89.0000
		ub :    118.1457    41.9441    93.5038
		lb :    104.8543    28.0559    84.4962
		A:
			    0.4144    0.0840    0.9062
			    0.2481    0.6489    -0.7193
			    0.0893    0.2758    0.9570
			    -0.9109    0.4121    0.0216
			    0.0902    -0.4737    -0.8761
			    0.9060    0.3520    -0.2352
			    0.5898    0.8059    0.0511
			    0.6349    -0.4237    -0.6461
			    -0.4990    0.4135    -0.7616
			    -0.5898    -0.8059    -0.0511
			    -0.6349    0.4237    0.6461
			    0.4990    -0.4135    0.7616
		b:
			    133.2243
			    -9.4500
			    108.1419
			    -82.0701
			    -81.0275
			    97.1820
			    104.0168
			    1.4606
			    -105.9510
			    -93.0168
			    4.5394
			    111.9510
	==================================================================================
	Q4:
		Shape: Ellipse
		q_c:    102.0000    37.0000    87.5000
		ub :    107.1002    43.5155    94.0716
		lb :    96.8998    30.4845    80.9284
		P^-1: 
			    0.0834    0.0132    0.0202
			    0.0132    0.0624    0.0190
			    0.0202    0.0190    0.0772
	==================================================================================
	Q5:
		Shape: Ellipse
		q_c:    114.0000    26.5000    79.5000
		ub :    118.3353    30.9394    83.4339
		lb :    109.6647    22.0606    75.5661
		P^-1: 
			    0.0855    0.0154    -0.0045
			    0.0154    0.1431    -0.0212
			    -0.0045    -0.0212    0.1241
	==================================================================================
	Q6:
		Shape: Polyhedra
		q_c:    112.0000    30.5000    85.5000
		ub :    118.4899    38.5279    91.4429
		lb :    105.5101    22.4721    79.5571
		A:
			    0.7830    0.5895    0.1983
			    0.2636    -0.9609    -0.0852
			    -0.8050    -0.2862    -0.5196
			    -0.7307    -0.4772    -0.4881
			    -0.3733    -0.2649    -0.8891
			    -0.4825    0.2422    -0.8418
			    0.7758    0.2970    0.5567
			    -0.4290    -0.3987    0.8105
			    0.4627    -0.8677    -0.1818
			    -0.7758    -0.2970    -0.5567
			    0.4290    0.3987    -0.8105
			    -0.4627    0.8677    0.1818
		b:
			    125.4709
			    -0.6786
			    -141.3072
			    -135.8481
			    -122.8758
			    -115.1121
			    145.5464
			    13.5898
			    16.3135
			    -141.5464
			    -4.5898
			    -3.3135


===========================================================================================
===========================================================================================
S5:
	q_c:    433.5000    113.0000    486.5000
	ub :    445.0000    133.0000    511.0000
	lb :    422.0000    93.0000    462.0000

	==================================================================================
	Q1:
		Shape: Ellipse
		q_c:    434.0000    109.0000    483.0000
		ub :    440.1097    114.4982    488.6793
		lb :    427.8903    103.5018    477.3207
		P^-1: 
			    0.0748    0.0100    0.0055
			    0.0100    0.0537    0.0046
			    0.0055    0.0046    0.0649
	==================================================================================
	Q2:
		Shape: Hybrid
		q_c:    438.5000    123.0000    497.5000
		ub :    443.9806    128.0608    502.8646
		lb :    433.0194    117.9392    492.1354
		P^-1: 
			    0.1027    -0.0048    0.0178
			    -0.0048    0.1084    0.0100
			    0.0178    0.0100    0.0736
		A:
			    0.2616    0.4256    0.8663
			    0.2773    0.1753    0.9447
			    0.6946    -0.3402    0.6339
			    0.4912    -0.8530    -0.1762
			    -0.1941    0.8429    0.5019
			    -0.1953    0.8215    -0.5357
		b:
			    599.8617
			    615.1004
			    579.7365
			    24.3425
			    269.9085
			    -249.1982
	==================================================================================
	Q3:
		Shape: Hybrid
		q_c:    430.0000    124.0000    496.0000
		ub :    436.7274    129.1859    502.2160
		lb :    423.2726    118.8141    489.7840
		P^-1: 
			    0.0558    -0.0073    -0.0066
			    -0.0073    0.0792    0.0006
			    -0.0066    0.0006    0.0584
		A:
			    -0.5974    -0.7506    0.2823
			    0.2989    -0.5732    0.7630
			    0.5555    0.7977    -0.2349
			    0.1186    -0.7622    -0.6364
			    -0.0307    0.8283    -0.5594
			    -0.3407    0.9125    -0.2265
		b:
			    -207.6769
			    438.1451
			    223.4625
			    -357.1533
			    -185.9369
			    -143.8244
	==================================================================================
	Q4:
		Shape: Hybrid
		q_c:    437.5000    118.5000    479.5000
		ub :    442.1624    124.7924    485.6677
		lb :    432.8376    112.2076    473.3323
		P^-1: 
			    0.2010    -0.0796    0.0153
			    -0.0796    0.1022    -0.0324
			    0.0153    -0.0324    0.0685
		A:
			    -0.9738    0.0797    -0.2131
			    0.2220    0.8764    -0.4273
			    0.9388    0.2368    0.2502
			    0.8888    -0.1699    -0.4256
			    -0.3176    0.5526    0.7705
			    -0.9730    0.1123    0.2016
		b:
			    -517.0996
			    -1.2346
			    561.2937
			    166.4110
			    299.3492
			    -314.1834
	==================================================================================
	Q5:
		Shape: Polyhedra
		q_c:    424.5000    123.0000    494.0000
		ub :    432.6968    130.1209    499.7038
		lb :    416.3032    115.8791    488.2962
		A:
			    0.8325    0.2261    -0.5058
			    0.0066    -0.0028    -1.0000
			    -0.0366    0.7911    0.6106
			    0.3059    0.0023    -0.9521
			    -0.5811    -0.6545    0.4837
			    0.5335    0.4489    0.7168
			    0.4991    0.8260    0.2620
			    0.3879    0.0574    -0.9199
			    -0.7749    0.5607    -0.2917
			    -0.4991    -0.8260    -0.2620
			    -0.3879    -0.0574    0.9199
			    0.7749    -0.5607    0.2917
		b:
			    135.2132
			    -488.0502
			    387.4390
			    -337.1769
			    -84.6949
			    640.0814
			    446.8650
			    -279.7442
			    -397.5935
			    -438.8650
			    285.7442
			    410.5935
	==================================================================================
	Q6:
		Shape: Hybrid
		q_c:    438.5000    122.0000    491.0000
		ub :    445.5551    128.4268    496.7210
		lb :    431.4449    115.5732    485.2790
		P^-1: 
			    0.0502    -0.0266    -0.0408
			    -0.0266    0.0750    0.0295
			    -0.0408    0.0295    0.1251
		A:
			    -0.4745    0.3798    0.7941
			    -0.0947    0.8588    0.5036
			    0.5324    0.0516    -0.8449
			    0.2997    -0.8217    -0.4848
			    -0.6847    0.7027    0.1933
			    0.0885    -0.1449    -0.9855
		b:
			    229.4527
			    312.7336
			    -173.2020
			    -205.0483
			    -117.2268
			    -460.9421


===========================================================================================
===========================================================================================
S6:
	q_c:    319.0000    489.0000    362.5000
	ub :    330.0000    499.0000    379.0000
	lb :    308.0000    479.0000    346.0000

	==================================================================================
	Q1:
		Shape: Polyhedra
		q_c:    323.5000    495.0000    367.5000
		ub :    331.8375    503.3388    371.5531
		lb :    315.1625    486.6612    363.4469
		A:
			    0.1708    0.2950    -0.9401
			    0.4637    0.2419    -0.8523
			    0.1929    -0.4562    0.8687
			    0.9978    -0.0655    0.0108
			    -0.8157    0.5400    0.2073
			    0.3304    0.9397    -0.0883
			    0.6303    0.7102    0.3138
			    0.1507    0.2845    -0.9467
			    -0.7616    0.6440    0.0723
			    -0.6303    -0.7102    -0.3138
			    -0.1507    -0.2845    0.9467
			    0.7616    -0.6440    -0.0723
		b:
			    -142.2185
			    -40.7976
			    158.8207
			    300.1301
			    85.5100
			    544.7699
			    676.2223
			    -156.3325
			    104.9744
			    -665.2223
			    160.3325
			    -92.9744
	==================================================================================
	Q2:
		Shape: Hybrid
		q_c:    324.0000    480.0000    363.0000
		ub :    327.3103    485.6332    368.6124
		lb :    320.6897    474.3668    357.3876
		P^-1: 
			    0.1808    0.0294    0.0245
			    0.0294    0.1309    0.0944
			    0.0245    0.0944    0.1383
		A:
			    -0.7944    -0.6029    -0.0729
			    -0.0523    0.7570    0.6513
			    0.6032    0.0646    -0.7949
			    0.1573    -0.9865    -0.0446
			    -0.5229    -0.4454    -0.7268
			    -0.0820    0.8063    0.5857
		b:
			    -571.5793
			    584.0583
			    -59.5750
			    -435.9848
			    -645.8271
			    574.4098
	==================================================================================
	Q3:
		Shape: Ellipse
		q_c:    312.5000    480.5000    365.0000
		ub :    319.0249    490.3991    374.8498
		lb :    305.9751    470.6009    355.1502
		P^-1: 
			    0.0620    -0.0154    -0.0182
			    -0.0154    0.0342    0.0174
			    -0.0182    0.0174    0.0363
	==================================================================================
	Q4:
		Shape: Ellipse
		q_c:    313.5000    483.0000    366.5000
		ub :    317.6823    489.9280    373.2885
		lb :    309.3177    476.0720    359.7115
		P^-1: 
			    0.2241    -0.0675    -0.0060
			    -0.0675    0.0713    0.0072
			    -0.0060    0.0072    0.0440
	==================================================================================
	Q5:
		Shape: Polyhedra
		q_c:    328.0000    492.5000    360.0000
		ub :    332.2262    497.6048    365.2099
		lb :    323.7738    487.3952    354.7901
		A:
			    0.8954    -0.0096    -0.4452
			    0.8346    0.2281    0.5014
			    -0.5396    0.1259    -0.8325
			    0.8771    0.2030    -0.4352
			    -0.4806    0.8705    -0.1064
			    -0.2345    0.8541    0.4643
			    0.6518    0.3859    0.6529
			    -0.7499    0.4564    0.4789
			    -0.1132    -0.8017    0.5869
			    -0.6518    -0.3859    -0.6529
			    0.7499    -0.4564    -0.4789
			    0.1132    0.8017    -0.5869
		b:
			    131.4020
			    569.5821
			    -411.5202
			    233.8749
			    235.8027
			    513.6582
			    641.8832
			    153.6769
			    -217.2125
			    -635.8832
			    -148.6769
			    224.2125
	==================================================================================
	Q6:
		Shape: Polyhedra
		q_c:    316.0000    490.5000    373.5000
		ub :    322.0194    495.8497    379.7350
		lb :    309.9806    485.1503    367.2650
		A:
			    -0.5784    -0.5326    0.6178
			    0.9185    -0.3655    0.1511
			    -0.4731    -0.6973    0.5385
			    0.2519    -0.9035    0.3468
			    0.9430    0.2870    0.1684
			    0.0708    -0.2540    -0.9646
			    0.1865    0.9764    0.1088
			    0.9646    -0.1609    -0.2090
			    -0.1865    0.1440    -0.9718
			    -0.1865    -0.9764    -0.1088
			    -0.9646    0.1609    0.2090
			    0.1865    -0.1440    0.9718
		b:
			    -208.7610
			    171.9759
			    -285.9644
			    -229.7157
			    506.0995
			    -457.6295
			    582.5125
			    152.3043
			    -346.3199
			    -574.5125
			    -143.3043
			    356.3199


===========================================================================================
===========================================================================================
S7:
	q_c:    119.0000    125.0000    334.0000
	ub :    130.0000    145.0000    357.0000
	lb :    108.0000    105.0000    311.0000

	==================================================================================
	Q1:
		Shape: Hybrid
		q_c:    127.5000    136.0000    329.5000
		ub :    137.0079    145.9631    337.6221
		lb :    117.9921    126.0369    321.3779
		P^-1: 
			    0.0280    0.0075    -0.0006
			    0.0075    0.0308    -0.0090
			    -0.0006    -0.0090    0.0441
		A:
			    0.9746    0.1645    -0.1517
			    0.1725    0.9270    -0.3330
			    -0.5056    0.2721    0.8188
			    0.8094    -0.5269    0.2592
			    0.7420    -0.0553    0.6682
			    -0.4276    -0.8954    0.1242
		b:
			    100.3048
			    41.3965
			    246.0717
			    121.2510
			    310.5376
			    -132.3023
	==================================================================================
	Q2:
		Shape: Hybrid
		q_c:    121.5000    113.5000    334.0000
		ub :    129.5834    120.9493    341.4103
		lb :    113.4166    106.0507    326.5897
		P^-1: 
			    0.0508    0.0195    -0.0053
			    0.0195    0.0502    -0.0176
			    -0.0053    -0.0176    0.0578
		A:
			    -0.7883    -0.3437    -0.5104
			    0.5979    -0.1354    0.7901
			    0.1684    -0.6291    0.7589
			    0.9634    -0.2470    0.1044
			    0.0955    0.0540    -0.9940
			    -0.8381    -0.3459    -0.4219
		b:
			    -302.6091
			    323.9025
			    204.9301
			    127.3529
			    -311.6721
			    -279.3866
	==================================================================================
	Q3:
		Shape: Polyhedra
		q_c:    112.5000    129.5000    332.0000
		ub :    117.4488    136.3922    340.4602
		lb :    107.5512    122.6078    323.5398
		A:
			    -0.5229    -0.2134    0.8252
			    -0.6424    0.5358    -0.5479
			    0.7489    -0.6491    0.1336
			    -0.1719    0.6107    -0.7729
			    0.4913    -0.5805    -0.6493
			    0.3113    -0.9245    -0.2201
			    0.0455    0.4988    0.8655
			    -0.3404    0.8223    -0.4560
			    -0.9392    -0.2739    0.2072
			    -0.0455    -0.4988    -0.8655
			    0.3404    -0.8223    0.4560
			    0.9392    0.2739    -0.2072
		b:
			    192.8296
			    -181.6058
			    47.7505
			    -193.1942
			    -228.9677
			    -152.6016
			    364.5657
			    -80.6917
			    -68.3444
			    -349.5657
			    85.6917
			    76.3444
	==================================================================================
	Q4:
		Shape: Hybrid
		q_c:    127.0000    124.0000    326.5000
		ub :    134.0577    127.7223    333.6197
		lb :    119.9423    120.2777    319.3803
		P^-1: 
			    0.0425    -0.0168    -0.0027
			    -0.0168    0.1546    0.0182
			    -0.0027    0.0182    0.0429
		A:
			    0.0159    0.9632    -0.2682
			    -0.0347    0.9421    0.3334
			    -0.3729    -0.8525    -0.3663
			    -0.8916    0.3122    0.3279
			    0.0777    -0.9969    0.0126
			    -0.2033    -0.8123    -0.5466
		b:
			    35.7935
			    222.6842
			    -270.4804
			    35.8149
			    -108.2504
			    -302.8902
	==================================================================================
	Q5:
		Shape: Ellipse
		q_c:    127.5000    131.0000    343.5000
		ub :    133.6584    137.5776    350.4054
		lb :    121.3416    124.4224    336.5946
		P^-1: 
			    0.0896    0.0039    -0.0291
			    0.0039    0.0498    -0.0028
			    -0.0291    -0.0028    0.0705
	==================================================================================
	Q6:
		Shape: Polyhedra
		q_c:    130.5000    122.5000    325.0000
		ub :    140.4855    132.4869    334.2160
		lb :    120.5145    112.5131    315.7840
		A:
			    0.3638    -0.3923    0.8448
			    0.1346    -0.9600    0.2455
			    -0.4946    0.2168    0.8416
			    -0.1755    -0.6802    -0.7118
			    -0.4059    0.9124    -0.0530
			    -0.6429    0.6687    -0.3735
			    0.4259    0.7623    0.4874
			    0.4665    0.2765    -0.8402
			    -0.7752    0.5852    -0.2379
			    -0.4259    -0.7623    -0.4874
			    -0.4665    -0.2765    0.8402
			    0.7752    -0.5852    0.2379
		b:
			    279.8190
			    -14.1805
			    241.2393
			    -331.1415
			    47.6737
			    -117.3705
			    313.8509
			    -172.8040
			    -100.7924
			    -300.8509
			    183.8040
			    112.7924


===========================================================================================
===========================================================================================
S8:
	q_c:    433.0000    252.5000    173.5000
	ub :    453.0000    278.0000    189.0000
	lb :    413.0000    227.0000    158.0000

	==================================================================================
	Q1:
		Shape: Ellipse
		q_c:    438.5000    256.5000    177.5000
		ub :    445.2371    263.2547    184.7229
		lb :    431.7629    249.7453    170.2771
		P^-1: 
			    0.1536    -0.0037    -0.1130
			    -0.0037    0.0328    0.0061
			    -0.1130    0.0061    0.1170
	==================================================================================
	Q2:
		Shape: Polyhedra
		q_c:    418.5000    261.5000    188.5000
		ub :    429.5796    273.0091    198.4147
		lb :    407.4204    249.9909    178.5853
		A:
			    0.7075    -0.4611    -0.5356
			    -0.5331    -0.4657    0.7064
			    0.5033    0.8585    -0.0982
			    0.1882    -0.9757    0.1120
			    0.3203    0.2183    -0.9218
			    0.4750    0.6882    -0.5484
			    0.2426    0.6878    0.6842
			    -0.8774    0.4565    -0.1478
			    -0.4140    -0.5644    0.7142
			    -0.2426    -0.6878    -0.6842
			    0.8774    -0.4565    0.1478
			    0.4140    0.5644    -0.7142
		b:
			    81.8598
			    -205.6564
			    422.8390
			    -148.2864
			    23.4353
			    281.3839
			    416.8448
			    -267.6625
			    -180.2366
			    -403.8448
			    283.6625
			    192.2366
	==================================================================================
	Q3:
		Shape: Ellipse
		q_c:    446.5000    262.0000    160.5000
		ub :    455.9507    271.8254    171.3610
		lb :    437.0493    252.1746    149.6390
		P^-1: 
			    0.0280    0.0023    -0.0057
			    0.0023    0.0234    -0.0002
			    -0.0057    -0.0002    0.0257
	==================================================================================
	Q4:
		Shape: Polyhedra
		q_c:    439.5000    265.5000    181.0000
		ub :    451.0085    275.6441    194.2917
		lb :    427.9915    255.3559    167.7083
		A:
			    0.5468    0.6573    -0.5187
			    -0.1199    0.7155    -0.6882
			    0.5609    -0.3755    0.7378
			    0.8944    -0.4449    0.0463
			    0.2579    0.2423    -0.9353
			    -0.2729    0.9587    0.0804
			    0.8623    0.3093    0.4009
			    -0.4732    0.2106    0.8554
			    0.1802    -0.9274    0.3280
			    -0.8623    -0.3093    -0.4009
			    0.4732    -0.2106    -0.8554
			    -0.1802    0.9274    -0.3280
		b:
			    328.7260
			    19.7987
			    287.2041
			    290.7647
			    17.6724
			    156.3397
			    540.1775
			    12.7430
			    -101.1675
			    -527.1775
			    7.2570
			    114.1675
	==================================================================================
	Q5:
		Shape: Polyhedra
		q_c:    426.5000    239.5000    163.0000
		ub :    434.6552    250.4892    173.1529
		lb :    418.3448    228.5108    152.8471
		A:
			    0.8239    -0.5515    -0.1308
			    -0.8845    0.4510    0.1192
			    0.5423    -0.0630    -0.8378
			    -0.7403    -0.3218    -0.5903
			    0.3647    -0.0760    -0.9280
			    0.8847    -0.4603    0.0735
			    0.5454    0.1956    0.8151
			    -0.8058    0.3901    0.4456
			    -0.2308    -0.8998    0.3703
			    -0.5454    -0.1956    -0.8151
			    0.8058    -0.3901    -0.4456
			    0.2308    0.8998    -0.3703
		b:
			    202.0032
			    -246.0500
			    84.7152
			    -482.4020
			    -8.3876
			    283.5995
			    418.7932
			    -174.6074
			    -244.0772
			    -405.7932
			    180.6074
			    263.0772
	==================================================================================
	Q6:
		Shape: Hybrid
		q_c:    431.0000    256.5000    188.5000
		ub :    442.0696    269.2175    198.2336
		lb :    419.9304    243.7825    178.7664
		P^-1: 
			    0.0315    0.0066    -0.0104
			    0.0066    0.0102    -0.0032
			    -0.0104    -0.0032    0.0223
		A:
			    0.4567    -0.3071    -0.8350
			    0.2285    -0.0182    -0.9734
			    0.9541    0.1494    0.2596
			    0.6582    0.4221    -0.6234
			    -0.8794    0.4732    0.0529
			    0.9960    -0.0539    -0.0715
		b:
			    -34.4994
			    -85.3706
			    502.7878
			    277.4612
			    -241.4926
			    405.9592


===========================================================================================
===========================================================================================
S9:
	q_c:    508.0000    367.5000    128.5000
	ub :    520.0000    378.0000    152.0000
	lb :    496.0000    357.0000    105.0000

	==================================================================================
	Q1:
		Shape: Polyhedra
		q_c:    509.0000    374.5000    130.5000
		ub :    515.0110    381.1865    138.1725
		lb :    502.9890    367.8135    122.8275
		A:
			    0.3265    0.9403    0.0963
			    0.3089    0.7063    -0.6369
			    -0.3848    -0.1771    0.9059
			    -0.2607    0.6292    -0.7322
			    -0.7918    0.4003    -0.4614
			    0.5003    0.8615    -0.0870
			    0.9102    0.4138    0.0145
			    0.3737    -0.8359    0.4020
			    0.1784    -0.3605    -0.9155
			    -0.9102    -0.4138    -0.0145
			    -0.3737    0.8359    -0.4020
			    -0.1784    0.3605    0.9155
		b:
			    535.1138
			    342.7645
			    -137.7884
			    11.2884
			    -309.8691
			    569.7128
			    624.1793
			    -67.4035
			    -156.6535
			    -616.1793
			    73.4035
			    170.6535
	==================================================================================
	Q2:
		Shape: Hybrid
		q_c:    514.0000    370.5000    124.0000
		ub :    522.4037    378.2895    130.7931
		lb :    505.5963    362.7105    117.2069
		P^-1: 
			    0.0431    -0.0008    -0.0123
			    -0.0008    0.0400    0.0064
			    -0.0123    0.0064    0.0525
		A:
			    -0.3909    -0.4440    -0.8063
			    -0.4962    -0.6355    -0.5915
			    0.3596    0.6565    -0.6631
			    -0.5493    0.0260    0.8352
			    0.2818    0.0775    0.9563
			    -0.3834    0.6517    0.6544
		b:
			    -462.5106
			    -560.9117
			    348.6742
			    -167.0863
			    295.0396
			    127.7585
	==================================================================================
	Q3:
		Shape: Hybrid
		q_c:    515.5000    364.5000    139.5000
		ub :    520.7870    368.1787    147.9420
		lb :    510.2130    360.8213    131.0580
		P^-1: 
			    0.0687    0.0244    0.0059
			    0.0244    0.1531    0.0061
			    0.0059    0.0061    0.0164
		A:
			    -0.2340    0.9374    0.2578
			    0.3181    -0.9419    -0.1080
			    -0.4461    -0.2224    -0.8669
			    -0.0808    -0.9866    0.1420
			    0.2951    0.0783    0.9522
			    0.3586    0.8760    -0.3224
		b:
			    259.2273
			    -192.4945
			    -426.4139
			    -379.8009
			    319.7529
			    461.7806
	==================================================================================
	Q4:
		Shape: Polyhedra
		q_c:    508.0000    372.0000    117.5000
		ub :    514.0663    378.9319    124.3522
		lb :    501.9337    365.0681    110.6478
		A:
			    -0.8973    0.2956    -0.3277
			    0.5083    0.0857    0.8569
			    0.0068    -0.5659    0.8244
			    0.6456    0.4206    -0.6374
			    0.6198    0.7248    0.3010
			    0.8768    0.3329    0.3468
			    0.2673    0.6216    0.7363
			    -0.8959    -0.1210    0.4274
			    0.3548    -0.7739    0.5246
			    -0.2673    -0.6216    -0.7363
			    0.8959    0.1210    -0.4274
			    -0.3548    0.7739    -0.5246
		b:
			    -379.4503
			    394.9665
			    -104.6912
			    413.6419
			    623.1094
			    613.5005
			    456.5557
			    -446.4116
			    -40.0545
			    -450.5557
			    453.4116
			    52.0545
	==================================================================================
	Q5:
		Shape: Polyhedra
		q_c:    501.0000    356.0000    137.0000
		ub :    506.1092    361.2803    142.4520
		lb :    495.8908    350.7197    131.5480
		A:
			    -0.8094    0.0002    0.5873
			    0.2171    -0.9632    0.1587
			    -0.8640    0.5027    0.0278
			    0.9269    0.2195    -0.3044
			    0.8904    0.3814    0.2484
			    -0.4600    -0.8837    -0.0860
			    0.7629    0.6117    0.2094
			    -0.1026    -0.2052    0.9733
			    0.6384    -0.7640    -0.0938
			    -0.7629    -0.6117    -0.2094
			    0.1026    0.2052    -0.9733
			    -0.6384    0.7640    0.0938
		b:
			    -321.1424
			    -209.3679
			    -247.3817
			    504.6609
			    619.8338
			    -553.0313
			    632.6521
			    13.3680
			    37.4851
			    -624.6521
			    -4.3680
			    -32.4851
	==================================================================================
	Q6:
		Shape: Polyhedra
		q_c:    514.5000    355.0000    133.0000
		ub :    523.0006    363.8631    141.0270
		lb :    505.9994    346.1369    124.9730
		A:
			    -0.6273    0.1205    -0.7694
			    0.1416    0.5896    -0.7952
			    -0.6810    -0.6495    -0.3381
			    -0.0752    -0.3143    0.9463
			    0.0700    0.9960    -0.0548
			    -0.3049    -0.9507    -0.0558
			    0.1613    0.8032    0.5734
			    0.0113    0.5795    -0.8149
			    -0.9868    0.1379    0.0844
			    -0.1613    -0.8032    -0.5734
			    -0.0113    -0.5795    0.8149
			    0.9868    -0.1379    -0.0844
		b:
			    -376.2814
			    180.9894
			    -619.1394
			    -19.6905
			    388.1268
			    -495.7345
			    450.8942
			    107.6446
			    -440.0481
			    -437.8942
			    -98.6446
			    455.0481


===========================================================================================
===========================================================================================
S10:
	q_c:    390.0000    192.5000    131.0000
	ub :    417.0000    205.0000    142.0000
	lb :    363.0000    180.0000    120.0000

	==================================================================================
	Q1:
		Shape: Polyhedra
		q_c:    396.0000    202.0000    125.5000
		ub :    403.5535    210.3234    134.4228
		lb :    388.4465    193.6766    116.5772
		A:
			    0.5656    0.7804    -0.2665
			    -0.1748    0.5579    0.8113
			    -0.8523    -0.5056    -0.1337
			    -0.8199    -0.3963    -0.4131
			    -0.7605    -0.2662    0.5923
			    0.6594    0.5066    -0.5554
			    0.7882    0.1985    0.5825
			    0.0359    -0.9598    0.2785
			    0.6144    -0.1986    -0.7636
			    -0.7882    -0.1985    -0.5825
			    -0.0359    0.9598    -0.2785
			    -0.6144    0.1986    0.7636
		b:
			    354.2580
			    150.8050
			    -451.0926
			    -451.4931
			    -274.9811
			    299.6147
			    430.3312
			    -138.1998
			    112.8573
			    -420.3312
			    151.1998
			    -101.8573
	==================================================================================
	Q2:
		Shape: Polyhedra
		q_c:    396.5000    191.5000    135.0000
		ub :    402.4782    197.2486    137.7514
		lb :    390.5218    185.7514    132.2486
		A:
			    0.7409    -0.6042    -0.2933
			    -0.5949    0.6078    0.5260
			    0.6938    -0.3814    -0.6109
			    0.6498    -0.0950    -0.7542
			    0.5196    -0.4718    -0.7123
			    -0.2264    0.4522    0.8627
			    0.7439    0.6634    0.0806
			    0.6137    -0.6305    -0.4753
			    -0.2645    0.4030    -0.8761
			    -0.7439    -0.6634    -0.0806
			    -0.6137    0.6305    0.4753
			    0.2645    -0.4030    0.8761
		b:
			    139.7877
			    -47.4932
			    121.3009
			    140.2556
			    20.6474
			    115.1473
			    439.3839
			    59.4314
			    -143.9684
			    -426.3839
			    -57.4314
			    147.9684
	==================================================================================
	Q3:
		Shape: Polyhedra
		q_c:    400.5000    192.5000    141.0000
		ub :    406.3777    202.0227    150.8202
		lb :    394.6223    182.9773    131.1798
		A:
			    -0.2024    0.3843    -0.9008
			    -0.8040    -0.4698    -0.3644
			    0.9876    -0.1283    -0.0909
			    0.6901    0.7218    0.0524
			    0.8694    0.4176    0.2639
			    -0.6016    0.4360    -0.6693
			    0.0892    0.5506    0.8300
			    -0.9953    0.0817    0.0527
			    -0.0388    -0.8307    0.5553
			    -0.0892    -0.5506    -0.8300
			    0.9953    -0.0817    -0.0527
			    0.0388    0.8307    -0.5553
		b:
			    -127.6498
			    -457.6714
			    363.0275
			    428.7973
			    471.6723
			    -245.4945
			    266.2279
			    -370.4433
			    -91.1580
			    -251.2279
			    380.4433
			    103.1580
	==================================================================================
	Q4:
		Shape: Hybrid
		q_c:    387.5000    205.0000    131.5000
		ub :    392.8643    208.8855    137.2567
		lb :    382.1357    201.1145    125.7433
		P^-1: 
			    0.0755    -0.0002    -0.0126
			    -0.0002    0.0816    -0.0005
			    -0.0126    -0.0005    0.0555
		A:
			    0.9244    0.3796    -0.0376
			    -0.9199    -0.3119    0.2376
			    -0.2800    -0.8358    0.4722
			    0.8293    -0.0378    -0.5576
			    0.8003    0.4338    -0.4139
			    -0.2615    -0.9339    0.2437
		b:
			    432.9856
			    -387.3824
			    -215.8955
			    242.0433
			    346.3820
			    -258.9654
	==================================================================================
	Q5:
		Shape: Hybrid
		q_c:    401.0000    198.0000    126.5000
		ub :    410.6656    206.3844    133.0328
		lb :    391.3344    189.6156    119.9672
		P^-1: 
			    0.0433    0.0643    -0.0695
			    0.0643    0.1882    -0.1956
			    -0.0695    -0.1956    0.2586
		A:
			    -0.6471    -0.3588    -0.6727
			    0.3533    0.7737    -0.5259
			    -0.2907    -0.8673    0.4041
			    0.2603    0.7559    -0.6007
			    0.1466    0.5350    -0.8320
			    0.2089    -0.5289    0.8226
		b:
			    -410.3727
			    229.8295
			    -235.0086
			    179.2161
			    60.4581
			    85.5970
	==================================================================================
	Q6:
		Shape: Polyhedra
		q_c:    380.5000    186.0000    144.5000
		ub :    387.6929    190.0686    150.1082
		lb :    373.3071    181.9314    138.8918
		A:
			    -0.2031    -0.3184    0.9260
			    -0.3657    -0.4165    -0.8324
			    0.4361    0.6524    0.6198
			    -0.0736    -0.7721    -0.6313
			    0.1190    -0.9484    -0.2938
			    -0.4559    -0.6041    -0.6536
			    0.2910    0.7465    0.5984
			    -0.1884    0.6579    -0.7291
			    -0.9380    0.0994    0.3321
			    -0.2910    -0.7465    -0.5984
			    0.1884    -0.6579    0.7291
			    0.9380    -0.0994    -0.3321
		b:
			    1.5686
			    -334.8996
			    378.6064
			    -260.7808
			    -170.7718
			    -378.4362
			    337.5354
			    -51.1767
			    -283.9258
			    -334.5354
			    58.1767
			    296.9258


===========================================================================================
===========================================================================================
S11:
	q_c:    268.5000    197.5000    120.5000
	ub :    287.0000    221.0000    128.0000
	lb :    250.0000    174.0000    113.0000

	==================================================================================
	Q1:
		Shape: Polyhedra
		q_c:    262.5000    190.0000    125.5000
		ub :    267.7294    195.9851    131.5382
		lb :    257.2706    184.0149    119.4618
		A:
			    -0.5963    0.7186    0.3577
			    -0.0272    0.9603    -0.2777
			    0.1589    -0.9396    0.3033
			    -0.9717    -0.2290    0.0573
			    0.8466    0.3304    -0.4174
			    0.0177    -0.9989    0.0424
			    0.2095    0.6567    0.7244
			    -0.5799    0.6800    -0.4488
			    -0.7873    -0.3261    0.5233
			    -0.2095    -0.6567    -0.7244
			    0.5799    -0.6800    0.4488
			    0.7873    0.3261    -0.5233
		b:
			    28.5213
			    143.9736
			    -95.2252
			    -288.2100
			    235.6300
			    -176.1728
			    274.6827
			    -75.8472
			    -199.9566
			    -266.6827
			    82.8472
			    205.9566
	==================================================================================
	Q2:
		Shape: Hybrid
		q_c:    273.5000    199.0000    128.0000
		ub :    277.1892    203.3176    132.6756
		lb :    269.8108    194.6824    123.3244
		P^-1: 
			    0.1752    0.0372    0.0120
			    0.0372    0.1704    0.0730
			    0.0120    0.0730    0.1461
		A:
			    0.8844    -0.2692    0.3812
			    0.5819    0.7315    0.3553
			    -0.6979    -0.5231    -0.4891
			    -0.9466    -0.2741    -0.1698
			    -0.8650    -0.3729    0.3358
			    -0.7011    0.6682    0.2488
		b:
			    238.9745
			    351.2663
			    -356.5124
			    -333.8984
			    -266.2530
			    -25.3018
	==================================================================================
	Q3:
		Shape: Ellipse
		q_c:    269.0000    200.0000    124.5000
		ub :    274.2794    203.9502    130.1900
		lb :    263.7206    196.0498    118.8100
		P^-1: 
			    0.0929    -0.0036    0.0277
			    -0.0036    0.0821    -0.0015
			    0.0277    -0.0015    0.0671
	==================================================================================
	Q4:
		Shape: Ellipse
		q_c:    271.0000    204.5000    124.0000
		ub :    275.6677    208.7054    127.3590
		lb :    266.3323    200.2946    120.6410
		P^-1: 
			    1.0156    1.3203    -1.0449
			    1.3203    1.8916    -1.4493
			    -1.0449    -1.4493    1.2370
	==================================================================================
	Q5:
		Shape: Polyhedra
		q_c:    271.5000    200.0000    124.0000
		ub :    276.6199    205.2462    128.8900
		lb :    266.3801    194.7538    119.1100
		A:
			    0.2830    -0.0565    -0.9575
			    0.2181    -0.6193    0.7543
			    -0.1789    0.7917    -0.5842
			    0.6104    0.6390    -0.4681
			    0.1888    -0.1534    0.9700
			    -0.5949    -0.2029    0.7778
			    0.0318    0.9054    0.4234
			    0.2598    0.4016    -0.8782
			    -0.9651    0.1379    -0.2224
			    -0.0318    -0.9054    -0.4234
			    -0.2598    -0.4016    0.8782
			    0.9651    -0.1379    0.2224
		b:
			    -50.3095
			    32.0309
			    40.5958
			    238.6313
			    143.9247
			    -102.7529
			    246.2219
			    44.4404
			    -257.5263
			    -238.2219
			    -39.4404
			    266.5263
	==================================================================================
	Q6:
		Shape: Hybrid
		q_c:    273.0000    191.0000    121.5000
		ub :    279.0146    197.0851    127.6300
		lb :    266.9854    184.9149    115.3700
		P^-1: 
			    0.0794    -0.0049    0.0038
			    -0.0049    0.0711    0.0082
			    0.0038    0.0082    0.0753
		A:
			    0.4068    0.8798    0.2457
			    0.1033    -0.8202    -0.5627
			    0.0773    0.6101    0.7886
			    -0.6645    0.7433    0.0770
			    0.2116    0.1694    -0.9626
			    0.1486    -0.7921    -0.5920
		b:
			    310.9351
			    -195.0491
			    235.1887
			    -28.2787
			    -24.7795
			    -180.8978


===========================================================================================
===========================================================================================
S12:
	q_c:    338.0000    59.0000    183.0000
	ub :    365.0000    91.0000    211.0000
	lb :    311.0000    27.0000    155.0000

	==================================================================================
	Q1:
		Shape: Polyhedra
		q_c:    326.0000    88.0000    158.5000
		ub :    343.7946    106.5098    175.8378
		lb :    308.2054    69.4902    141.1622
		A:
			    0.9778    -0.1998    -0.0632
			    -0.8382    0.2328    0.4933
			    0.4871    -0.7448    0.4560
			    -0.4558    0.1224    0.8816
			    0.2787    0.1847    -0.9425
			    0.9716    0.0667    0.2271
			    0.3973    0.6624    0.6351
			    -0.7551    0.6293    -0.1839
			    -0.5215    -0.4065    0.7502
			    -0.3973    -0.6624    -0.6351
			    0.7551    -0.6293    0.1839
			    0.5215    0.4065    -0.7502
		b:
			    301.3796
			    -164.2739
			    175.6224
			    12.7123
			    -31.5710
			    369.3628
			    300.4820
			    -209.9363
			    -76.3816
			    -276.4820
			    229.9363
			    97.3816
	==================================================================================
	Q2:
		Shape: Ellipse
		q_c:    331.0000    63.0000    209.0000
		ub :    342.5091    77.9951    225.4091
		lb :    319.4909    48.0049    192.5909
		P^-1: 
			    0.0793    -0.0474    0.0060
			    -0.0474    0.0391    -0.0032
			    0.0060    -0.0032    0.0079
	==================================================================================
	Q3:
		Shape: Ellipse
		q_c:    322.0000    86.5000    202.5000
		ub :    344.1180    105.6688    225.1669
		lb :    299.8820    67.3312    179.8331
		P^-1: 
			    0.0064    -0.0002    -0.0021
			    -0.0002    0.0082    -0.0014
			    -0.0021    -0.0014    0.0055
	==================================================================================
	Q4:
		Shape: Hybrid
		q_c:    356.5000    47.0000    184.5000
		ub :    368.2985    62.1987    193.3351
		lb :    344.7015    31.8013    175.6649
		P^-1: 
			    0.1025    0.0604    -0.0426
			    0.0604    0.0433    -0.0192
			    -0.0426    -0.0192    0.0516
		A:
			    -0.8356    -0.3115    0.4525
			    -0.6469    -0.1788    0.7413
			    -0.6486    -0.1488    0.7465
			    -0.8427    -0.3823    0.3791
			    0.7569    0.4260    -0.4956
			    -0.4307    0.1633    -0.8876
		b:
			    -226.9683
			    -99.9344
			    -97.9629
			    -246.7343
			    199.7153
			    -301.4429
	==================================================================================
	Q5:
		Shape: Ellipse
		q_c:    357.0000    39.0000    201.5000
		ub :    369.9081    51.4717    212.2700
		lb :    344.0919    26.5283    190.7300
		P^-1: 
			    0.0329    0.0255    -0.0311
			    0.0255    0.0477    -0.0403
			    -0.0311    -0.0403    0.0525
	==================================================================================
	Q6:
		Shape: Ellipse
		q_c:    321.5000    43.0000    210.0000
		ub :    339.1493    55.1899    227.5708
		lb :    303.8507    30.8101    192.4292
		P^-1: 
			    0.0080    -0.0009    0.0030
			    -0.0009    0.0144    -0.0018
			    0.0030    -0.0018    0.0102


===========================================================================================
===========================================================================================
S13:
	q_c:    115.5000    211.5000    380.0000
	ub :    134.0000    236.0000    387.0000
	lb :    97.0000    187.0000    373.0000

	==================================================================================
	Q1:
		Shape: Polyhedra
		q_c:    111.5000    211.0000    382.0000
		ub :    114.9260    213.4329    385.4756
		lb :    108.0740    208.5671    378.5244
		A:
			    -0.9606    -0.2015    0.1913
			    0.8123    0.3825    -0.4404
			    -0.0715    -0.7954    -0.6019
			    -0.4845    -0.8158    -0.3159
			    -0.8323    0.2908    0.4719
			    0.8573    0.2926    -0.4237
			    0.7223    0.2154    0.6572
			    -0.6761    0.0198    0.7366
			    0.1456    -0.9763    0.1599
			    -0.7223    -0.2154    -0.6572
			    0.6761    -0.0198    -0.7366
			    -0.1456    0.9763    -0.1599
		b:
			    -74.2171
			    5.4144
			    -403.6261
			    -344.8057
			    151.2637
			    -2.1300
			    379.0245
			    212.6704
			    -126.6787
			    -375.0245
			    -207.6704
			    130.6787
	==================================================================================
	Q2:
		Shape: Hybrid
		q_c:    120.0000    207.5000    377.0000
		ub :    124.4144    211.4856    380.5429
		lb :    115.5856    203.5144    373.4571
		P^-1: 
			    0.1545    -0.0615    -0.0563
			    -0.0615    0.2104    -0.0363
			    -0.0563    -0.0363    0.2168
		A:
			    -0.2675    -0.8553    0.4438
			    -0.8765    0.3799    -0.2957
			    0.3717    -0.0894    0.9240
			    -0.2599    0.4452    0.8569
			    0.8604    -0.4854    0.1555
			    0.7657    -0.1840    -0.6163
		b:
			    -40.9428
			    -136.1744
			    376.1330
			    385.5397
			    62.6047
			    -177.5360
	==================================================================================
	Q3:
		Shape: Ellipse
		q_c:    118.0000    213.0000    388.0000
		ub :    122.0367    216.0791    392.0124
		lb :    113.9633    209.9209    383.9876
		P^-1: 
			    0.2017    -0.1195    0.0094
			    -0.1195    0.3829    0.0341
			    0.0094    0.0341    0.1309
	==================================================================================
	Q4:
		Shape: Hybrid
		q_c:    111.0000    214.0000    380.0000
		ub :    115.4645    218.4696    385.0947
		lb :    106.5355    209.5304    374.9053
		P^-1: 
			    0.1260    -0.0139    -0.0361
			    -0.0139    0.1091    -0.0012
			    -0.0361    -0.0012    0.1177
		A:
			    0.3029    -0.9142    -0.2691
			    -0.4674    0.8831    0.0410
			    -0.0961    0.6940    0.7136
			    0.5596    0.5560    -0.6146
			    -0.2991    0.7580    0.5796
			    -0.7426    0.6609    0.1087
		b:
			    -262.6339
			    154.3014
			    410.7880
			    -50.9112
			    350.8947
			    101.8066
	==================================================================================
	Q5:
		Shape: Polyhedra
		q_c:    115.5000    217.0000    380.5000
		ub :    120.6614    222.0880    385.0981
		lb :    110.3386    211.9120    375.9019
		A:
			    -0.2306    -0.3571    -0.9052
			    -0.6865    -0.5556    -0.4691
			    0.0766    0.0078    0.9970
			    0.9550    -0.0742    -0.2873
			    -0.4843    -0.5754    0.6591
			    0.8847    0.2657    0.3829
			    0.7012    0.6948    0.1601
			    0.6099    -0.4683    -0.6393
			    -0.3692    0.5459    -0.7521
			    -0.7012    -0.6948    -0.1601
			    -0.6099    0.4683    0.6393
			    0.3692    -0.5459    0.7521
		b:
			    -445.4847
			    -375.3597
			    392.8161
			    -11.8038
			    72.9052
			    308.4596
			    295.6656
			    -270.9172
			    -207.8605
			    -289.6656
			    277.9172
			    212.8605
	==================================================================================
	Q6:
		Shape: Ellipse
		q_c:    119.0000    208.5000    386.0000
		ub :    122.8823    211.9501    389.0407
		lb :    115.1177    205.0499    382.9593
		P^-1: 
			    0.2226    0.0634    0.1184
			    0.0634    0.2024    -0.0218
			    0.1184    -0.0218    0.3806


===========================================================================================
===========================================================================================
S14:
	q_c:    154.5000    34.0000    29.0000
	ub :    166.0000    42.0000    49.0000
	lb :    143.0000    26.0000    9.0000

	==================================================================================
	Q1:
		Shape: Hybrid
		q_c:    152.0000    39.0000    29.5000
		ub :    158.8471    45.9793    36.9049
		lb :    145.1529    32.0207    22.0951
		P^-1: 
			    0.0674    0.0005    -0.0175
			    0.0005    0.0440    0.0055
			    -0.0175    0.0055    0.0596
		A:
			    -0.2104    0.5073    0.8357
			    0.9081    0.4048    -0.1074
			    0.5773    0.8052    -0.1352
			    0.4691    -0.3553    -0.8085
			    0.0369    0.3812    -0.9238
			    -0.7945    0.0540    0.6048
		b:
			    14.7043
			    152.8877
			    117.8510
			    35.5523
			    -4.0102
			    -99.0667
	==================================================================================
	Q2:
		Shape: Polyhedra
		q_c:    155.0000    37.0000    32.5000
		ub :    159.2832    41.2598    36.1023
		lb :    150.7168    32.7402    28.8977
		A:
			    0.4153    -0.2801    0.8655
			    0.2162    -0.2914    0.9319
			    -0.8066    0.4358    0.3994
			    -0.4052    0.7285    -0.5523
			    0.6071    0.1756    0.7750
			    0.4449    -0.5302    0.7218
			    0.2213    0.9678    0.1201
			    0.9330    -0.2459    0.2629
			    0.2839    0.0539    -0.9573
			    -0.2213    -0.9678    -0.1201
			    -0.9330    0.2459    -0.2629
			    -0.2839    -0.0539    0.9573
		b:
			    84.8863
			    55.6761
			    -93.0312
			    -50.7368
			    128.7207
			    75.6979
			    77.5067
			    147.0537
			    17.3928
			    -70.5067
			    -141.0537
			    -12.3928
	==================================================================================
	Q3:
		Shape: Polyhedra
		q_c:    161.0000    27.5000    30.0000
		ub :    164.6915    31.5421    33.6094
		lb :    157.3085    23.4579    26.3906
		A:
			    0.7731    0.3529    -0.5270
			    -0.8988    0.0601    0.4343
			    0.7229    -0.6805    0.1195
			    -0.8584    -0.4997    -0.1160
			    0.0625    -0.6680    -0.7415
			    -0.8283    0.1435    -0.5416
			    0.7180    0.5111    0.4725
			    0.6159    -0.1504    -0.7733
			    -0.3242    0.8463    -0.4227
			    -0.7180    -0.5111    -0.4725
			    -0.6159    0.1504    0.7733
			    0.3242    -0.8463    0.4227
		b:
			    120.2862
			    -128.2629
			    103.9894
			    -153.0242
			    -28.4540
			    -142.9629
			    146.3308
			    73.3274
			    -38.6026
			    -141.3308
			    -70.3274
			    44.6026
	==================================================================================
	Q4:
		Shape: Hybrid
		q_c:    157.5000    33.0000    30.5000
		ub :    162.3475    38.3883    33.1718
		lb :    152.6525    27.6117    27.8282
		P^-1: 
			    0.1680    -0.1062    -0.0011
			    -0.1062    0.1427    -0.0740
			    -0.0011    -0.0740    0.4237
		A:
			    0.5479    0.3126    -0.7760
			    -0.8863    0.2157    0.4099
			    -0.1276    -0.6144    0.7786
			    0.4003    0.2013    -0.8940
			    -0.5050    0.7420    -0.4410
			    0.7518    -0.3716    -0.5447
		b:
			    74.9375
			    -118.2134
			    -14.8247
			    43.7302
			    -67.2802
			    90.7875
	==================================================================================
	Q5:
		Shape: Polyhedra
		q_c:    163.0000    32.0000    23.5000
		ub :    168.5216    38.0924    29.4917
		lb :    157.4784    25.9076    17.5083
		A:
			    0.5623    0.4517    -0.6927
			    -0.7017    -0.2575    0.6643
			    0.2703    -0.0507    -0.9614
			    0.1028    0.9705    0.2183
			    -0.5448    -0.6030    -0.5827
			    -0.8044    0.4467    -0.3916
			    0.8162    0.4290    0.3871
			    -0.5768    0.5657    0.5893
			    0.0338    -0.7042    0.7092
			    -0.8162    -0.4290    -0.3871
			    0.5768    -0.5657    -0.5893
			    -0.0338    0.7042    -0.7092
		b:
			    93.3956
			    -103.4992
			    23.1022
			    56.6414
			    -117.4707
			    -122.2163
			    160.3609
			    -59.0686
			    3.1454
			    -151.3609
			    65.0686
			    3.8546
	==================================================================================
	Q6:
		Shape: Hybrid
		q_c:    150.5000    37.0000    26.5000
		ub :    155.0075    41.6254    31.3759
		lb :    145.9925    32.3746    21.6241
		P^-1: 
			    0.1398    -0.0071    -0.0230
			    -0.0071    0.1129    0.0057
			    -0.0230    0.0057    0.1296
		A:
			    0.5840    0.7748    -0.2421
			    -0.4083    0.8929    0.1900
			    0.7869    0.5009    0.3605
			    -0.1791    0.2181    0.9594
			    -0.4683    0.8617    0.1953
			    -0.7408    -0.1105    0.6626
		b:
			    111.8052
			    -21.8018
			    148.2221
			    8.0055
			    -31.8579
			    -96.7238


===========================================================================================
===========================================================================================
S15:
	q_c:    354.0000    21.5000    89.5000
	ub :    361.0000    43.0000    113.0000
	lb :    347.0000    0.0000    66.0000

	==================================================================================
	Q1:
		Shape: Hybrid
		q_c:    356.5000    26.0000    91.0000
		ub :    360.0400    31.3089    95.9623
		lb :    352.9600    20.6911    86.0377
		P^-1: 
			    0.3300    -0.0378    -0.1405
			    -0.0378    0.1111    0.0915
			    -0.1405    0.0915    0.2127
		A:
			    0.9112    0.0344    -0.4106
			    -0.2508    0.2248    0.9416
			    0.5201    0.8022    -0.2933
			    -0.2751    -0.7971    -0.5375
			    0.4461    -0.5414    -0.7127
			    -0.9894    0.0468    0.1376
		b:
			    289.2969
			    3.6925
			    182.3568
			    -165.8665
			    81.1371
			    -337.8428
	==================================================================================
	Q2:
		Shape: Hybrid
		q_c:    353.0000    19.0000    90.0000
		ub :    356.7485    22.2966    93.3949
		lb :    349.2515    15.7034    86.6051
		P^-1: 
			    0.1838    0.0126    0.0377
			    0.0126    0.1667    0.0199
			    0.0377    0.0199    0.2195
		A:
			    -0.4335    -0.0938    0.8962
			    -0.9197    0.3840    0.0814
			    -0.0142    0.7340    -0.6790
			    -0.1463    0.2805    0.9486
			    -0.1657    -0.7632    -0.6245
			    0.2784    -0.6346    -0.7209
		b:
			    -72.7631
			    -308.5800
			    -50.7322
			    40.2718
			    -127.9992
			    22.6604
	==================================================================================
	Q3:
		Shape: Ellipse
		q_c:    348.0000    20.5000    84.5000
		ub :    352.3152    25.1206    88.5620
		lb :    343.6848    15.8794    80.4380
		P^-1: 
			    0.1449    -0.0281    -0.0525
			    -0.0281    0.1344    0.0437
			    -0.0525    0.0437    0.1929
	==================================================================================
	Q4:
		Shape: Polyhedra
		q_c:    349.0000    17.5000    85.5000
		ub :    354.1709    22.5867    90.0939
		lb :    343.8291    12.4133    80.9061
		A:
			    0.6986    -0.4808    0.5299
			    -0.5543    0.5879    -0.5892
			    0.2025    0.7830    -0.5882
			    0.7546    -0.3225    0.5715
			    -0.1634    -0.0786    0.9834
			    -0.5208    -0.3293    0.7876
			    0.7630    0.6261    0.1605
			    0.3335    -0.5940    0.7321
			    0.5537    -0.5050    -0.6621
			    -0.7630    -0.6261    -0.1605
			    -0.3335    0.5940    -0.7321
			    -0.5537    0.5050    0.6621
		b:
			    283.0422
			    -231.3654
			    36.4757
			    308.9292
			    28.8387
			    -116.9891
			    293.9734
			    170.5732
			    131.8087
			    -287.9734
			    -166.5732
			    -123.8087
	==================================================================================
	Q5:
		Shape: Polyhedra
		q_c:    353.0000    17.5000    85.0000
		ub :    355.4902    20.6621    87.3806
		lb :    350.5098    14.3379    82.6194
		A:
			    -0.3649    -0.3164    0.8756
			    0.3849    -0.1830    0.9046
			    0.9763    0.2063    -0.0655
			    0.8542    -0.0667    0.5156
			    0.7266    0.4552    -0.5146
			    0.8405    -0.4956    0.2187
			    0.0403    0.9930    0.1109
			    0.9482    -0.0031    -0.3177
			    -0.3152    0.1179    -0.9417
			    -0.0403    -0.9930    -0.1109
			    -0.9482    0.0031    0.3177
			    0.3152    -0.1179    0.9417
		b:
			    -58.1181
			    211.0600
			    344.7177
			    345.9319
			    222.9016
			    308.7427
			    44.0451
			    309.6451
			    -187.7354
			    -38.0451
			    -305.6451
			    190.7354
	==================================================================================
	Q6:
		Shape: Ellipse
		q_c:    359.0000    23.0000    84.5000
		ub :    364.4615    27.8153    89.4043
		lb :    353.5385    18.1847    79.5957
		P^-1: 
			    0.1016    -0.0041    0.0131
			    -0.0041    0.1093    0.0057
			    0.0131    0.0057    0.0929


===========================================================================================
===========================================================================================
S16:
	q_c:    306.5000    51.5000    318.5000
	ub :    313.0000    58.0000    341.0000
	lb :    300.0000    45.0000    296.0000

	==================================================================================
	Q1:
		Shape: Polyhedra
		q_c:    311.5000    55.0000    320.5000
		ub :    316.4113    59.6078    324.6895
		lb :    306.5887    50.3922    316.3105
		A:
			    0.1187    -0.1017    0.9877
			    -0.7722    -0.4670    -0.4308
			    0.7700    -0.6346    -0.0671
			    -0.4811    -0.5437    -0.6877
			    -0.9312    -0.0070    0.3643
			    0.5355    -0.6158    -0.5779
			    0.5762    0.5641    0.5914
			    0.5828    -0.7909    0.1867
			    0.5731    0.2371    -0.7844
			    -0.5762    -0.5641    -0.5914
			    -0.5828    0.7909    -0.1867
			    -0.5731    -0.2371    0.7844
		b:
			    350.7052
			    -402.1882
			    186.8909
			    -398.1467
			    -170.6642
			    -49.1685
			    402.0593
			    201.3562
			    -56.8579
			    -398.0593
			    -194.3562
			    62.8579
	==================================================================================
	Q2:
		Shape: Hybrid
		q_c:    305.0000    46.5000    321.0000
		ub :    308.5827    50.8419    325.5178
		lb :    301.4173    42.1581    316.4822
		P^-1: 
			    0.1556    0.0095    0.0116
			    0.0095    0.1112    0.0099
			    0.0116    0.0099    0.0859
		A:
			    0.8012    -0.2065    -0.5616
			    -0.7165    0.6974    0.0173
			    -0.6942    -0.0107    0.7197
			    0.6799    -0.5656    0.4667
			    0.2246    0.9745    0.0016
			    0.1596    0.9841    -0.0782
		b:
			    56.2632
			    -178.9264
			    20.7019
			    332.6264
			    116.0120
			    71.0942
	==================================================================================
	Q3:
		Shape: Ellipse
		q_c:    307.0000    51.0000    322.5000
		ub :    311.8898    54.9199    326.7617
		lb :    302.1102    47.0801    318.2383
		P^-1: 
			    0.1861    0.2001    -0.2121
			    0.2001    0.4647    -0.4063
			    -0.2121    -0.4063    0.5124
	==================================================================================
	Q4:
		Shape: Hybrid
		q_c:    309.5000    57.5000    317.5000
		ub :    312.7309    61.7883    321.4688
		lb :    306.2691    53.2117    313.5312
		P^-1: 
			    0.5930    0.1946    -0.3978
			    0.1946    0.1897    -0.1607
			    -0.3978    -0.1607    0.4396
		A:
			    -0.6861    -0.6440    0.3384
			    0.2948    -0.0303    -0.9551
			    0.9712    -0.1907    0.1427
			    -0.0261    0.6916    -0.7218
			    0.7710    0.1539    -0.6179
			    -0.4832    -0.1426    0.8638
		b:
			    -140.8614
			    -212.2480
			    336.9595
			    -195.5690
			    51.8635
			    117.4750
	==================================================================================
	Q5:
		Shape: Polyhedra
		q_c:    304.5000    50.5000    320.5000
		ub :    309.9373    55.9810    325.8131
		lb :    299.0627    45.0190    315.1869
		A:
			    0.5134    -0.8514    -0.1074
			    -0.2761    -0.1739    0.9453
			    -0.4183    0.7196    0.5543
			    0.5245    -0.7306    0.4372
			    -0.5108    0.8259    -0.2386
			    0.0012    0.9471    0.3208
			    0.4370    0.3984    0.8064
			    -0.7775    0.6181    0.1159
			    -0.4523    -0.6776    0.5799
			    -0.4370    -0.3984    -0.8064
			    0.7775    -0.6181    -0.1159
			    0.4523    0.6776    -0.5799
		b:
			    81.9628
			    213.4586
			    89.9672
			    266.0529
			    -187.3049
			    154.4719
			    415.6397
			    -165.3732
			    16.9261
			    -407.6397
			    171.3732
			    -10.9261
	==================================================================================
	Q6:
		Shape: Hybrid
		q_c:    308.5000    53.0000    316.5000
		ub :    311.1018    57.0689    318.9747
		lb :    305.8982    48.9311    314.0253
		P^-1: 
			    0.3080    0.0094    -0.0888
			    0.0094    0.0631    -0.0125
			    -0.0888    -0.0125    0.3858
		A:
			    -0.8788    0.1569    0.4506
			    0.9642    0.2274    0.1367
			    0.9637    -0.0083    -0.2670
			    0.0017    0.2701    -0.9628
			    0.8750    -0.0084    -0.4841
			    0.7504    0.3837    -0.5383
		b:
			    -119.1575
			    354.0474
			    213.3498
			    -288.7785
			    117.1688
			    82.7388


===========================================================================================
===========================================================================================
S17:
	q_c:    138.0000    303.5000    261.0000
	ub :    148.0000    324.0000    273.0000
	lb :    128.0000    283.0000    249.0000

	==================================================================================
	Q1:
		Shape: Polyhedra
		q_c:    148.0000    305.0000    254.0000
		ub :    150.9424    308.3596    256.6532
		lb :    145.0576    301.6404    251.3468
		A:
			    -0.6765    0.6518    -0.3428
			    -0.6909    0.1521    -0.7068
			    -0.2767    -0.4154    0.8666
			    0.2566    -0.2021    0.9451
			    0.3157    0.5134    0.7979
			    0.0256    0.7364    -0.6761
			    0.1935    0.9803    0.0382
			    0.6512    -0.0992    -0.7524
			    -0.7338    0.1705    -0.6576
			    -0.1935    -0.9803    -0.0382
			    -0.6512    0.0992    0.7524
			    0.7338    -0.1705    0.6576
		b:
			    13.4248
			    -234.3761
			    54.8628
			    217.9931
			    408.2081
			    59.1258
			    340.3574
			    -122.4956
			    -222.6316
			    -334.3574
			    127.4956
			    224.6316
	==================================================================================
	Q2:
		Shape: Ellipse
		q_c:    138.5000    307.0000    261.0000
		ub :    147.5609    314.6996    270.1719
		lb :    129.4391    299.3004    251.8281
		P^-1: 
			    0.0345    -0.0022    0.0018
			    -0.0022    0.0364    -0.0027
			    0.0018    -0.0027    0.0352
	==================================================================================
	Q3:
		Shape: Ellipse
		q_c:    133.5000    304.0000    257.0000
		ub :    138.8327    309.7155    263.2074
		lb :    128.1673    298.2845    250.7926
		P^-1: 
			    0.0681    0.0046    0.0074
			    0.0046    0.0801    -0.0025
			    0.0074    -0.0025    0.0776
	==================================================================================
	Q4:
		Shape: Ellipse
		q_c:    143.5000    309.0000    261.0000
		ub :    147.7146    313.2940    265.4568
		lb :    139.2854    304.7060    256.5432
		P^-1: 
			    0.1260    -0.0127    0.0185
			    -0.0127    0.1552    0.0069
			    0.0185    0.0069    0.1499
	==================================================================================
	Q5:
		Shape: Polyhedra
		q_c:    135.5000    315.0000    261.5000
		ub :    140.4554    318.7027    266.6127
		lb :    130.5446    311.2973    256.3873
		A:
			    0.3146    -0.7687    0.5568
			    0.7785    -0.2402    -0.5798
			    0.4493    0.4790    -0.7542
			    -0.5932    0.8034    0.0516
			    -0.3318    0.6518    -0.6819
			    0.9807    0.1355    0.1407
			    0.4551    0.4339    0.7775
			    0.7665    0.2535    -0.5901
			    -0.4531    0.8646    -0.2173
			    -0.4551    -0.4339    -0.7775
			    -0.7665    -0.2535    0.5901
			    0.4531    -0.8646    0.2173
		b:
			    -52.0007
			    -118.5871
			    17.8322
			    187.9845
			    -15.7677
			    215.6702
			    405.1848
			    32.8928
			    155.6197
			    -398.1848
			    -25.8928
			    -152.6197
	==================================================================================
	Q6:
		Shape: Hybrid
		q_c:    135.5000    295.0000    261.5000
		ub :    141.9925    302.1312    268.5383
		lb :    129.0075    287.8688    254.4617
		P^-1: 
			    0.0667    -0.0147    -0.0065
			    -0.0147    0.0618    0.0055
			    -0.0065    0.0055    0.0518
		A:
			    -0.9571    0.1236    -0.2620
			    0.9848    -0.1715    0.0281
			    -0.9458    -0.2330    0.2264
			    0.4526    0.8915    -0.0207
			    -0.4857    0.2619    0.8340
			    0.7731    -0.0741    -0.6300
		b:
			    -159.4596
			    92.2922
			    -135.2906
			    321.6083
			    231.7608
			    -79.6810


===========================================================================================
===========================================================================================
S18:
	q_c:    469.0000    476.5000    447.5000
	ub :    499.0000    496.0000    465.0000
	lb :    439.0000    457.0000    430.0000

	==================================================================================
	Q1:
		Shape: Ellipse
		q_c:    470.0000    458.0000    448.0000
		ub :    476.7827    463.0116    455.3810
		lb :    463.2173    452.9884    440.6190
		P^-1: 
			    0.0982    -0.0382    -0.0431
			    -0.0382    0.1153    0.0128
			    -0.0431    0.0128    0.0559
	==================================================================================
	Q2:
		Shape: Polyhedra
		q_c:    485.0000    464.5000    451.5000
		ub :    495.3398    471.8760    460.9618
		lb :    474.6602    457.1240    442.0382
		A:
			    0.8779    0.4300    -0.2105
			    0.2677    -0.5308    0.8041
			    -0.3773    0.0414    -0.9251
			    0.1434    0.6353    -0.7588
			    -0.0495    -0.1049    -0.9932
			    0.1316    0.9060    -0.4022
			    0.5517    0.0847    0.8297
			    -0.7223    0.5459    0.4245
			    -0.4170    -0.8336    0.3623
			    -0.5517    -0.0847    -0.8297
			    0.7223    -0.5459    -0.4245
			    0.4170    0.8336    -0.3623
		b:
			    535.5667
			    251.4489
			    -575.5704
			    26.0752
			    -514.9002
			    306.6436
			    687.5418
			    102.9061
			    -422.8299
			    -675.5418
			    -86.9061
			    428.8299
	==================================================================================
	Q3:
		Shape: Ellipse
		q_c:    462.5000    458.5000    435.0000
		ub :    471.1495    467.3266    440.4943
		lb :    453.8505    449.6734    429.5057
		P^-1: 
			    0.0378    -0.0112    0.0109
			    -0.0112    0.0326    -0.0110
			    0.0109    -0.0110    0.0748
	==================================================================================
	Q4:
		Shape: Polyhedra
		q_c:    469.0000    482.5000    427.5000
		ub :    484.9233    497.4378    439.6989
		lb :    453.0767    467.5622    415.3011
		A:
			    -0.1105    -0.9435    0.3123
			    0.4463    0.0275    0.8944
			    -0.4576    0.8814    -0.1173
			    -0.0725    -0.7604    -0.6454
			    0.4043    0.1490    -0.9024
			    0.1979    0.8812    -0.4294
			    0.6001    0.7994    0.0290
			    0.7732    -0.5705    -0.2769
			    -0.2048    0.1886    -0.9605
			    -0.6001    -0.7994    -0.0290
			    -0.7732    0.5705    0.2769
			    0.2048    -0.1886    0.9605
		b:
			    -364.7508
			    613.8867
			    171.4692
			    -667.1623
			    -114.6130
			    342.9859
			    687.5505
			    -18.9707
			    -406.6626
			    -671.5505
			    42.9707
			    424.6626
	==================================================================================
	Q5:
		Shape: Polyhedra
		q_c:    468.5000    461.5000    460.5000
		ub :    472.4049    467.0970    466.1343
		lb :    464.5951    455.9030    454.8657
		A:
			    -0.7186    0.6285    0.2976
			    -0.8718    -0.2262    0.4346
			    -0.4013    -0.2372    -0.8847
			    0.5705    -0.4381    -0.6947
			    0.8286    0.2682    -0.4915
			    -0.8295    0.1976    -0.5224
			    0.6177    0.5946    0.5147
			    -0.7852    0.5022    0.3622
			    -0.0431    -0.6279    0.7771
			    -0.6177    -0.5946    -0.5147
			    0.7852    -0.5022    -0.3622
			    0.0431    0.6279    -0.7771
		b:
			    92.5545
			    -309.6925
			    -701.2774
			    -252.4165
			    288.7020
			    -534.7469
			    804.3104
			    32.7209
			    51.8916
			    -797.3104
			    -28.7209
			    -43.8916
	==================================================================================
	Q6:
		Shape: Polyhedra
		q_c:    484.5000    488.5000    438.5000
		ub :    494.8389    498.7242    445.0958
		lb :    474.1611    478.2758    431.9042
		A:
			    -0.8570    0.1396    -0.4960
			    -0.5864    -0.0590    -0.8079
			    0.6776    -0.1193    -0.7257
			    -0.3872    -0.2099    -0.8978
			    0.6821    -0.3961    0.6147
			    -0.4590    0.7402    -0.4913
			    0.4984    0.8589    0.1180
			    0.8042    -0.4073    -0.4329
			    -0.3237    0.3106    -0.8937
			    -0.4984    -0.8589    -0.1180
			    -0.8042    0.4073    0.4329
			    0.3237    -0.3106    0.8937
		b:
			    -559.3751
			    -662.8914
			    -41.6389
			    -679.2384
			    410.6583
			    -71.4531
			    720.2681
			    7.8961
			    -394.0083
			    -705.2681
			    6.1039
			    400.0083


===========================================================================================
===========================================================================================
S19:
	q_c:    212.5000    413.5000    301.0000
	ub :    225.0000    436.0000    319.0000
	lb :    200.0000    391.0000    283.0000

	==================================================================================
	Q1:
		Shape: Hybrid
		q_c:    202.5000    425.0000    303.0000
		ub :    210.4998    429.5388    311.1638
		lb :    194.5002    420.4612    294.8362
		P^-1: 
			    0.0333    0.0019    -0.0064
			    0.0019    0.0805    -0.0066
			    -0.0064    -0.0066    0.0356
		A:
			    -0.2158    -0.0164    0.9763
			    -0.3551    0.9160    -0.1867
			    0.6370    0.0766    0.7670
			    -0.8522    -0.4814    0.2048
			    -0.7071    -0.6767    0.2051
			    0.0818    -0.8032    0.5901
		b:
			    248.6226
			    263.0354
			    398.1853
			    -311.9452
			    -365.9057
			    -143.5975
	==================================================================================
	Q2:
		Shape: Hybrid
		q_c:    225.0000    421.5000    296.5000
		ub :    235.9732    428.7360    305.2808
		lb :    214.0268    414.2640    287.7192
		P^-1: 
			    0.0285    0.0078    -0.0222
			    0.0078    0.0466    0.0065
			    -0.0222    0.0065    0.0478
		A:
			    -0.2840    -0.3946    0.8739
			    -0.7569    -0.5924    0.2759
			    0.7672    0.4067    -0.4959
			    -0.7238    -0.0978    0.6831
			    -0.4352    0.0549    0.8987
			    -0.2457    -0.6740    0.6967
		b:
			    31.9287
			    -335.2208
			    199.6811
			    0.8280
			    193.7867
			    -129.5816
	==================================================================================
	Q3:
		Shape: Hybrid
		q_c:    202.5000    421.5000    296.5000
		ub :    210.4854    427.5790    305.2711
		lb :    194.5146    415.4210    287.7289
		P^-1: 
			    0.0531    -0.0053    -0.0148
			    -0.0053    0.0521    0.0012
			    -0.0148    0.0012    0.0272
		A:
			    0.8093    -0.3270    -0.4880
			    -0.6046    -0.2985    0.7385
			    -0.7157    -0.3795    0.5863
			    -0.9390    -0.0977    0.3298
			    0.2262    -0.9040    -0.3628
			    0.4103    -0.9023    0.1324
		b:
			    -116.5758
			    -26.4232
			    -128.5665
			    -131.3622
			    -440.3032
			    -255.4621
	==================================================================================
	Q4:
		Shape: Hybrid
		q_c:    223.0000    408.5000    307.5000
		ub :    228.1942    415.0023    311.0335
		lb :    217.8058    401.9977    303.9665
		P^-1: 
			    0.2554    -0.0146    -0.3666
			    -0.0146    0.0461    0.0701
			    -0.3666    0.0701    0.8132
		A:
			    0.2811    -0.1046    -0.9539
			    -0.4881    0.1282    0.8633
			    -0.7500    0.1470    0.6449
			    -0.5821    0.0105    0.8130
			    0.5087    -0.2078    -0.8355
			    0.3040    -0.3065    -0.9020
		b:
			    -272.7040
			    209.5709
			    92.5372
			    125.1339
			    -227.5504
			    -333.7591
	==================================================================================
	Q5:
		Shape: Polyhedra
		q_c:    205.5000    412.5000    294.0000
		ub :    211.3940    418.2221    298.5066
		lb :    199.6060    406.7779    289.4934
		A:
			    0.9677    -0.2521    0.0022
			    -0.0045    0.9446    -0.3283
			    0.0457    -0.8479    0.5283
			    -0.5461    -0.4332    0.7170
			    -0.2472    0.9615    0.1198
			    -0.3491    0.8951    -0.2773
			    0.5551    0.7931    0.2507
			    -0.2503    0.4467    -0.8589
			    -0.7932    0.4141    0.4465
			    -0.5551    -0.7931    -0.2507
			    0.2503    -0.4467    0.8589
			    0.7932    -0.4141    -0.4465
		b:
			    99.3212
			    295.3692
			    -182.3092
			    -76.8886
			    384.8295
			    219.0825
			    518.9266
			    -117.7009
			    143.0856
			    -510.9266
			    121.7009
			    -135.0856
	==================================================================================
	Q6:
		Shape: Hybrid
		q_c:    214.5000    407.5000    304.0000
		ub :    223.9546    417.0153    312.5632
		lb :    205.0454    397.9847    295.4368
		P^-1: 
			    0.0405    0.0161    0.0040
			    0.0161    0.0305    0.0143
			    0.0040    0.0143    0.0471
		A:
			    0.4889    0.3831    0.7837
			    0.9287    -0.2529    -0.2711
			    -0.1955    0.1066    -0.9749
			    -0.1184    -0.0831    -0.9895
			    -0.7113    -0.6991    -0.0725
			    0.6612    0.4188    0.6225
		b:
			    501.4112
			    17.8309
			    -291.3572
			    -357.2416
			    -456.9508
			    503.8814


===========================================================================================
===========================================================================================
S20:
	q_c:    72.0000    166.0000    306.5000
	ub :    98.0000    188.0000    325.0000
	lb :    46.0000    144.0000    288.0000

	==================================================================================
	Q1:
		Shape: Polyhedra
		q_c:    66.0000    163.0000    316.0000
		ub :    72.0227    173.1153    325.2517
		lb :    59.9773    152.8847    306.7483
		A:
			    -0.1563    -0.1412    -0.9776
			    -0.9617    -0.2735    -0.0182
			    0.0795    -0.5451    -0.8346
			    0.4641    0.1900    0.8652
			    -0.3203    -0.5502    -0.7712
			    0.6734    -0.5665    -0.4750
			    0.4632    0.5516    0.6937
			    -0.8784    0.1817    0.4421
			    0.1178    -0.8141    0.5687
			    -0.4632    -0.5516    -0.6937
			    0.8784    -0.1817    -0.4421
			    -0.1178    0.8141    -0.5687
		b:
			    -337.0610
			    -110.0448
			    -344.0153
			    339.6300
			    -351.4689
			    -193.4562
			    342.6804
			    115.3419
			    64.2831
			    -336.6804
			    -107.3419
			    -45.2831
	==================================================================================
	Q2:
		Shape: Hybrid
		q_c:    76.0000    165.5000    306.0000
		ub :    87.4795    175.4455    317.2726
		lb :    64.5205    155.5545    294.7274
		P^-1: 
			    0.0245    -0.0065    0.0035
			    -0.0065    0.0275    -0.0004
			    0.0035    -0.0004    0.0153
		A:
			    0.6293    -0.2064    0.7493
			    -0.2378    -0.6812    -0.6924
			    -0.9618    -0.1137    -0.2489
			    0.3709    0.1235    0.9204
			    -0.4335    0.7801    0.4511
			    -0.0374    -0.9947    -0.0957
		b:
			    246.9621
			    -338.2272
			    -164.2184
			    335.1386
			    237.8937
			    -193.1973
	==================================================================================
	Q3:
		Shape: Hybrid
		q_c:    74.0000    181.0000    313.0000
		ub :    82.7511    191.4714    319.7821
		lb :    65.2489    170.5286    306.2179
		P^-1: 
			    0.0324    0.0195    -0.0312
			    0.0195    0.0527    -0.0876
			    -0.0312    -0.0876    0.2037
		A:
			    0.5738    -0.1622    0.8028
			    0.6394    -0.0228    -0.7685
			    0.4180    0.0764    0.9052
			    -0.3638    0.0678    0.9290
			    -0.3620    -0.3312    0.8713
			    0.5170    0.5245    0.6765
		b:
			    267.9356
			    -192.9954
			    331.9830
			    280.1854
			    187.4870
			    350.9870
	==================================================================================
	Q4:
		Shape: Hybrid
		q_c:    85.5000    163.0000    292.5000
		ub :    98.8992    176.1220    301.1093
		lb :    72.1008    149.8780    283.8907
		P^-1: 
			    0.0174    -0.0084    0.0077
			    -0.0084    0.0215    0.0099
			    0.0077    0.0099    0.0451
		A:
			    0.4021    -0.6501    -0.6448
			    -0.0752    0.9797    0.1856
			    0.0791    0.8135    0.5762
			    -0.6029    0.5322    0.5943
			    0.4600    -0.3083    0.8326
			    -0.9600    0.2800    0.0010
		b:
			    -257.1028
			    213.0302
			    312.1443
			    213.0157
			    235.6779
			    -30.3301
	==================================================================================
	Q5:
		Shape: Polyhedra
		q_c:    57.0000    161.5000    299.5000
		ub :    68.2962    170.2157    311.0930
		lb :    45.7038    152.7843    287.9070
		A:
			    0.7524    -0.6493    -0.1106
			    -0.8960    0.3993    -0.1945
			    -0.6251    -0.6609    -0.4153
			    -0.1583    0.1355    0.9781
			    -0.5833    -0.4954    0.6437
			    -0.2976    -0.2592    -0.9188
			    0.8668    0.0091    0.4987
			    -0.4130    0.5737    0.7074
			    -0.2796    -0.8190    0.5010
			    -0.8668    -0.0091    -0.4987
			    0.4130    -0.5737    -0.7074
			    0.2796    0.8190    -0.5010
		b:
			    -88.0652
			    -37.2027
			    -259.4780
			    312.4123
			    85.7188
			    -326.7079
			    208.2197
			    287.4630
			    7.8327
			    -192.2197
			    -274.4630
			    4.1673
	==================================================================================
	Q6:
		Shape: Polyhedra
		q_c:    57.5000    182.0000    304.5000
		ub :    66.8583    195.9249    317.5297
		lb :    48.1417    168.0751    291.4703
		A:
			    0.8126    0.2516    0.5258
			    -0.4043    0.2436    -0.8816
			    0.9188    -0.1212    0.3757
			    -0.0131    -0.2091    -0.9778
			    0.1691    0.8615    0.4788
			    0.6207    -0.0727    -0.7807
			    0.4795    0.3911    0.7855
			    0.0090    0.8929    -0.4501
			    -0.8775    0.2229    0.4247
			    -0.4795    -0.3911    -0.7855
			    -0.0090    -0.8929    0.4501
			    0.8775    -0.2229    -0.4247
		b:
			    259.2127
			    -238.9004
			    152.3099
			    -329.5737
			    320.4928
			    -207.8841
			    344.4553
			    36.9772
			    126.4233
			    -331.4553
			    -14.9772
			    -112.4233


===========================================================================================
===========================================================================================
