3D_50_25_6_b                l = 3

===========================================================================================
===========================================================================================
S1:
	q_c:	210.5	130.0	164.5
	ub :	235.7981	156.0563	184.4871
	lb :	189.0217	115.2381	145.0596

	==================================================================================
	Q1:
		Shape: Polyhedra
		q_c:	219.0	133.5	155.5
		ub :	226.0402	143.7274	165.9404
		lb :	211.9598	123.2726	145.0596
		A:
			0.7734	0.1404	-0.6181
			-0.8814	-0.2614	-0.3934
			-0.7137	-0.0886	0.6948
			-0.8486	-0.3178	-0.4229
			-0.4498	0.8919	-0.0476
			0.084	-0.995	0.0542
			0.1366	0.8701	0.4735
			0.9027	0.0875	-0.4213
			-0.408	0.485	-0.7735
			-0.1366	-0.8701	-0.4735
			-0.9027	-0.0875	0.4213
			0.408	-0.485	0.7735
		b:
			95.8075
			-283.1491
			-56.0391
			-287.9006
			20.1511
			-98.674
			227.2141
			147.3667
			-137.8848
			-212.2141
			-140.3667
			151.8848
	==================================================================================
	Q2:
		Shape: Ellipse
		q_c:	203.5	132.0	166.5
		ub :	210.9674	138.5359	169.3469
		lb :	196.0326	125.4641	163.6531
		P^-1:
			0.0796	0.0123	0.1622
			0.0123	0.1135	-0.1732
			0.1622	-0.1732	0.9384
	==================================================================================
	Q3:
		Shape: Polyhedra
		q_c:	199.5	133.5	169.0
		ub :	209.9783	139.1023	174.7397
		lb :	189.0217	127.8977	163.2603
		A:
			-0.1984	0.9315	0.3048
			-0.343	-0.7005	-0.6258
			-0.3669	-0.6664	0.649
			0.0306	-0.999	0.0322
			-0.4268	-0.7054	0.5659
			0.6232	0.7121	-0.3234
			0.1331	0.9865	0.0956
			0.2166	0.0652	-0.9741
			-0.9671	0.1503	-0.205
			-0.1331	-0.9865	-0.0956
			-0.2166	-0.0652	0.9741
			0.9671	-0.1503	0.205
		b:
			140.8784
			-262.7656
			-48.6118
			-117.5159
			-79.5734
			170.0969
			178.4047
			-109.1909
			-198.0266
			-170.4047
			116.1909
			217.0266
	==================================================================================
	Q4:
		Shape: Hybrid
		q_c:	224.5	133.0	175.5
		ub :	235.7981	142.649	184.4871
		lb :	213.2019	123.351	166.5129
		P^-1:
			0.0185	-0.0048	-0.001
			-0.0048	0.0252	-0.0007
			-0.001	-0.0007	0.0201
		A:
			0.6763	-0.5323	0.5093
			-0.5696	0.8074	0.1539
			-0.017	-0.6677	0.7442
			-0.3334	0.3874	-0.8595
			0.7282	-0.2188	0.6495
			0.2902	0.616	0.7324
		b:
			174.0438
			9.5661
			41.6686
			-170.2928
			252.6054
			279.9943
	==================================================================================
	Q5:
		Shape: Ellipse
		q_c:	220.0	149.5	173.5
		ub :	227.5606	156.0563	180.8492
		lb :	212.4394	142.9437	166.1508
		P^-1:
			0.0507	0.0081	0.0119
			0.0081	0.0655	0.0146
			0.0119	0.0146	0.0548
	==================================================================================
	Q6:
		Shape: Polyhedra
		q_c:	223.0	122.0	176.5
		ub :	227.904	128.7619	183.4055
		lb :	218.096	115.2381	169.5945
		A:
			-0.2468	0.5822	-0.7747
			-0.4364	-0.523	-0.7322
			-0.8144	-0.0132	-0.5801
			0.3111	-0.4263	0.8494
			-0.702	-0.2056	-0.6819
			-0.7346	0.3391	0.5876
			0.1654	0.879	0.4472
			0.9853	-0.1272	-0.1144
			-0.0437	0.4595	-0.8871
			-0.1654	-0.879	-0.4472
			-0.9853	0.1272	0.1144
			0.0437	-0.4595	0.8871
		b:
			-115.8081
			-285.7863
			-281.22
			172.2303
			-297.4865
			-14.5129
			227.5537
			187.996
			-105.2624
			-218.5537
			-179.996
			115.2624


===========================================================================================
===========================================================================================
S2:
	q_c:	26.0	36.0	27.5
	ub :	36.1831	46.1286	35.2586
	lb :	13.0232	27.2051	13.9389

	==================================================================================
	Q1:
		Shape: Hybrid
		q_c:	20.0	33.0	23.5
		ub :	25.0458	37.5206	26.6621
		lb :	14.9542	28.4794	20.3379
		P^-1:
			0.1361	0.1582	-0.1701
			0.1582	0.4118	-0.4054
			-0.1701	-0.4054	0.6257
		A:
			-0.1076	0.1466	0.9833
			0.2444	0.2971	0.923
			0.1934	0.7555	-0.6259
			-0.5361	0.8407	0.0767
			-0.4252	-0.6184	0.6609
			-0.4531	0.8035	0.3861
		b:
			27.7001
			38.5877
			14.839
			22.0613
			-12.6967
			29.7711
	==================================================================================
	Q2:
		Shape: Hybrid
		q_c:	21.5	34.5	31.0
		ub :	25.5054	39.0521	35.2586
		lb :	17.4946	29.9479	26.7414
		P^-1:
			0.1569	-0.0143	-0.005
			-0.0143	0.093	-0.0236
			-0.005	-0.0236	0.1517
		A:
			0.6092	0.7373	0.292
			-0.6799	-0.7288	0.0814
			0.4462	0.0503	0.8935
			0.3159	0.7525	0.5779
			-0.2808	0.5705	0.7718
			-0.4635	0.0171	0.8859
		b:
			49.6663
			-35.3388
			40.488
			52.8268
			39.3852
			19.3909
	==================================================================================
	Q3:
		Shape: Ellipse
		q_c:	19.5	41.5	29.0
		ub :	25.9768	46.1286	34.4884
		lb :	13.0232	36.8714	23.5116
		P^-1:
			0.0342	-0.0078	0.0007
			-0.0078	0.3087	-0.1879
			0.0007	-0.1879	0.184
	==================================================================================
	Q4:
		Shape: Hybrid
		q_c:	33.0	35.5	21.0
		ub :	36.1831	39.8539	25.0
		lb :	29.8169	31.1461	17.0
		P^-1:
			0.4117	-0.0828	-0.0677
			-0.0828	0.2351	-0.1711
			-0.0677	-0.1711	0.3046
		A:
			0.6413	0.4529	-0.6194
			-0.5815	-0.6023	0.5469
			0.9374	0.0403	-0.3459
			-0.1259	0.8162	-0.5638
			-0.1126	0.7683	-0.6301
			-0.7761	0.3855	-0.4991
		b:
			25.0804
			-28.0015
			25.8898
			13.9475
			11.1823
			-21.4044
	==================================================================================
	Q5:
		Shape: Ellipse
		q_c:	27.0	33.0	20.0
		ub :	33.4149	38.7949	26.0611
		lb :	20.5851	27.2051	13.9389
		P^-1:
			0.0816	-0.0281	-0.0058
			-0.0281	0.0776	0.0122
			-0.0058	0.0122	0.0637
	==================================================================================
	Q6:
		Shape: Polyhedra
		q_c:	28.0	33.0	24.0
		ub :	30.2251	38.0524	29.1708
		lb :	25.7749	27.9476	18.8292
		A:
			-0.7088	0.3468	0.6143
			-0.3332	-0.3584	-0.8721
			0.4389	-0.3622	-0.8223
			0.6129	0.7387	-0.2805
			-0.9444	0.2367	0.2281
			-0.1445	-0.7181	-0.6808
			0.2531	0.7607	0.5977
			0.0037	0.617	-0.7869
			-0.9674	0.2013	0.1534
			-0.2531	-0.7607	-0.5977
			-0.0037	-0.617	0.7869
			0.9674	-0.2013	-0.1534
		b:
			8.4957
			-38.8592
			-16.6325
			38.0645
			-11.6412
			-41.0851
			49.5347
			5.5794
			-15.2638
			-43.5347
			2.4206
			18.2638


===========================================================================================
===========================================================================================
S3:
	q_c:	473.0	92.0	165.5
	ub :	494.7127	114.4084	186.8204
	lb :	449.5099	82.7848	142.6422

	==================================================================================
	Q1:
		Shape: Polyhedra
		q_c:	468.0	103.5	163.0
		ub :	477.1191	111.9071	170.536
		lb :	458.8809	95.0929	155.464
		A:
			0.4013	-0.5703	0.7167
			0.8438	0.3082	-0.4393
			-0.145	-0.8855	-0.4414
			0.613	-0.6989	-0.3683
			0.1922	0.6261	-0.7557
			0.4136	-0.072	-0.9076
			0.4936	0.8515	0.1767
			0.7179	-0.5137	0.4698
			0.4908	-0.1051	-0.8649
			-0.4936	-0.8515	-0.1767
			-0.7179	0.5137	-0.4698
			-0.4908	0.1051	0.8649
		b:
			251.0156
			360.3656
			-225.7056
			159.6335
			36.7752
			42.6664
			353.951
			364.9125
			82.3331
			-341.951
			-353.9125
			-73.3331
	==================================================================================
	Q2:
		Shape: Hybrid
		q_c:	476.0	98.0	176.0
		ub :	484.1792	107.5172	185.4692
		lb :	467.8208	88.4828	166.5308
		P^-1:
			0.0785	0.0057	-0.0429
			0.0057	0.0238	0.0018
			-0.0429	0.0018	0.0543
		A:
			-0.3585	0.393	-0.8468
			0.1133	0.6455	-0.7553
			-0.0027	-0.3457	0.9383
			0.7026	0.6568	0.274
			-0.5196	0.2836	0.806
			0.5074	-0.3294	-0.7962
		b:
			-275.4323
			-10.858
			134.7366
			451.1054
			-75.3181
			71.5688
	==================================================================================
	Q3:
		Shape: Polyhedra
		q_c:	469.5	101.5	153.5
		ub :	481.2974	113.4664	164.3578
		lb :	457.7026	89.5336	142.6422
		A:
			0.4759	-0.7034	-0.5281
			0.5541	-0.8177	0.1559
			0.3178	-0.9278	-0.1955
			0.6712	0.7344	0.1002
			0.9771	0.2119	-0.0201
			0.3135	-0.8676	0.386
			0.4318	0.8817	0.1903
			0.7984	-0.2754	-0.5354
			-0.4197	0.3831	-0.8229
			-0.4318	-0.8817	-0.1903
			-0.7984	0.2754	0.5354
			0.4197	-0.3831	0.8229
		b:
			78.0494
			208.2867
			32.6893
			413.4263
			484.5046
			125.8383
			329.917
			271.2008
			-277.4634
			-312.917
			-258.2008
			291.4634
	==================================================================================
	Q4:
		Shape: Polyhedra
		q_c:	460.0	103.0	179.0
		ub :	470.4901	114.4084	186.8204
		lb :	449.5099	91.5916	171.1796
		A:
			0.0765	-0.3608	-0.9295
			0.3893	-0.4065	-0.8266
			0.9813	0.1806	0.0665
			0.0392	0.4596	0.8873
			-0.0055	-0.0587	0.9983
			-0.2233	0.2336	0.9464
			0.7669	0.3823	0.5154
			0.4775	-0.8766	-0.0602
			0.4288	0.2923	-0.8548
			-0.7669	-0.3823	-0.5154
			-0.4775	0.8766	0.0602
			-0.4288	-0.2923	0.8548
		b:
			-162.2676
			-3.8435
			487.491
			230.3123
			175.4926
			96.7727
			489.4244
			127.5714
			79.8227
			-479.4244
			-109.5714
			-68.8227
	==================================================================================
	Q5:
		Shape: Polyhedra
		q_c:	485.0	93.0	161.0
		ub :	488.3996	100.8886	167.7003
		lb :	481.6004	85.1114	154.2997
		A:
			0.9498	0.2865	0.1257
			0.9747	0.1507	-0.1653
			-0.9768	-0.1329	-0.168
			-0.9834	-0.0538	-0.1733
			-0.8084	-0.5279	-0.2603
			0.517	-0.6518	0.5548
			0.9503	0.1062	0.2925
			-0.1778	-0.5862	0.7904
			0.2554	-0.8032	-0.5382
			-0.9503	-0.1062	-0.2925
			0.1778	0.5862	-0.7904
			-0.2554	0.8032	0.5382
		b:
			508.813
			462.3063
			-512.0241
			-508.5203
			-480.1594
			282.9656
			518.8904
			-10.4845
			-29.9527
			-516.8904
			16.4845
			44.9527
	==================================================================================
	Q6:
		Shape: Hybrid
		q_c:	487.0	92.5	165.0
		ub :	494.7127	102.2152	175.4826
		lb :	479.2873	82.7848	154.5174
		P^-1:
			0.0439	-0.0074	0.0093
			-0.0074	0.0276	0.0016
			0.0093	0.0016	0.0235
		A:
			-0.938	0.2825	-0.201
			-0.5345	0.8132	-0.2303
			0.6262	-0.3531	-0.6951
			-0.137	0.9727	-0.1873
			-0.9124	0.3441	-0.2218
			-0.0751	-0.8986	-0.4323
		b:
			-461.538
			-220.0151
			161.8039
			-3.705
			-446.8048
			-187.2406


===========================================================================================
===========================================================================================
S4:
	q_c:	62.0	259.0	175.0
	ub :	68.3966	274.8283	191.7111
	lb :	46.9896	242.2098	157.1427

	==================================================================================
	Q1:
		Shape: Hybrid
		q_c:	55.0	267.0	173.5
		ub :	63.0104	274.8283	178.5787
		lb :	46.9896	259.1717	168.4213
		P^-1:
			0.0406	0.0173	0.0174
			0.0173	0.0513	0.0198
			0.0174	0.0198	0.0964
		A:
			0.3275	-0.4436	0.8342
			0.2842	0.8273	-0.4845
			-0.2671	0.2775	0.9228
			-0.4739	0.8775	-0.0741
			0.1689	-0.2025	-0.9646
			-0.5103	0.7526	-0.4162
		b:
			47.1847
			155.5491
			221.9193
			199.5513
			-210.0036
			104.6941
	==================================================================================
	Q2:
		Shape: Ellipse
		q_c:	61.0	251.5	174.0
		ub :	68.3966	257.6527	178.288
		lb :	53.6034	245.3473	169.712
		P^-1:
			0.0442	-0.0224	-0.0143
			-0.0224	0.0684	-0.0064
			-0.0143	-0.0064	0.108
	==================================================================================
	Q3:
		Shape: Ellipse
		q_c:	58.5	264.0	177.5
		ub :	64.9828	271.0167	184.0064
		lb :	52.0172	256.9833	170.9936
		P^-1:
			0.1026	0.0153	0.0563
			0.0153	0.0471	0.0083
			0.0563	0.0083	0.0997
	==================================================================================
	Q4:
		Shape: Polyhedra
		q_c:	57.5	249.5	185.0
		ub :	64.2462	256.7902	191.7111
		lb :	50.7538	242.2098	178.2889
		A:
			0.9003	0.4148	-0.1319
			0.8395	0.2604	0.4768
			-0.2004	0.4162	0.8869
			-0.4085	0.4795	-0.7767
			-0.6859	-0.4384	-0.5808
			0.7591	0.5809	-0.2938
			0.6834	0.6695	0.291
			-0.1404	-0.2706	0.9524
			0.7164	-0.6918	-0.0909
			-0.6834	-0.6695	-0.291
			0.1404	0.2706	-0.9524
			-0.7164	0.6918	0.0909
		b:
			134.9226
			205.3752
			261.506
			-42.2487
			-252.4536
			138.4679
			263.6711
			106.1177
			-143.2181
			-256.6711
			-95.1177
			153.2181
	==================================================================================
	Q5:
		Shape: Hybrid
		q_c:	57.5	264.5	163.5
		ub :	62.764	271.1209	169.8573
		lb :	52.236	257.8791	157.1427
		P^-1:
			0.0812	-0.0024	-0.0029
			-0.0024	0.0687	-0.0156
			-0.0029	-0.0156	0.0628
		A:
			0.6812	-0.7034	0.2029
			-0.5944	-0.7843	-0.1777
			-0.4645	-0.4871	0.7396
			-0.5272	0.1352	0.8389
			0.6653	-0.5752	-0.476
			-0.1621	-0.1063	0.981
		b:
			-111.9002
			-268.4036
			-32.8173
			144.8316
			-189.5155
			125.193
	==================================================================================
	Q6:
		Shape: Hybrid
		q_c:	63.5	254.0	177.0
		ub :	66.981	258.4731	181.5678
		lb :	60.019	249.5269	172.4322
		P^-1:
			0.1466	0.074	0.0716
			0.074	0.2342	0.1731
			0.0716	0.1731	0.2372
		A:
			0.4209	-0.8628	-0.2801
			0.7914	0.477	0.3824
			0.6086	0.5496	0.5723
			0.4675	0.7301	0.4983
			0.6153	-0.7403	0.2709
			0.7634	0.5995	-0.2405
		b:
			-239.9727
			240.4231
			280.5056
			304.2657
			-98.1867
			160.5355


===========================================================================================
===========================================================================================
S5:
	q_c:	83.5	364.5	170.0
	ub :	98.3712	374.5441	175.5074
	lb :	76.1032	353.7419	158.4214

	==================================================================================
	Q1:
		Shape: Polyhedra
		q_c:	91.0	357.5	167.5
		ub :	95.3171	361.2581	171.3202
		lb :	86.6829	353.7419	163.6798
		A:
			0.171	0.3101	0.9352
			-0.4201	0.6082	-0.6735
			-0.2042	0.4826	-0.8517
			-0.1552	-0.7316	-0.6638
			0.6433	-0.2559	0.7216
			-0.2515	0.7571	-0.603
			0.0422	0.9926	0.1137
			0.8388	0.0266	-0.5438
			-0.5428	0.1183	-0.8315
			-0.0422	-0.9926	-0.1137
			-0.8388	-0.0266	0.5438
			0.5428	-0.1183	0.8315
		b:
			285.4776
			68.5803
			13.506
			-383.7958
			89.58
			149.4135
			381.2434
			-1.2264
			-144.8765
			-374.2434
			9.2264
			147.8765
	==================================================================================
	Q2:
		Shape: Ellipse
		q_c:	90.0	361.0	171.0
		ub :	94.1648	363.4882	174.5079
		lb :	85.8352	358.5118	167.4921
		P^-1:
			0.211	-0.3096	-0.0353
			-0.3096	0.8767	0.0261
			-0.0353	0.0261	0.154
	==================================================================================
	Q3:
		Shape: Polyhedra
		q_c:	94.5	370.0	162.5
		ub :	98.3712	374.5441	166.5786
		lb :	90.6288	365.4559	158.4214
		A:
			0.571	0.7579	-0.3155
			0.1052	0.2631	0.959
			-0.409	-0.1369	0.9022
			0.574	0.0768	0.8152
			-0.6062	-0.7742	-0.182
			-0.4281	0.3056	0.8505
			0.4996	0.7807	0.3755
			0.8619	-0.4043	-0.3061
			-0.0871	0.4765	-0.8748
			-0.4996	-0.7807	-0.3755
			-0.8619	0.4043	0.3061
			0.0871	-0.4765	0.8748
		b:
			285.9165
			265.823
			59.8041
			217.8429
			-370.3414
			213.3976
			400.0721
			-115.3939
			28.4083
			-394.0721
			120.3939
			-23.4083
	==================================================================================
	Q4:
		Shape: Ellipse
		q_c:	81.5	359.5	165.5
		ub :	86.8968	364.7108	169.3043
		lb :	76.1032	354.2892	161.6957
		P^-1:
			0.0943	0.021	-0.0208
			0.021	0.0868	0.0144
			-0.0208	0.0144	0.1525
	==================================================================================
	Q5:
		Shape: Hybrid
		q_c:	86.0	368.0	169.5
		ub :	92.5392	373.4402	175.5074
		lb :	79.4608	362.5598	163.4926
		P^-1:
			0.0686	-0.0071	-0.0141
			-0.0071	0.0777	-0.0077
			-0.0141	-0.0077	0.0663
		A:
			0.5113	0.3216	-0.797
			0.6037	0.1763	-0.7775
			-0.8997	-0.237	0.3665
			-0.6253	-0.7772	0.0708
			-0.0355	0.7917	0.6099
			0.4239	-0.6233	-0.6571
		b:
			29.0122
			-13.2262
			-100.5499
			-325.6137
			393.8991
			-302.3652
	==================================================================================
	Q6:
		Shape: Polyhedra
		q_c:	81.0	367.5	168.0
		ub :	82.9448	373.6635	173.9616
		lb :	79.0552	361.3365	162.0384
		A:
			0.9333	0.1656	-0.3187
			-0.9967	0.0416	0.0696
			-0.2669	0.8956	-0.356
			-0.9351	0.2469	0.2541
			-0.9422	0.2786	-0.186
			-0.8951	-0.1419	0.4226
			0.1531	0.7308	0.6651
			0.0384	0.6682	-0.743
			-0.9875	0.1393	0.0743
			-0.1531	-0.7308	-0.6651
			-0.0384	-0.6682	0.743
			0.9875	-0.1393	-0.0743
		b:
			84.4318
			-52.6702
			251.001
			59.2026
			-3.8635
			-52.0216
			398.2333
			126.8377
			-15.3112
			-387.2333
			-120.8377
			17.3112


===========================================================================================
===========================================================================================
S6:
	q_c:	74.5	488.5	277.0
	ub :	86.9188	497.8086	283.9318
	lb :	66.8693	476.1976	267.9293

	==================================================================================
	Q1:
		Shape: Polyhedra
		q_c:	70.0	481.5	273.5
		ub :	73.1307	486.8024	279.0707
		lb :	66.8693	476.1976	267.9293
		A:
			-0.6778	0.3013	-0.6707
			-0.9626	-0.0422	0.2677
			0.6641	-0.2881	0.6899
			0.2286	0.8884	-0.3981
			-0.645	0.0723	0.7607
			-0.1868	-0.4617	0.8672
			0.3768	0.5768	0.7248
			0.0152	0.7785	-0.6275
			-0.9262	0.2475	0.2845
			-0.3768	-0.5768	-0.7248
			-0.0152	-0.7785	0.6275
			0.9262	-0.2475	-0.2845
		b:
			-82.5013
			-12.6881
			99.8063
			338.0381
			200.1016
			4.8493
			506.8434
			207.2742
			133.6654
			-497.8434
			-201.2742
			-130.6654
	==================================================================================
	Q2:
		Shape: Polyhedra
		q_c:	75.0	489.5	275.0
		ub :	78.427	493.2685	277.6308
		lb :	71.573	485.7315	272.3692
		A:
			0.2667	-0.1942	-0.944
			0.1884	0.2624	-0.9464
			0.289	-0.3979	0.8707
			0.3007	0.839	0.4535
			-0.8734	-0.2995	0.3839
			-0.5198	0.2404	0.8198
			0.709	0.3298	0.6233
			0.3468	-0.9327	0.0989
			0.614	0.146	-0.7757
			-0.709	-0.3298	-0.6233
			-0.3468	0.9327	-0.0989
			-0.614	-0.146	0.7757
		b:
			-333.1204
			-116.1474
			68.6757
			560.6656
			-105.0667
			305.5688
			388.5115
			-400.3411
			-94.7672
			-383.5115
			406.3411
			96.7672
	==================================================================================
	Q3:
		Shape: Polyhedra
		q_c:	76.5	488.0	276.5
		ub :	80.8766	492.6305	280.4377
		lb :	72.1234	483.3695	272.5623
		A:
			-0.0194	0.8868	-0.4618
			0.9865	-0.0773	-0.1447
			-0.1605	-0.9217	-0.3532
			0.0686	-0.2603	-0.9631
			0.0804	0.9712	0.2243
			0.1392	0.0976	-0.9854
			0.7475	0.6389	0.1819
			0.2308	-0.5065	0.8308
			0.6229	-0.579	-0.526
			-0.7475	-0.6389	-0.1819
			-0.2308	0.5065	-0.8308
			-0.6229	0.579	0.526
		b:
			306.1863
			0.4558
			-556.9084
			-385.5246
			544.8914
			-211.6944
			422.2625
			2.709
			-377.8517
			-416.2625
			2.291
			382.8517
	==================================================================================
	Q4:
		Shape: Polyhedra
		q_c:	73.0	486.0	280.0
		ub :	75.8568	489.5529	283.9318
		lb :	70.1432	482.4471	276.0682
		A:
			0.6734	0.7306	0.1134
			-0.4965	-0.8562	0.1428
			-0.8084	0.4682	0.3568
			0.0138	-0.9773	0.2116
			0.2045	-0.6138	0.7625
			-0.6339	0.7728	-0.0301
			0.1866	0.6735	0.7153
			-0.1841	0.7391	-0.6479
			-0.965	-0.0107	0.2619
			-0.1866	-0.6735	-0.7153
			0.1841	-0.7391	0.6479
			0.965	0.0107	-0.2619
		b:
			438.2687
			-410.0272
			270.5933
			-412.2114
			-67.4034
			323.2342
			543.7081
			166.8576
			-0.3171
			-538.7081
			-161.8576
			4.3171
	==================================================================================
	Q5:
		Shape: Polyhedra
		q_c:	82.0	483.0	275.0
		ub :	86.9188	488.8797	280.8671
		lb :	77.0812	477.1203	269.1329
		A:
			0.9679	0.1123	0.2248
			0.916	0.4003	0.0263
			-0.7736	-0.6236	-0.1126
			-0.1245	0.3899	0.9124
			-0.6226	0.7195	0.3077
			-0.7763	-0.4923	-0.3937
			0.3904	0.8176	0.4233
			0.9166	-0.3021	-0.2617
			-0.0861	0.4902	-0.8674
			-0.3904	-0.8176	-0.4233
			-0.9166	0.3021	0.2617
			0.0861	-0.4902	0.8674
		b:
			198.9691
			279.1735
			-392.0847
			432.7084
			384.5872
			-406.2178
			546.808
			-139.2463
			-4.8256
			-539.808
			146.2463
			12.8256
	==================================================================================
	Q6:
		Shape: Hybrid
		q_c:	74.5	493.5	278.0
		ub :	77.9269	497.8086	282.4204
		lb :	71.0731	489.1914	273.5796
		P^-1:
			0.1117	0.0066	-0.0094
			0.0066	0.1806	-0.0899
			-0.0094	-0.0899	0.1313
		A:
			0.6951	-0.5356	0.4796
			0.5276	-0.551	0.6465
			-0.7003	-0.6941	0.1666
			-0.4135	0.8731	-0.2584
			0.4983	-0.8643	0.0682
			0.2434	-0.931	0.2722
		b:
			-77.5864
			-51.4019
			-346.7007
			329.7092
			-368.6139
			-364.2117


===========================================================================================
===========================================================================================
S7:
	q_c:	105.5	67.0	457.0
	ub :	119.2999	84.2617	475.3766
	lb :	90.0073	53.5522	439.7672

	==================================================================================
	Q1:
		Shape: Polyhedra
		q_c:	111.0	75.0	461.0
		ub :	119.2999	82.3146	468.5604
		lb :	102.7001	67.6854	453.4396
		A:
			0.7127	0.6552	0.2506
			0.279	-0.5421	-0.7927
			0.6474	-0.6398	-0.4142
			0.839	0.1274	-0.529
			0.6124	0.789	-0.05
			-0.0791	-0.4409	-0.8941
			0.3372	0.8667	0.3676
			0.5557	0.132	-0.8208
			-0.7599	0.4811	-0.4371
			-0.3372	-0.8667	-0.3676
			-0.5557	-0.132	0.8208
			0.7599	-0.4811	0.4371
		b:
			248.4415
			-370.8296
			-162.1125
			-136.8995
			108.511
			-449.6112
			276.4166
			-302.8227
			-243.7762
			-267.4166
			310.8227
			255.7762
	==================================================================================
	Q2:
		Shape: Hybrid
		q_c:	99.0	66.5	453.5
		ub :	107.9927	74.8895	462.1143
		lb :	90.0073	58.1105	444.8857
		P^-1:
			0.0195	-0.0007	-0.0047
			-0.0007	0.018	0.0019
			-0.0047	0.0019	0.0311
		A:
			-0.6097	0.5342	0.5856
			-0.077	-0.9881	-0.1335
			-0.5283	0.7518	0.3946
			-0.7465	0.0516	0.6634
			0.8513	0.0136	-0.5245
			0.1592	-0.731	-0.6635
		b:
			244.1937
			-129.2093
			180.6588
			233.6513
			-149.0632
			-330.1076
	==================================================================================
	Q3:
		Shape: Polyhedra
		q_c:	104.0	67.0	452.0
		ub :	109.7713	72.9886	457.7804
		lb :	98.2287	61.0114	446.2196
		A:
			0.3307	-0.9089	0.254
			0.3573	-0.0664	-0.9316
			0.3393	-0.3584	-0.8697
			-0.9533	-0.0988	0.2855
			0.0557	0.1909	-0.98
			0.8003	-0.3696	-0.4722
			0.1886	0.9454	0.2659
			0.6728	0.0729	-0.7363
			-0.7154	0.3177	-0.6223
			-0.1886	-0.9454	-0.2659
			-0.6728	-0.0729	0.7363
			0.7154	-0.3177	0.6223
		b:
			93.0475
			-385.7653
			-378.8528
			26.3209
			-420.8523
			-151.9514
			207.637
			-255.9409
			-329.3813
			-198.637
			259.9409
			339.3813
	==================================================================================
	Q4:
		Shape: Ellipse
		q_c:	107.0	70.0	447.5
		ub :	114.8129	77.1795	455.2328
		lb :	99.1871	62.8205	439.7672
		P^-1:
			0.0246	-0.0006	0.0042
			-0.0006	0.043	0.0046
			0.0042	0.0046	0.0454
	==================================================================================
	Q5:
		Shape: Ellipse
		q_c:	103.0	58.0	466.5
		ub :	107.1383	62.4478	468.8864
		lb :	98.8617	53.5522	464.1136
		P^-1:
			0.2976	0.1851	-0.016
			0.1851	0.2111	0.0202
			-0.016	0.0202	0.4427
	==================================================================================
	Q6:
		Shape: Ellipse
		q_c:	104.5	76.5	468.5
		ub :	108.0023	84.2617	475.3766
		lb :	100.9977	68.7383	461.6234
		P^-1:
			0.4044	0.1018	-0.0698
			0.1018	0.0613	-0.0015
			-0.0698	-0.0015	0.0649


===========================================================================================
===========================================================================================
S8:
	q_c:	26.5	205.0	305.0
	ub :	34.3064	210.5918	314.6284
	lb :	19.9025	198.1636	300.6675

	==================================================================================
	Q1:
		Shape: Polyhedra
		q_c:	31.0	201.5	303.0
		ub :	34.3064	203.92	305.3325
		lb :	27.6936	199.08	300.6675
		A:
			-0.0738	-0.8051	0.5885
			0.1435	0.5787	-0.8028
			-0.2132	-0.5459	0.8103
			-0.2022	-0.6169	0.7606
			-0.0892	0.7926	-0.6032
			0.3659	0.3996	0.8405
			0.1267	0.6931	0.7096
			0.0303	0.7124	-0.7011
			-0.9915	0.1104	0.0693
			-0.1267	-0.6931	-0.7096
			-0.0303	-0.7124	0.7011
			0.9915	-0.1104	-0.0693
		b:
			14.4187
			-121.4448
			129.8085
			100.6782
			-25.1432
			348.9667
			361.1047
			-67.462
			15.4935
			-356.1047
			68.462
			-9.4935
	==================================================================================
	Q2:
		Shape: Polyhedra
		q_c:	30.5	201.5	308.5
		ub :	32.7231	204.2908	310.6895
		lb :	28.2769	198.7092	306.3105
		A:
			0.1305	-0.0781	0.9884
			0.6721	-0.1247	0.7299
			-0.8678	0.406	0.2864
			0.4417	-0.7301	0.5214
			-0.2136	0.0748	-0.9741
			0.4568	-0.2272	0.8601
			0.4253	0.8618	0.2764
			-0.01	0.3099	-0.9507
			-0.905	0.4016	0.1404
			-0.4253	-0.8618	-0.2764
			0.01	-0.3099	0.9507
			0.905	-0.4016	-0.1404
		b:
			294.6946
			222.1153
			145.185
			28.7644
			-290.3811
			235.0182
			273.9029
			-229.6656
			98.1232
			-269.9029
			232.6656
			-95.1232
	==================================================================================
	Q3:
		Shape: Ellipse
		q_c:	29.0	206.5	310.0
		ub :	33.1615	210.5918	314.6284
		lb :	24.8385	202.4082	305.3716
		P^-1:
			0.155	0.0114	-0.0095
			0.0114	0.1341	0.0216
			-0.0095	0.0216	0.142
	==================================================================================
	Q4:
		Shape: Hybrid
		q_c:	25.5	201.0	309.0
		ub :	27.8732	203.8364	311.8525
		lb :	23.1268	198.1636	306.1475
		P^-1:
			0.7396	-0.055	-0.3528
			-0.055	0.2562	0.0397
			-0.3528	0.0397	0.5042
		A:
			0.8235	-0.5628	0.0717
			0.7312	-0.3748	-0.57
			-0.1424	0.9334	-0.3294
			0.6715	-0.5063	0.5411
			-0.6973	0.1824	0.6932
			0.6328	0.0727	-0.7709
		b:
			-68.8363
			-232.1856
			83.6758
			84.0134
			233.6089
			-206.839
	==================================================================================
	Q5:
		Shape: Ellipse
		q_c:	22.0	201.5	307.5
		ub :	24.0975	204.743	311.1331
		lb :	19.9025	198.257	303.8669
		P^-1:
			3.1652	1.5481	0.1631
			1.5481	1.12	-0.1165
			0.1631	-0.1165	0.2409
	==================================================================================
	Q6:
		Shape: Hybrid
		q_c:	28.0	204.0	309.0
		ub :	29.9886	206.1937	310.9933
		lb :	26.0114	201.8063	307.0067
		P^-1:
			0.5767	-0.0797	-0.226
			-0.0797	0.2873	0.142
			-0.226	0.142	0.8305
		A:
			-0.8408	0.4403	0.3149
			-0.0932	-0.3468	-0.9333
			0.0223	-0.0037	-0.9997
			0.6287	0.7324	0.2613
			0.3834	0.2573	-0.887
			0.0124	-0.3215	-0.9468
		b:
			164.3627
			-361.0343
			-308.3671
			249.0445
			-210.0582
			-357.1565


===========================================================================================
===========================================================================================
S9:
	q_c:	470.5	257.0	449.5
	ub :	483.7977	268.3301	459.6921
	lb :	458.2451	249.8738	437.3188

	==================================================================================
	Q1:
		Shape: Ellipse
		q_c:	469.0	257.0	452.0
		ub :	476.1517	264.1262	459.3995
		lb :	461.8483	249.8738	444.6005
		P^-1:
			0.0613	0.0173	0.0099
			0.0173	0.0624	0.0032
			0.0099	0.0032	0.0473
	==================================================================================
	Q2:
		Shape: Ellipse
		q_c:	478.5	262.0	442.5
		ub :	483.7977	265.7595	447.6812
		lb :	473.2023	258.2405	437.3188
		P^-1:
			0.0972	-0.0486	0.043
			-0.0486	0.2069	-0.0435
			0.043	-0.0435	0.1195
	==================================================================================
	Q3:
		Shape: Polyhedra
		q_c:	462.5	265.5	455.5
		ub :	466.7549	268.3301	459.6921
		lb :	458.2451	262.6699	451.3079
		A:
			-0.3145	-0.9077	-0.2778
			-0.3701	-0.4918	0.7882
			-0.6282	0.7646	-0.1444
			-0.9076	-0.0425	0.4177
			0.5391	-0.7394	-0.4033
			-0.023	0.8844	0.4662
			0.8614	0.2266	0.4545
			-0.3116	0.9425	0.1206
			-0.4011	-0.2455	0.8825
			-0.8614	-0.2266	-0.4545
			0.3116	-0.9425	-0.1206
			0.4011	0.2455	-0.8825
		b:
			-510.8263
			60.2087
			-151.4182
			-237.8942
			-128.8273
			438.429
			668.6044
			162.5849
			154.3248
			-662.6044
			-159.5849
			-148.3248
	==================================================================================
	Q4:
		Shape: Ellipse
		q_c:	478.0	257.0	454.5
		ub :	483.2352	260.8234	457.5185
		lb :	472.7648	253.1766	451.4815
		P^-1:
			0.0977	-0.0789	-0.0336
			-0.0789	0.2091	-0.0174
			-0.0336	-0.0174	0.2426
	==================================================================================
	Q5:
		Shape: Hybrid
		q_c:	469.5	259.0	444.0
		ub :	473.3327	263.0582	447.6679
		lb :	465.6673	254.9418	440.3321
		P^-1:
			0.3808	0.3583	0.2374
			0.3583	0.5133	0.2756
			0.2374	0.2756	0.2987
		A:
			0.6464	0.7481	0.1502
			-0.8805	0.1789	-0.439
			-0.7194	-0.3832	-0.5793
			0.269	0.5629	0.7815
			0.8395	0.5433	-0.0048
			-0.4159	-0.7998	-0.4328
		b:
			564.7981
			-559.6557
			-693.2457
			620.2547
			534.1848
			-593.88
	==================================================================================
	Q6:
		Shape: Polyhedra
		q_c:	469.5	256.5	450.0
		ub :	473.6968	262.3469	455.5846
		lb :	465.3032	250.6531	444.4154
		A:
			-0.7296	-0.3079	-0.6107
			0.6671	0.7309	-0.1441
			-0.538	-0.8407	-0.062
			-0.9763	-0.0082	0.2161
			0.2573	0.8772	0.4054
			0.6002	-0.6996	-0.3877
			0.1606	0.6451	0.747
			0.9195	-0.3729	0.1243
			0.3587	0.6669	-0.6531
			-0.1606	-0.6451	-0.747
			-0.9195	0.3729	-0.1243
			-0.3587	-0.6669	0.6531
		b:
			-692.8371
			439.3626
			-492.3985
			-360.4538
			532.1727
			-68.8924
			581.0403
			394.5054
			49.0927
			-573.0403
			-389.5054
			-42.0927


===========================================================================================
===========================================================================================
S10:
	q_c:	305.5	470.5	369.0
	ub :	310.2336	475.9479	377.1161
	lb :	298.1448	464.6959	362.4755

	==================================================================================
	Q1:
		Shape: Hybrid
		q_c:	307.5	472.5	372.0
		ub :	310.2336	475.9479	375.707
		lb :	304.7664	469.0521	368.293
		P^-1:
			0.614	0.3482	0.1602
			0.3482	0.4783	0.2269
			0.1602	0.2269	0.2688
		A:
			-0.3396	-0.7875	-0.5143
			-0.945	0.2965	-0.1381
			0.7379	0.3895	0.5512
			-0.6407	-0.7678	0.0007
			0.731	0.6664	0.1472
			-0.7938	-0.6027	-0.0821
		b:
			-667.0985
			-200.2775
			616.8033
			-558.5814
			595.0015
			-558.7277
	==================================================================================
	Q2:
		Shape: Polyhedra
		q_c:	305.5	467.0	366.0
		ub :	308.4594	469.2073	369.5245
		lb :	302.5406	464.7927	362.4755
		A:
			-0.091	-0.9257	-0.3672
			-0.2464	0.9655	-0.084
			-0.3813	-0.894	-0.2352
			0.07	-0.9861	-0.1504
			-0.5018	-0.8196	-0.2764
			-0.2616	0.9598	0.1016
			0.1449	0.9338	0.3271
			0.9822	-0.0957	-0.1617
			-0.1197	0.3447	-0.931
			-0.1449	-0.9338	-0.3271
			-0.9822	0.0957	0.1617
			0.1197	-0.3447	0.931
		b:
			-593.4886
			346.6091
			-618.9201
			-492.9615
			-635.9109
			407.031
			601.0779
			198.6672
			-213.3335
			-599.0779
			-193.6672
			219.3335
	==================================================================================
	Q3:
		Shape: Ellipse
		q_c:	304.5	470.0	369.0
		ub :	306.7792	472.6682	371.528
		lb :	302.2208	467.3318	366.472
		P^-1:
			0.6819	0.1016	-0.2792
			0.1016	0.4373	-0.2195
			-0.2792	-0.2195	0.5752
	==================================================================================
	Q4:
		Shape: Hybrid
		q_c:	303.0	467.0	373.0
		ub :	306.5415	469.3041	376.9464
		lb :	299.4585	464.6959	369.0536
		P^-1:
			0.1537	-0.0127	0.0204
			-0.0127	0.4299	-0.0651
			0.0204	-0.0651	0.1319
		A:
			0.4009	0.8468	-0.3496
			0.4619	0.7904	-0.4023
			0.2738	0.0661	0.9595
			-0.3445	-0.7882	0.5099
			0.001	0.6283	0.778
			-0.5822	0.812	0.0409
		b:
			387.6503
			360.2739
			473.7774
			-281.0845
			585.849
			219.3054
	==================================================================================
	Q5:
		Shape: Polyhedra
		q_c:	306.5	471.5	366.5
		ub :	308.8983	473.9865	369.0504
		lb :	304.1017	469.0135	363.9496
		A:
			-0.986	0.0221	0.1651
			-0.9352	0.3425	-0.0898
			-0.5959	0.3352	0.7298
			-0.6442	0.715	-0.2717
			0.4618	-0.2272	-0.8574
			0.5101	-0.7998	-0.3163
			0.4904	0.4784	0.7284
			-0.7489	0.6588	0.0715
			-0.4457	-0.5806	0.6814
			-0.4904	-0.4784	-0.7284
			0.7489	-0.6588	-0.0715
			0.4457	0.5806	-0.6814
		b:
			-230.0016
			-156.8715
			244.215
			41.2097
			-278.3165
			-335.4992
			644.854
			108.3114
			-159.1228
			-640.854
			-106.3114
			162.1228
	==================================================================================
	Q6:
		Shape: Hybrid
		q_c:	302.0	471.0	373.0
		ub :	305.8552	475.0496	377.1161
		lb :	298.1448	466.9504	368.8839
		P^-1:
			0.1995	0.0347	-0.0373
			0.0347	0.19	-0.0403
			-0.0373	-0.0403	0.1022
		A:
			-0.0158	0.8031	-0.5957
			-0.2352	-0.8625	0.448
			-0.9118	-0.2312	-0.3394
			-0.6416	0.3914	-0.6597
			-0.5492	-0.804	0.228
			-0.9981	-0.0487	0.0377
		b:
			152.7164
			-309.0035
			-509.1348
			-253.5128
			-458.4354
			-308.9758


===========================================================================================
===========================================================================================
S11:
	q_c:	104.0	246.0	82.0
	ub :	114.3675	261.9588	96.9586
	lb :	88.9816	235.4769	69.0519

	==================================================================================
	Q1:
		Shape: Ellipse
		q_c:	96.0	254.0	76.5
		ub :	103.0184	261.9588	83.9481
		lb :	88.9816	246.0412	69.0519
		P^-1:
			0.0713	0.0199	-0.0331
			0.0199	0.0459	-0.0137
			-0.0331	-0.0137	0.067
	==================================================================================
	Q2:
		Shape: Ellipse
		q_c:	106.5	243.5	90.0
		ub :	114.3675	251.5231	96.9586
		lb :	98.6325	235.4769	83.0414
		P^-1:
			0.0446	0.0175	0.0164
			0.0175	0.0503	0.0078
			0.0164	0.0078	0.064
	==================================================================================
	Q3:
		Shape: Ellipse
		q_c:	99.5	249.5	89.0
		ub :	106.8155	254.7395	95.8591
		lb :	92.1845	244.2605	82.1409
		P^-1:
			0.0507	-0.005	0.0349
			-0.005	0.1258	-0.042
			0.0349	-0.042	0.0929
	==================================================================================
	Q4:
		Shape: Ellipse
		q_c:	102.5	253.0	77.5
		ub :	109.3388	258.6521	84.8795
		lb :	95.6612	247.3479	70.1205
		P^-1:
			0.1691	-0.1776	-0.0616
			-0.1776	0.2738	0.1009
			-0.0616	0.1009	0.0788
	==================================================================================
	Q5:
		Shape: Polyhedra
		q_c:	103.0	241.5	83.0
		ub :	107.9685	246.5045	87.7177
		lb :	98.0315	236.4955	78.2823
		A:
			0.37	0.8017	0.4695
			-0.097	0.7519	-0.6521
			-0.3303	0.0722	-0.9411
			-0.0621	-0.6082	0.7914
			0.3224	0.4005	0.8577
			-0.2654	-0.9637	-0.0306
			0.9018	0.3293	0.2799
			-0.027	-0.6035	0.7969
			0.4313	-0.7262	-0.5353
			-0.9018	-0.3293	-0.2799
			0.027	0.6035	-0.7969
			-0.4313	0.7262	0.5353
		b:
			274.2435
			120.0004
			-91.6515
			-85.0849
			204.5241
			-259.3748
			199.6344
			-79.8656
			-172.3948
			-191.6344
			84.8656
			178.3948
	==================================================================================
	Q6:
		Shape: Hybrid
		q_c:	107.5	254.0	84.5
		ub :	114.0957	259.562	91.6006
		lb :	100.9043	248.438	77.3994
		P^-1:
			0.0495	-0.001	0.0003
			-0.001	0.0615	-0.0033
			0.0003	-0.0033	0.0503
		A:
			0.3798	0.5142	-0.769
			0.04	-0.6452	0.7629
			-0.5944	-0.471	0.6518
			-0.7321	0.6748	-0.0933
			-0.4338	0.8741	-0.2184
			0.1997	0.7491	-0.6317
		b:
			108.737
			-92.9485
			-126.1225
			87.0653
			159.0161
			160.481


===========================================================================================
===========================================================================================
S12:
	q_c:	514.5	226.0	181.0
	ub :	527.4833	239.7909	194.4783
	lb :	495.8062	212.6324	163.3226

	==================================================================================
	Q1:
		Shape: Hybrid
		q_c:	517.5	224.5	180.5
		ub :	525.2564	232.4438	186.6818
		lb :	509.7436	216.5562	174.3182
		P^-1:
			0.0393	0.0165	0.0097
			0.0165	0.0531	-0.0132
			0.0097	-0.0132	0.0753
		A:
			-0.4119	0.8362	-0.3621
			0.2988	0.873	0.3855
			-0.0159	-0.2247	-0.9743
			0.3237	-0.0881	0.9421
			0.1109	0.8865	-0.4492
			0.6633	0.0475	0.7469
		b:
			-87.3614
			422.864
			-232.0789
			319.6166
			177.551
			490.9719
	==================================================================================
	Q2:
		Shape: Ellipse
		q_c:	517.5	220.5	175.0
		ub :	523.2572	227.234	181.5932
		lb :	511.7428	213.766	168.4068
		P^-1:
			0.1034	-0.0179	0.0149
			-0.0179	0.0695	0.0346
			0.0149	0.0346	0.0824
	==================================================================================
	Q3:
		Shape: Ellipse
		q_c:	522.0	231.5	185.5
		ub :	527.4833	239.6484	194.4783
		lb :	516.5167	223.3516	176.5217
		P^-1:
			0.0762	-0.0064	-0.0156
			-0.0064	0.0319	-0.0019
			-0.0156	-0.0019	0.0303
	==================================================================================
	Q4:
		Shape: Ellipse
		q_c:	505.5	221.5	172.5
		ub :	515.1938	230.3676	180.5975
		lb :	495.8062	212.6324	164.4025
		P^-1:
			0.0312	0.0075	0.0004
			0.0075	0.0318	0.0031
			0.0004	0.0031	0.0337
	==================================================================================
	Q5:
		Shape: Polyhedra
		q_c:	516.5	220.0	184.0
		ub :	521.2198	224.8038	188.1055
		lb :	511.7802	215.1962	179.8945
		A:
			0.424	0.1609	0.8912
			0.95	0.2016	-0.2384
			-0.5992	0.8004	-0.0208
			0.8321	0.3945	-0.3899
			0.6049	0.6906	-0.3965
			0.0452	0.4544	-0.8897
			0.7892	0.5229	0.3221
			0.5789	-0.8086	-0.1056
			0.2052	0.2698	-0.9408
			-0.7892	-0.5229	-0.3221
			-0.5789	0.8086	0.1056
			-0.2052	-0.2698	0.9408
		b:
			421.3952
			494.1678
			-134.2104
			447.8309
			394.3936
			-37.3723
			584.9193
			104.6754
			-4.7642
			-578.9193
			-98.6754
			10.7642
	==================================================================================
	Q6:
		Shape: Polyhedra
		q_c:	510.0	234.5	168.5
		ub :	514.4034	239.7909	173.6774
		lb :	505.5966	229.2091	163.3226
		A:
			0.449	-0.8267	0.3391
			-0.9208	-0.3842	0.0671
			0.5503	-0.3767	-0.7452
			0.3741	-0.8524	0.3653
			0.8753	0.4208	-0.2383
			-0.3403	0.5915	-0.731
			0.8827	0.2898	0.37
			-0.2044	-0.4721	0.8575
			0.4232	-0.8325	-0.3575
			-0.8827	-0.2898	-0.37
			0.2044	0.4721	-0.8575
			-0.4232	0.8325	0.3575
		b:
			95.7085
			-545.677
			70.263
			55.9042
			507.807
			-154.6532
			582.971
			-66.9731
			-36.1166
			-577.971
			73.9731
			43.1166


===========================================================================================
===========================================================================================
S13:
	q_c:	254.0	30.5	97.5
	ub :	260.8168	36.1296	100.9529
	lb :	249.0442	24.8828	90.9884

	==================================================================================
	Q1:
		Shape: Ellipse
		q_c:	257.0	27.5	96.0
		ub :	258.7054	29.1556	97.8265
		lb :	255.2946	25.8444	94.1735
		P^-1:
			0.9653	-0.0271	0.1317
			-0.0271	0.9788	0.1029
			0.1317	0.1029	0.5004
	==================================================================================
	Q2:
		Shape: Ellipse
		q_c:	257.0	29.5	95.0
		ub :	260.1498	32.3144	97.8781
		lb :	253.8502	26.6856	92.1219
		P^-1:
			0.3192	0.0004	-0.0931
			0.0004	0.25	-0.0006
			-0.0931	-0.0006	0.3753
	==================================================================================
	Q3:
		Shape: Hybrid
		q_c:	258.0	28.0	95.5
		ub :	260.8168	29.8166	98.0548
		lb :	255.1832	26.1834	92.9452
		P^-1:
			0.4384	0.1172	0.3776
			0.1172	0.9755	-0.0788
			0.3776	-0.0788	0.7461
		A:
			0.4625	-0.3445	0.8169
			0.5954	0.6653	0.4504
			-0.1244	-0.8352	0.5357
			0.8564	-0.2538	0.4497
			0.3847	0.5388	0.7494
			0.3811	0.8632	0.3311
		b:
			188.207
			215.7901
			-3.6622
			257.8001
			186.4992
			154.6113
	==================================================================================
	Q4:
		Shape: Ellipse
		q_c:	254.0	31.5	94.0
		ub :	257.1766	34.0424	97.0116
		lb :	250.8234	28.9576	90.9884
		P^-1:
			0.2828	-0.0719	-0.0115
			-0.0719	0.4076	0.0253
			-0.0115	0.0253	0.2541
	==================================================================================
	Q5:
		Shape: Hybrid
		q_c:	257.5	28.0	98.0
		ub :	259.8773	31.1172	100.9529
		lb :	255.1227	24.8828	95.0471
		P^-1:
			0.4216	-0.0655	-0.0409
			-0.0655	0.1764	0.0103
			-0.0409	0.0103	0.1664
		A:
			0.297	-0.7778	-0.5539
			-0.7907	-0.5635	-0.2393
			-0.5197	0.4603	0.7197
			-0.3747	-0.9049	0.202
			-0.8427	-0.4591	0.2814
			0.4529	0.7678	-0.4531
		b:
			1.9044
			-241.3806
			-49.1176
			-100.3054
			-201.001
			95.3943
	==================================================================================
	Q6:
		Shape: Ellipse
		q_c:	251.5	34.5	95.0
		ub :	253.9558	36.1296	97.9182
		lb :	249.0442	32.8704	92.0818
		P^-1:
			0.5455	-0.2301	-0.1173
			-0.2301	0.8633	0.0659
			-0.1173	0.0659	0.1957


===========================================================================================
===========================================================================================
S14:
	q_c:	18.0	498.5	187.5
	ub :	29.9396	521.2222	211.9786
	lb :	-4.1547	475.4747	156.2899

	==================================================================================
	Q1:
		Shape: Hybrid
		q_c:	22.0	510.5	184.0
		ub :	29.9396	519.2616	193.8203
		lb :	14.0604	501.7384	174.1797
		P^-1:
			0.0562	0.0104	0.0124
			0.0104	0.0183	0.003
			0.0124	0.003	0.0175
		A:
			-0.9224	-0.3681	0.1169
			0.3057	0.8783	0.3677
			0.4773	-0.8459	0.2379
			0.773	0.4059	0.4875
			-0.8974	-0.3602	0.2548
			0.4821	-0.8287	-0.2844
		b:
			-183.6983
			527.6364
			-371.8603
			316.521
			-153.1631
			-458.7569
	==================================================================================
	Q2:
		Shape: Hybrid
		q_c:	12.5	510.0	173.0
		ub :	29.1547	521.2222	189.7101
		lb :	-4.1547	498.7778	156.2899
		P^-1:
			0.0098	-0.0007	0.0023
			-0.0007	0.0136	-0.0003
			0.0023	-0.0003	0.0079
		A:
			-0.0286	0.9995	-0.0125
			0.8981	0.2391	0.3692
			0.0105	0.9915	-0.1301
			0.4261	-0.0015	0.9047
			-0.6252	0.7775	0.068
			-0.2389	0.7305	0.6398
		b:
			511.5644
			202.4317
			487.6687
			167.1621
			405.4694
			486.4504
	==================================================================================
	Q3:
		Shape: Polyhedra
		q_c:	19.5	506.0	201.0
		ub :	29.894	517.6899	210.7024
		lb :	9.106	494.3101	191.2976
		A:
			0.1713	0.2049	-0.9637
			-0.5258	0.8017	-0.2842
			-0.7173	0.338	-0.6093
			0.7436	-0.2985	0.5983
			-0.7598	-0.2042	0.6173
			-0.5008	-0.284	0.8176
			0.2569	0.9636	0.0746
			0.9331	-0.2272	-0.2789
			-0.2518	0.1413	-0.9574
			-0.2569	-0.9636	-0.0746
			-0.9331	0.2272	0.2789
			0.2518	-0.1413	0.9574
		b:
			-79.2338
			346.3134
			41.7705
			-9.1212
			13.0447
			18.2428
			517.0642
			-146.3182
			-118.3666
			-498.0642
			159.3182
			133.3666
	==================================================================================
	Q4:
		Shape: Polyhedra
		q_c:	11.0	490.5	183.0
		ub :	22.581	503.8035	195.1677
		lb :	-0.581	477.1965	170.8323
		A:
			-0.3984	0.5068	0.7645
			0.1827	0.9231	0.3383
			0.8176	-0.3326	0.47
			0.3568	0.8909	0.2812
			0.321	0.8737	0.3655
			0.7494	0.6453	-0.1481
			0.6992	0.4475	0.5575
			-0.1933	-0.6325	0.7501
			0.6883	-0.6322	-0.3557
			-0.6992	-0.4475	-0.5575
			0.1933	0.6325	-0.7501
			-0.6883	0.6322	0.3557
		b:
			392.97
			523.9238
			-60.6728
			498.9372
			505.5658
			304.289
			334.2215
			-167.0764
			-358.1434
			-324.2215
			183.0764
			377.1434
	==================================================================================
	Q5:
		Shape: Hybrid
		q_c:	8.5	485.5	197.0
		ub :	19.0075	495.5253	206.0929
		lb :	-2.0075	475.4747	187.9071
		P^-1:
			0.0329	0.0167	-0.0011
			0.0167	0.0316	0.0053
			-0.0011	0.0053	0.0265
		A:
			0.0997	0.8919	0.4411
			0.4869	0.8241	0.2893
			0.69	0.1265	0.7127
			-0.7849	0.2974	-0.5436
			0.5819	0.4412	0.6832
			0.5861	0.5163	-0.6244
		b:
			524.2608
			463.7514
			211.8723
			36.2385
			356.8645
			135.8433
	==================================================================================
	Q6:
		Shape: Ellipse
		q_c:	7.5	497.5	202.5
		ub :	11.5559	502.6482	211.9786
		lb :	3.4441	492.3518	193.0214
		P^-1:
			0.0818	-0.0021	0.0028
			-0.0021	0.1065	-0.0204
			0.0028	-0.0204	0.0168


===========================================================================================
===========================================================================================
S15:
	q_c:	120.0	378.0	454.0
	ub :	124.7861	384.0314	458.9666
	lb :	116.0483	375.0297	449.9924

	==================================================================================
	Q1:
		Shape: Hybrid
		q_c:	118.5	379.5	452.5
		ub :	120.9517	381.6038	455.0076
		lb :	116.0483	377.3962	449.9924
		P^-1:
			0.4444	0.0	-0.0
			0.0	0.4444	0.0
			-0.0	0.0	0.4444
		A:
			0.4638	0.3732	-0.8035
			-0.2494	-0.9641	0.0908
			-0.3947	-0.6533	-0.6461
			-0.2334	-0.5738	0.7851
			-0.1324	-0.676	-0.7249
			-0.6952	0.4864	0.5293
		b:
			-166.2318
			-353.5894
			-586.3022
			110.5883
			-599.5027
			342.4758
	==================================================================================
	Q2:
		Shape: Hybrid
		q_c:	122.0	379.5	453.5
		ub :	124.1992	381.2563	455.5393
		lb :	119.8008	377.7437	451.4607
		P^-1:
			0.669	0.2588	0.0859
			0.2588	0.7426	0.0989
			0.0859	0.0989	0.4773
		A:
			0.0811	-0.0685	0.9944
			-0.6418	0.5006	0.5809
			0.7691	0.2065	0.6048
			-0.8889	0.1409	0.4359
			-0.6759	-0.1799	-0.7147
			0.4614	0.4735	0.7503
		b:
			435.8025
			376.1568
			447.208
			143.658
			-474.1116
			576.9281
	==================================================================================
	Q3:
		Shape: Hybrid
		q_c:	118.5	379.0	453.5
		ub :	120.3481	381.0302	455.6907
		lb :	116.6519	376.9698	451.3093
		P^-1:
			0.6911	-0.1145	-0.2512
			-0.1145	0.4976	0.1166
			-0.2512	0.1166	0.7002
		A:
			-0.0988	0.2031	0.9742
			0.9619	-0.2454	0.1203
			-0.1013	0.5934	0.7985
			-0.6717	0.4485	-0.5897
			-0.0776	0.2127	0.974
			0.8931	0.244	-0.3779
		b:
			507.7495
			76.3984
			575.7288
			-176.0703
			513.8559
			27.6382
	==================================================================================
	Q4:
		Shape: Ellipse
		q_c:	119.5	378.5	455.5
		ub :	121.3473	380.7819	457.7219
		lb :	117.6527	376.2181	453.2781
		P^-1:
			0.4444	-0.0	-0.0
			-0.0	0.4444	-0.0
			-0.0	-0.0	0.4444
	==================================================================================
	Q5:
		Shape: Hybrid
		q_c:	123.0	377.0	454.5
		ub :	124.7861	378.9703	456.5243
		lb :	121.2139	375.0297	452.4757
		P^-1:
			0.952	-0.1203	0.0995
			-0.1203	0.6986	0.2493
			0.0995	0.2493	0.7939
		A:
			0.3592	0.7811	0.5108
			-0.9125	-0.2923	0.2861
			0.735	0.0402	-0.6769
			0.3784	0.7119	0.5916
			0.5958	-0.7315	0.3315
			0.9961	-0.0325	-0.0818
		b:
			571.3738
			-91.6781
			-201.3582
			584.3725
			-51.1755
			73.6471
	==================================================================================
	Q6:
		Shape: Ellipse
		q_c:	121.5	381.0	456.0
		ub :	124.3405	384.0314	458.9666
		lb :	118.6595	377.9686	453.0334
		P^-1:
			0.2508	0.008	0.0092
			0.008	0.3334	0.0959
			0.0092	0.0959	0.3602


===========================================================================================
===========================================================================================
S16:
	q_c:	341.5	281.5	234.0
	ub :	350.4435	287.4409	243.165
	lb :	333.5071	273.8514	227.7579

	==================================================================================
	Q1:
		Shape: Polyhedra
		q_c:	336.0	282.5	232.0
		ub :	338.4055	285.8472	234.9028
		lb :	333.5945	279.1528	229.0972
		A:
			-0.6664	0.7099	0.2281
			0.2961	-0.0459	-0.954
			0.4222	-0.2114	-0.8815
			0.1059	0.5439	0.8324
			0.9812	-0.0296	-0.1907
			0.8598	-0.2272	-0.4573
			0.6475	0.183	0.7398
			-0.7244	0.4492	0.5229
			-0.2366	-0.8745	0.4234
			-0.6475	-0.183	-0.7398
			0.7244	-0.4492	-0.5229
			0.2366	0.8745	-0.4234
		b:
			31.0112
			-133.1279
			-121.0114
			383.7652
			278.4939
			119.7832
			442.3787
			5.7959
			-225.3182
			-439.3787
			-3.7959
			231.3182
	==================================================================================
	Q2:
		Shape: Ellipse
		q_c:	345.5	279.0	235.0
		ub :	350.4435	284.1486	240.2267
		lb :	340.5565	273.8514	229.7733
		P^-1:
			0.1092	-0.0063	0.0035
			-0.0063	0.0901	0.0118
			0.0035	0.0118	0.1045
	==================================================================================
	Q3:
		Shape: Ellipse
		q_c:	343.0	280.5	239.5
		ub :	346.8925	283.776	243.165
		lb :	339.1075	277.224	235.835
		P^-1:
			0.2063	0.0332	-0.0304
			0.0332	0.1838	-0.0218
			-0.0304	-0.0218	0.1799
	==================================================================================
	Q4:
		Shape: Hybrid
		q_c:	346.0	278.5	235.5
		ub :	349.8679	282.3838	239.3849
		lb :	342.1321	274.6162	231.6151
		P^-1:
			0.1637	0.0126	-0.0127
			0.0126	0.2026	-0.0431
			-0.0127	-0.0431	0.2037
		A:
			-0.815	-0.4767	0.3294
			-0.6147	-0.6301	0.4745
			-0.0953	0.8314	-0.5474
			-0.5922	-0.2777	0.7564
			-0.5696	0.0579	0.8199
			0.1478	-0.9654	-0.2147
		b:
			-335.9421
			-275.3073
			70.7432
			-102.9354
			13.443
			-266.9079
	==================================================================================
	Q5:
		Shape: Polyhedra
		q_c:	341.5	285.0	237.0
		ub :	343.6685	287.4409	238.8442
		lb :	339.3315	282.5591	235.1558
		A:
			0.2666	0.0324	-0.9633
			-0.1349	0.5892	0.7966
			-0.1509	-0.1485	-0.9773
			0.4788	-0.4522	0.7525
			-0.1435	-0.4554	-0.8787
			0.7527	-0.1796	-0.6334
			0.3824	0.1127	0.9171
			-0.8974	0.2816	0.3396
			-0.22	-0.9529	0.2088
			-0.3824	-0.1127	-0.9171
			0.8974	-0.2816	-0.3396
			0.22	0.9529	-0.2088
		b:
			-126.7203
			311.995
			-324.4348
			214.3388
			-385.8631
			57.1911
			381.0695
			-144.2247
			-295.1998
			-379.0695
			147.2247
			299.1998
	==================================================================================
	Q6:
		Shape: Polyhedra
		q_c:	336.5	281.5	231.5
		ub :	339.4929	284.7469	235.2421
		lb :	333.5071	278.2531	227.7579
		A:
			-0.8717	0.4651	0.1544
			-0.7415	0.5086	0.4377
			0.5906	-0.7495	0.299
			0.9407	-0.3388	-0.0175
			0.7399	-0.0651	0.6696
			0.9735	-0.2208	0.0592
			0.2578	0.2647	0.9292
			-0.7741	0.6321	0.0348
			-0.5781	-0.7283	0.3679
			-0.2578	-0.2647	-0.9292
			0.7741	-0.6321	-0.0348
			0.5781	0.7283	-0.3679
		b:
			-125.5026
			-3.5078
			58.3878
			218.4267
			388.1355
			280.6381
			379.3818
			-73.5265
			-311.9031
			-373.3818
			75.5265
			316.9031


===========================================================================================
===========================================================================================
S17:
	q_c:	92.0	76.0	160.5
	ub :	95.4379	80.0956	164.3311
	lb :	90.1564	73.6463	157.8793

	==================================================================================
	Q1:
		Shape: Ellipse
		q_c:	93.0	77.5	160.5
		ub :	94.3043	78.4895	161.856
		lb :	91.6957	76.5105	159.144
		P^-1:
			1.2328	-0.7704	0.2256
			-0.7704	3.5486	-0.7463
			0.2256	-0.7463	1.2185
	==================================================================================
	Q2:
		Shape: Ellipse
		q_c:	92.5	78.0	162.0
		ub :	94.6913	80.0956	164.3311
		lb :	90.3087	75.9044	159.6689
		P^-1:
			0.6898	-0.2359	0.1431
			-0.2359	0.6712	-0.1376
			0.1431	-0.1376	0.5279
	==================================================================================
	Q3:
		Shape: Polyhedra
		q_c:	92.0	76.0	161.5
		ub :	93.6068	77.6883	163.1555
		lb :	90.3932	74.3117	159.8445
		A:
			0.1167	-0.317	-0.9412
			-0.925	0.3361	0.1774
			-0.7723	0.3892	-0.5021
			-0.2271	0.9644	0.1352
			-0.7397	-0.3708	-0.5615
			-0.86	0.492	-0.1358
			0.7768	0.5453	0.315
			0.2536	-0.7287	0.6362
			0.5764	-0.4143	-0.7043
			-0.7768	-0.5453	-0.315
			-0.2536	0.7287	-0.6362
			-0.5764	0.4143	0.7043
		b:
			-164.3615
			-29.9067
			-121.5623
			75.233
			-185.9245
			-62.652
			164.7817
			71.6856
			-91.2028
			-162.7817
			-69.6856
			93.2028
	==================================================================================
	Q4:
		Shape: Hybrid
		q_c:	93.0	77.5	161.0
		ub :	95.1536	79.7535	163.2275
		lb :	90.8464	75.2465	158.7725
		P^-1:
			0.7502	0.0683	0.2678
			0.0683	0.4597	0.0598
			0.2678	0.0598	0.679
		A:
			-0.2642	-0.4598	-0.8478
			-0.596	-0.0541	-0.8011
			0.5019	-0.1452	0.8526
			0.4725	0.758	0.4497
			0.6037	-0.7959	0.0457
			0.11	-0.255	-0.9607
		b:
			-196.0181
			-188.0751
			173.3056
			175.8098
			2.7681
			-163.3465
	==================================================================================
	Q5:
		Shape: Ellipse
		q_c:	94.0	75.5	160.0
		ub :	95.4379	77.3537	161.6182
		lb :	92.5621	73.6463	158.3818
		P^-1:
			2.5111	-0.1542	-1.5516
			-0.1542	0.681	0.4961
			-1.5516	0.4961	2.2524
	==================================================================================
	Q6:
		Shape: Polyhedra
		q_c:	92.5	76.0	160.0
		ub :	94.8436	78.1442	162.1207
		lb :	90.1564	73.8558	157.8793
		A:
			0.6789	-0.3035	0.6686
			-0.8527	0.435	-0.2892
			0.9037	-0.1358	0.4061
			0.0806	-0.9249	-0.3716
			0.025	-0.449	-0.8932
			-0.8801	-0.059	-0.4711
			0.6548	0.709	0.2617
			-0.4449	0.6415	-0.6249
			-0.6109	0.2928	0.7355
			-0.6548	-0.709	-0.2617
			0.4449	-0.6415	0.6249
			0.6109	-0.2928	-0.7355
		b:
			147.8039
			-90.9122
			139.4881
			-120.855
			-173.2504
			-159.9582
			157.8256
			-91.384
			84.9252
			-154.8256
			93.384
			-81.9252


===========================================================================================
===========================================================================================
S18:
	q_c:	189.5	494.0	225.5
	ub :	203.8171	509.4784	246.6558
	lb :	168.9103	472.8826	212.9497

	==================================================================================
	Q1:
		Shape: Hybrid
		q_c:	175.0	491.0	228.0
		ub :	180.8213	496.7095	234.5612
		lb :	169.1787	485.2905	221.4388
		P^-1:
			0.0992	-0.0416	-0.0006
			-0.0416	0.1188	0.0346
			-0.0006	0.0346	0.0635
		A:
			0.5303	-0.5669	0.6303
			-0.6085	-0.6246	-0.4896
			0.1795	0.9299	0.321
			-0.0909	0.9929	-0.0766
			0.6156	-0.2385	0.7511
			0.9329	-0.299	-0.2009
		b:
			-39.2361
			-522.5395
			563.1464
			456.3666
			164.438
			-27.4939
	==================================================================================
	Q2:
		Shape: Hybrid
		q_c:	184.5	489.0	241.0
		ub :	189.3165	493.1009	246.6558
		lb :	179.6835	484.8991	235.3442
		P^-1:
			0.1896	-0.0128	0.0907
			-0.0128	0.1489	0.0344
			0.0907	0.0344	0.1114
		A:
			-0.6959	0.1589	-0.7003
			-0.4595	-0.4479	-0.767
			0.7197	-0.6717	-0.1756
			-0.0005	-0.6786	-0.7345
			-0.6384	0.7545	0.1522
			-0.1542	0.9822	-0.1075
		b:
			-218.1223
			-487.2392
			-236.2831
			-507.052
			289.4657
			427.7608
	==================================================================================
	Q3:
		Shape: Polyhedra
		q_c:	190.0	504.0	236.5
		ub :	195.6241	509.4784	241.1241
		lb :	184.3759	498.5216	231.8759
		A:
			0.6194	0.5746	0.535
			0.5755	0.2286	-0.7852
			-0.1453	-0.8385	0.5251
			0.1204	-0.0982	-0.9879
			-0.9279	0.234	-0.2903
			0.2359	-0.4677	0.8518
			0.6985	0.4601	0.5482
			-0.2448	-0.5662	0.7871
			0.6725	-0.684	-0.2828
			-0.6985	-0.4601	-0.5482
			0.2448	0.5662	-0.7871
			-0.6725	0.684	0.2828
		b:
			537.3035
			41.4243
			-323.6586
			-257.3442
			-123.2707
			13.0488
			497.7242
			-143.7122
			-279.8286
			-490.7242
			147.7122
			287.8286
	==================================================================================
	Q4:
		Shape: Polyhedra
		q_c:	192.5	498.0	229.0
		ub :	201.8896	507.624	236.9947
		lb :	183.1104	488.376	221.0053
		A:
			0.1086	0.5668	0.8166
			-0.136	-0.3748	-0.9171
			0.7723	0.5023	0.3889
			-0.5043	-0.4972	-0.7061
			-0.4122	-0.6884	-0.5968
			-0.7151	0.49	-0.4985
			0.5924	0.3394	0.7307
			-0.608	0.7833	0.1291
			-0.5286	-0.5208	0.6704
			-0.5924	-0.3394	-0.7307
			0.608	-0.7833	-0.1291
			0.5286	0.5208	-0.6704
		b:
			494.3461
			-418.6623
			492.0034
			-503.1932
			-555.099
			-2.6171
			453.3614
			308.6324
			-200.0801
			-447.3614
			-296.6324
			215.0801
	==================================================================================
	Q5:
		Shape: Ellipse
		q_c:	179.0	483.5	226.0
		ub :	189.0897	494.1174	234.8823
		lb :	168.9103	472.8826	217.1177
		P^-1:
			0.0179	0.0011	-0.0019
			0.0011	0.025	-0.0132
			-0.0019	-0.0132	0.042
	==================================================================================
	Q6:
		Shape: Polyhedra
		q_c:	198.0	488.5	221.5
		ub :	203.8171	497.7681	230.0503
		lb :	192.1829	479.2319	212.9497
		A:
			0.526	0.8197	0.2267
			-0.5946	-0.7942	-0.1252
			0.8794	0.0601	-0.4723
			-0.4243	-0.6038	0.6748
			-0.4303	-0.1731	-0.8859
			0.0057	-0.0263	-0.9996
			0.9194	0.392	0.0328
			0.298	-0.7484	0.5925
			0.2568	-0.535	-0.8049
			-0.9194	-0.392	-0.0328
			-0.298	0.7484	-0.5925
			-0.2568	0.535	0.8049
		b:
			558.7826
			-529.5912
			102.3974
			-223.6303
			-360.5884
			-227.1973
			383.2787
			-167.8634
			-383.7849
			-378.2787
			182.8634
			393.7849


===========================================================================================
===========================================================================================
S19:
	q_c:	289.0	383.5	205.5
	ub :	307.4854	393.5265	218.5915
	lb :	285.4101	372.0474	194.6749

	==================================================================================
	Q1:
		Shape: Hybrid
		q_c:	301.0	386.5	212.5
		ub :	307.4854	393.5265	218.5915
		lb :	294.5146	379.4735	206.4085
		P^-1:
			0.0714	0.0066	-0.023
			0.0066	0.0654	-0.0267
			-0.023	-0.0267	0.0769
		A:
			-0.6405	0.2928	-0.7099
			-0.8731	0.4478	-0.1928
			-0.2785	0.9302	-0.2391
			0.6768	-0.7298	0.0964
			0.0792	-0.9305	0.3577
			0.4698	-0.2329	0.8515
		b:
			-227.7684
			-128.1473
			227.3028
			-55.3831
			-257.5872
			235.0345
	==================================================================================
	Q2:
		Shape: Polyhedra
		q_c:	287.5	388.5	203.0
		ub :	289.5899	391.1964	205.9243
		lb :	285.4101	385.8036	200.0757
		A:
			0.8831	-0.0018	0.4691
			0.4957	-0.5524	-0.6702
			-0.4212	0.2475	-0.8725
			0.4163	-0.7668	-0.4886
			0.8271	-0.1811	-0.532
			-0.8616	-0.1212	0.4929
			0.7934	0.5766	0.1948
			0.5964	-0.6728	-0.4377
			-0.1213	0.4635	-0.8778
			-0.7934	-0.5766	-0.1948
			-0.5964	0.6728	0.4377
			0.1213	-0.4635	0.8778
		b:
			350.2198
			-206.9581
			-199.6731
			-276.3799
			60.7418
			-193.2447
			493.1766
			-177.7765
			-30.5236
			-490.1766
			179.7765
			35.5236
	==================================================================================
	Q3:
		Shape: Polyhedra
		q_c:	295.5	384.5	204.5
		ub :	301.1291	387.674	210.6566
		lb :	289.8709	381.326	198.3434
		A:
			0.7425	0.6418	-0.1916
			0.6699	-0.6293	0.394
			0.2422	0.9616	-0.1291
			0.361	0.8761	-0.3196
			0.6802	0.43	-0.5937
			0.9104	0.3008	-0.2841
			0.546	0.1421	0.8256
			0.3678	0.8448	-0.3887
			-0.7527	0.5159	0.409
			-0.546	-0.1421	-0.8256
			-0.3678	-0.8448	0.3887
			0.7527	-0.5159	-0.409
		b:
			429.2642
			40.4809
			416.4452
			379.2287
			246.7423
			329.2578
			390.3335
			355.0267
			62.5737
			-379.3335
			-353.0267
			-56.5737
	==================================================================================
	Q4:
		Shape: Ellipse
		q_c:	292.0	384.5	199.5
		ub :	297.7868	390.6454	203.1064
		lb :	286.2132	378.3546	195.8936
		P^-1:
			0.1193	0.0491	0.0578
			0.0491	0.0713	0.0255
			0.0578	0.0255	0.2105
	==================================================================================
	Q5:
		Shape: Hybrid
		q_c:	300.0	377.0	202.0
		ub :	306.0397	381.9526	208.1686
		lb :	293.9603	372.0474	195.8314
		P^-1:
			0.0733	-0.001	-0.0094
			-0.001	0.0815	-0.0011
			-0.0094	-0.0011	0.071
		A:
			-0.4982	-0.3132	0.8085
			0.2909	-0.4468	0.846
			-0.5123	-0.502	0.6968
			0.8839	0.4581	0.0938
			-0.4252	0.893	-0.1473
			-0.2981	-0.7538	-0.5856
		b:
			-102.4613
			91.7713
			-200.4463
			458.8254
			181.1621
			-489.8967
	==================================================================================
	Q6:
		Shape: Hybrid
		q_c:	296.5	384.0	197.5
		ub :	300.7025	388.4852	200.3251
		lb :	292.2975	379.5148	194.6749
		P^-1:
			0.1526	0.0345	-0.0225
			0.0345	0.0986	-0.0169
			-0.0225	-0.0169	0.2404
		A:
			-0.8938	-0.4439	0.0647
			-0.1313	-0.4583	-0.8791
			-0.3854	-0.1265	-0.914
			0.595	0.368	-0.7145
			0.1325	-0.3107	-0.9412
			0.2938	0.1188	0.9485
		b:
			-421.2346
			-387.0832
			-342.11
			177.7026
			-264.5909
			321.2423


===========================================================================================
===========================================================================================
S20:
	q_c:	485.5	196.0	102.5
	ub :	499.027	218.5109	132.6156
	lb :	463.2234	164.7223	71.4478

	==================================================================================
	Q1:
		Shape: Polyhedra
		q_c:	479.5	182.5	111.5
		ub :	492.1996	194.6212	119.5331
		lb :	466.8004	170.3788	103.4669
		A:
			-0.0707	0.1287	-0.9892
			-0.9809	0.0176	-0.1935
			0.4926	0.3235	-0.8079
			0.8375	-0.0998	0.5373
			-0.7427	0.0176	0.6694
			0.0051	0.4352	-0.9003
			0.7967	0.4043	0.4492
			0.4741	-0.8791	-0.0497
			0.3748	0.2525	-0.892
			-0.7967	-0.4043	-0.4492
			-0.4741	0.8791	0.0497
			-0.3748	-0.2525	0.892
		b:
			-115.2647
			-479.9761
			209.3706
			452.0241
			-272.7734
			-13.4592
			514.894
			69.8844
			130.3407
			-496.894
			-52.8844
			-122.3407
	==================================================================================
	Q2:
		Shape: Ellipse
		q_c:	485.0	206.0	102.5
		ub :	495.7064	217.3128	112.7222
		lb :	474.2936	194.6872	92.2778
		P^-1:
			0.0241	0.0093	0.0048
			0.0093	0.0276	-0.0086
			0.0048	-0.0086	0.0337
	==================================================================================
	Q3:
		Shape: Hybrid
		q_c:	482.0	204.5	123.5
		ub :	493.7865	218.5109	132.6156
		lb :	470.2135	190.4891	114.3844
		P^-1:
			0.0188	0.0063	0.0028
			0.0063	0.0142	0.0123
			0.0028	0.0123	0.0443
		A:
			-0.5523	0.0721	0.8305
			-0.7265	-0.3605	-0.585
			0.994	0.0834	-0.071
			-0.2798	0.2863	-0.9164
			-0.2325	-0.6307	-0.7404
			0.4315	0.7978	0.4211
		b:
			-145.2059
			-492.6303
			492.7235
			-183.878
			-329.307
			427.7481
	==================================================================================
	Q4:
		Shape: Ellipse
		q_c:	478.5	176.0	115.0
		ub :	487.6996	184.9091	123.0357
		lb :	469.3004	167.0909	106.9643
		P^-1:
			0.0342	-0.0012	-0.0216
			-0.0012	0.0157	0.0012
			-0.0216	0.0012	0.046
	==================================================================================
	Q5:
		Shape: Ellipse
		q_c:	483.5	178.5	87.5
		ub :	499.027	192.2777	103.5522
		lb :	467.973	164.7223	71.4478
		P^-1:
			0.0126	-0.0028	-0.0034
			-0.0028	0.0144	0.0009
			-0.0034	0.0009	0.0113
	==================================================================================
	Q6:
		Shape: Ellipse
		q_c:	469.0	183.5	94.0
		ub :	474.7766	190.2719	99.4024
		lb :	463.2234	176.7281	88.5976
		P^-1:
			0.1197	0.054	-0.023
			0.054	0.0668	-0.0127
			-0.023	-0.0127	0.0559


===========================================================================================
===========================================================================================
S21:
	q_c:	311.0	254.0	109.5
	ub :	340.445	281.1884	137.9888
	lb :	296.9416	232.4298	96.8444

	==================================================================================
	Q1:
		Shape: Ellipse
		q_c:	320.0	269.5	114.5
		ub :	330.0626	281.1884	125.8627
		lb :	309.9374	257.8116	103.1373
		P^-1:
			0.048	-0.042	-0.0251
			-0.042	0.0573	0.0263
			-0.0251	0.0263	0.0297
	==================================================================================
	Q2:
		Shape: Hybrid
		q_c:	306.5	257.0	106.5
		ub :	314.7963	265.8833	116.1556
		lb :	298.2037	248.1167	96.8444
		P^-1:
			0.0274	-0.0017	-0.0003
			-0.0017	0.0332	-0.0078
			-0.0003	-0.0078	0.0309
		A:
			0.4835	-0.5326	-0.6947
			0.5651	0.3276	-0.7572
			0.744	0.3234	0.5847
			-0.1107	0.7556	-0.6456
			0.8977	-0.0403	0.4388
			-0.7697	0.4832	-0.4173
		b:
			-58.9356
			179.809
			377.2662
			93.9981
			315.059
			-153.0894
	==================================================================================
	Q3:
		Shape: Polyhedra
		q_c:	310.5	246.0	115.0
		ub :	324.0584	259.5702	123.8573
		lb :	296.9416	232.4298	106.1427
		A:
			0.0824	0.9815	-0.173
			-0.7502	-0.3281	-0.574
			-0.5223	-0.308	0.7952
			-0.9736	-0.1807	-0.1396
			0.6833	0.7292	0.0375
			-0.8874	0.1543	-0.4345
			0.2043	0.2716	0.9405
			-0.7645	0.6443	-0.02
			-0.6113	-0.715	0.3393
			-0.2043	-0.2716	-0.9405
			0.7645	-0.6443	0.02
			0.6113	0.715	-0.3393
		b:
			255.5371
			-372.3437
			-139.1896
			-354.3348
			403.234
			-278.6342
			244.9016
			-71.194
			-319.1856
			-231.9016
			91.194
			334.1856
	==================================================================================
	Q4:
		Shape: Hybrid
		q_c:	307.5	268.0	109.5
		ub :	315.8381	274.6255	118.2852
		lb :	299.1619	261.3745	100.7148
		P^-1:
			0.0288	-0.001	0.0023
			-0.001	0.0391	-0.0021
			0.0023	-0.0021	0.0329
		A:
			-0.0732	0.5886	-0.8051
			-0.6942	-0.2391	-0.6789
			0.4253	0.8295	0.3619
			0.2578	-0.3478	0.9014
			0.1822	0.8932	-0.4112
			0.1891	0.8348	0.517
		b:
			49.7838
			-348.8306
			395.5871
			87.5465
			252.9792
			341.3235
	==================================================================================
	Q5:
		Shape: Polyhedra
		q_c:	325.5	249.0	103.5
		ub :	332.5963	256.2128	110.0275
		lb :	318.4037	241.7872	96.9725
		A:
			-0.0051	0.6293	-0.7771
			0.0068	-0.9859	-0.1671
			-0.3158	0.177	0.9322
			0.2388	-0.8138	-0.5298
			0.4923	0.5898	0.6401
			0.8599	-0.5097	-0.0268
			0.7239	0.6815	0.1078
			0.6866	-0.7269	-0.0157
			0.0676	0.0853	-0.9941
			-0.7239	-0.6815	-0.1078
			-0.6866	0.7269	0.0157
			-0.0676	-0.0853	0.9941
		b:
			80.2483
			-255.7943
			43.633
			-174.6028
			378.3702
			155.1739
			420.9592
			45.8729
			-53.6207
			-411.9592
			-35.8729
			65.6207
	==================================================================================
	Q6:
		Shape: Hybrid
		q_c:	328.5	250.0	124.0
		ub :	340.445	262.2513	137.9888
		lb :	316.555	237.7487	110.0112
		P^-1:
			0.0152	-0.0002	-0.0007
			-0.0002	0.0139	0.0001
			-0.0007	0.0001	0.0143
		A:
			-0.2355	-0.8983	-0.3708
			-0.5534	-0.7903	-0.263
			0.9063	-0.3725	0.1997
			-0.7316	0.4533	0.5092
			-0.4745	0.5684	0.6721
			0.0865	-0.8964	-0.4347
		b:
			-343.4436
			-407.5078
			233.5849
			-59.8119
			73.7357
			-245.1727


===========================================================================================
===========================================================================================
S22:
	q_c:	61.0	400.5	376.0
	ub :	70.083	412.3367	397.4504
	lb :	43.9667	388.2546	359.5928

	==================================================================================
	Q1:
		Shape: Ellipse
		q_c:	59.0	402.5	367.5
		ub :	67.1916	410.3122	375.4072
		lb :	50.8084	394.6878	359.5928
		P^-1:
			0.0413	0.0026	-0.002
			0.0026	0.0452	-0.0039
			-0.002	-0.0039	0.0429
	==================================================================================
	Q2:
		Shape: Hybrid
		q_c:	62.5	399.5	388.5
		ub :	70.083	408.2332	397.4504
		lb :	54.917	390.7668	379.5496
		P^-1:
			0.0342	0.0065	0.0074
			0.0065	0.0375	0.005
			0.0074	0.005	0.0385
		A:
			0.5765	0.6824	-0.4495
			0.1918	0.6498	-0.7355
			-0.2055	0.0075	-0.9786
			0.6703	0.3656	0.6457
			-0.6804	-0.6578	0.323
			-0.6941	-0.5676	-0.4428
		b:
			137.225
			-10.8496
			-387.2643
			441.1484
			-176.7054
			-439.8043
	==================================================================================
	Q3:
		Shape: Ellipse
		q_c:	57.0	404.0	389.0
		ub :	64.2872	409.0622	393.9543
		lb :	49.7128	398.9378	384.0457
		P^-1:
			0.0396	-0.0245	-0.0126
			-0.0245	0.1027	-0.0036
			-0.0126	-0.0036	0.0783
	==================================================================================
	Q4:
		Shape: Ellipse
		q_c:	50.5	395.0	381.5
		ub :	57.0333	401.7454	386.478
		lb :	43.9667	388.2546	376.522
		P^-1:
			0.0861	0.0524	0.03
			0.0524	0.0869	0.0194
			0.03	0.0194	0.1018
	==================================================================================
	Q5:
		Shape: Polyhedra
		q_c:	54.5	400.0	388.0
		ub :	56.0364	405.2701	392.8387
		lb :	52.9636	394.7299	383.1613
		A:
			0.6783	-0.5033	-0.5353
			-0.975	0.0357	-0.2194
			-0.1443	0.9541	0.2625
			0.7798	0.3788	0.4984
			-0.519	-0.3367	-0.7857
			0.0887	-0.0749	-0.9932
			0.2004	0.6343	0.7466
			0.0468	0.755	-0.654
			-0.9786	0.166	0.1216
			-0.2004	-0.6343	-0.7466
			-0.0468	-0.755	0.654
			0.9786	-0.166	-0.1216
		b:
			-370.8662
			-122.6979
			478.849
			388.7106
			-465.9117
			-407.0263
			555.8504
			56.3023
			61.2414
			-552.8504
			-45.3023
			-59.2414
	==================================================================================
	Q6:
		Shape: Hybrid
		q_c:	56.5	406.5	367.0
		ub :	59.1135	412.3367	371.9438
		lb :	53.8865	400.6633	362.0562
		P^-1:
			0.16	0.0016	0.0013
			0.0016	0.0539	-0.0282
			0.0013	-0.0282	0.0972
		A:
			-0.4608	0.0203	-0.8873
			-0.6314	-0.7703	-0.0891
			0.391	0.8614	-0.3241
			0.0981	0.2884	0.9525
			-0.5231	-0.5658	-0.6374
			0.5999	-0.418	0.6822
		b:
			-341.4299
			-378.7201
			255.913
			475.1325
			-490.4912
			115.9227


===========================================================================================
===========================================================================================
S23:
	q_c:	253.0	117.5	393.5
	ub :	268.2276	128.358	408.626
	lb :	241.9088	104.5347	379.4607

	==================================================================================
	Q1:
		Shape: Polyhedra
		q_c:	249.0	120.0	398.0
		ub :	256.0912	127.4501	405.4903
		lb :	241.9088	112.5499	390.5097
		A:
			-0.4178	-0.904	-0.0912
			-0.8781	0.3876	0.2806
			0.4279	-0.3183	-0.8459
			-0.2693	-0.6088	-0.7462
			0.1555	0.8278	0.5391
			-0.0969	-0.2879	-0.9527
			0.8556	0.3542	0.3774
			0.5165	-0.5375	-0.6666
			-0.0332	0.7653	-0.6428
			-0.8556	-0.3542	-0.3774
			-0.5165	0.5375	0.6666
			0.0332	-0.7653	0.6428
		b:
			-243.566
			-56.1228
			-264.7142
			-432.1333
			357.3313
			-433.3443
			411.7683
			-197.6795
			-167.7903
			-399.7683
			204.6795
			176.7903
	==================================================================================
	Q2:
		Shape: Hybrid
		q_c:	263.0	120.5	385.5
		ub :	268.2276	127.6468	391.5393
		lb :	257.7724	113.3532	379.4607
		P^-1:
			0.0616	-0.0071	-0.0
			-0.0071	0.0484	-0.0349
			-0.0	-0.0349	0.0914
		A:
			0.7142	-0.4085	0.5684
			0.5592	-0.7826	0.2736
			0.645	-0.0076	0.7641
			-0.3661	0.446	0.8167
			-0.7073	0.1183	0.697
			0.0156	0.3857	-0.9225
		b:
			359.6901
			160.84
			465.9127
			275.7418
			99.4247
			-303.4782
	==================================================================================
	Q3:
		Shape: Ellipse
		q_c:	255.0	111.5	390.5
		ub :	258.5759	118.4653	396.2784
		lb :	251.4241	104.5347	384.7216
		P^-1:
			0.2362	0.049	0.0211
			0.049	0.0622	-0.0323
			0.0211	-0.0323	0.0905
	==================================================================================
	Q4:
		Shape: Polyhedra
		q_c:	258.5	113.0	400.5
		ub :	265.4713	118.9571	406.2351
		lb :	251.5287	107.0429	394.7649
		A:
			-0.4195	-0.6085	0.6736
			0.5416	0.6747	0.5014
			-0.9214	0.2814	-0.2679
			0.7682	-0.6285	-0.1215
			-0.8004	0.5475	0.2439
			-0.6948	0.5868	-0.4159
			0.9316	0.2639	0.2498
			-0.3087	0.212	0.9272
			0.1917	-0.941	0.2789
			-0.9316	-0.2639	-0.2498
			0.3087	-0.212	-0.9272
			-0.1917	0.941	-0.2789
		b:
			96.6461
			422.0169
			-308.5596
			83.27
			-43.0205
			-275.267
			376.2013
			319.0211
			58.9407
			-365.2013
			-312.0211
			-50.9407
	==================================================================================
	Q5:
		Shape: Polyhedra
		q_c:	258.5	120.0	403.0
		ub :	263.4721	123.5385	407.952
		lb :	253.5279	116.4615	398.048
		A:
			0.1577	0.9752	-0.1555
			-0.4185	0.9078	0.0281
			-0.3213	0.2791	-0.9049
			0.9842	0.012	0.1766
			0.5629	-0.4876	0.6674
			-0.6383	0.7664	-0.0717
			0.4585	0.5975	0.6578
			-0.8475	0.0712	0.526
			0.2675	-0.7987	0.539
			-0.4585	-0.5975	-0.6578
			0.8475	-0.0712	-0.526
			-0.2675	0.7987	-0.539
		b:
			97.4521
			14.4136
			-411.806
			330.3652
			358.0065
			-99.5795
			458.8334
			4.9443
			192.0273
			-451.8334
			2.0557
			-189.0273
	==================================================================================
	Q6:
		Shape: Hybrid
		q_c:	256.0	121.5	401.5
		ub :	263.8438	128.358	408.626
		lb :	248.1562	114.642	394.374
		P^-1:
			0.0469	0.0002	0.0104
			0.0002	0.04	0.0003
			0.0104	0.0003	0.0555
		A:
			0.6083	0.6696	0.4262
			0.5571	-0.364	-0.7464
			0.6532	-0.7295	0.2031
			0.1908	0.8966	0.3997
			-0.165	0.4313	0.887
			0.7547	-0.6545	-0.0448
		b:
			410.7163
			-198.3884
			162.8853
			321.0548
			368.8956
			98.543


===========================================================================================
===========================================================================================
S24:
	q_c:	491.0	492.0	187.0
	ub :	512.9346	512.636	202.0479
	lb :	477.3467	471.5211	171.841

	==================================================================================
	Q1:
		Shape: Hybrid
		q_c:	497.5	490.0	195.5
		ub :	502.2812	497.308	202.0479
		lb :	492.7188	482.692	188.9521
		P^-1:
			0.126	-0.0086	-0.0389
			-0.0086	0.044	0.0329
			-0.0389	0.0329	0.0994
		A:
			0.4344	-0.1565	0.887
			-0.0732	0.3444	-0.936
			-0.5733	-0.3673	0.7324
			0.5478	0.7437	-0.383
			0.8943	-0.1438	0.4237
			-0.0297	-0.2584	0.9656
		b:
			316.0934
			-46.9708
			-319.1184
			565.8683
			459.9263
			50.7096
	==================================================================================
	Q2:
		Shape: Hybrid
		q_c:	505.0	491.5	194.5
		ub :	512.9346	499.2921	201.1737
		lb :	497.0654	483.7079	187.8263
		P^-1:
			0.0418	0.0041	-0.0043
			0.0041	0.0246	-0.0003
			-0.0043	-0.0003	0.0467
		A:
			-0.7898	-0.1607	-0.592
			-0.2721	-0.7768	0.5679
			0.1244	-0.5087	-0.8519
			0.9235	-0.0952	0.3717
			0.5527	-0.8112	0.1911
			0.2884	-0.8089	-0.5124
		b:
			-590.2043
			-405.3788
			-349.9763
			494.7806
			-78.3565
			-347.8404
	==================================================================================
	Q3:
		Shape: Ellipse
		q_c:	498.5	500.5	178.0
		ub :	506.5071	507.4292	184.159
		lb :	490.4929	493.5708	171.841
		P^-1:
			0.022	-0.006	0.0027
			-0.006	0.0481	0.0006
			0.0027	0.0006	0.0491
	==================================================================================
	Q4:
		Shape: Polyhedra
		q_c:	486.0	493.5	188.0
		ub :	494.6533	499.9443	196.4114
		lb :	477.3467	487.0557	179.5886
		A:
			0.814	-0.4056	0.4157
			-0.5674	-0.6972	-0.4382
			0.8381	-0.3805	0.391
			-0.4884	-0.7153	-0.4998
			0.5514	0.8341	0.0132
			-0.8741	0.1098	-0.4732
			0.6324	0.3717	0.6796
			-0.7175	-0.0496	0.6947
			0.292	-0.927	0.2354
			-0.6324	-0.3717	-0.6796
			0.7175	0.0496	-0.6947
			-0.292	0.927	-0.2354
		b:
			278.3742
			-697.971
			297.8316
			-680.1503
			687.0172
			-455.0977
			622.5587
			-236.0849
			-266.3301
			-614.5587
			249.0849
			276.3301
	==================================================================================
	Q5:
		Shape: Hybrid
		q_c:	492.0	506.0	181.0
		ub :	500.0446	512.636	188.0531
		lb :	483.9554	499.364	173.9469
		P^-1:
			0.0409	0.0247	0.0324
			0.0247	0.1421	0.1037
			0.0324	0.1037	0.1348
		A:
			-0.1126	0.7831	-0.6117
			0.044	0.3712	0.9275
			-0.7484	-0.3826	0.5417
			-0.1187	-0.2209	-0.968
			0.6555	0.3581	0.6649
			-0.196	0.4889	-0.85
		b:
			234.4107
			379.382
			-458.7898
			-342.9475
			626.3914
			1.2193
	==================================================================================
	Q6:
		Shape: Hybrid
		q_c:	493.5	480.0	193.0
		ub :	499.0959	488.4789	201.7315
		lb :	487.9041	471.5211	184.2685
		P^-1:
			0.0993	0.0107	-0.0249
			0.0107	0.0356	-0.0127
			-0.0249	-0.0127	0.0399
		A:
			0.8364	-0.0179	-0.5478
			0.9786	0.0601	0.1968
			0.3532	-0.2975	0.887
			0.8318	-0.1504	-0.5343
			0.5969	0.6706	-0.4405
			-0.8647	-0.3826	0.3253
		b:
			300.3684
			552.2484
			206.6259
			237.3449
			533.7476
			-545.9818


===========================================================================================
===========================================================================================
S25:
	q_c:	41.0	333.5	235.5
	ub :	60.5785	357.9199	256.7572
	lb :	27.5159	321.9936	212.6499

	==================================================================================
	Q1:
		Shape: Polyhedra
		q_c:	44.5	331.0	244.0
		ub :	51.5579	334.8048	251.4465
		lb :	37.4421	327.1952	236.5535
		A:
			-0.2723	0.295	-0.9159
			-0.4444	0.589	-0.6749
			-0.2718	-0.9157	0.2961
			-0.8	-0.4471	-0.4002
			-0.5365	-0.8439	0.0023
			0.3088	-0.9276	-0.2104
			0.7856	0.2195	0.5785
			-0.5733	-0.0936	0.814
			0.2329	-0.9711	0.0523
			-0.7856	-0.2195	-0.5785
			0.5733	0.0936	-0.814
			-0.2329	0.9711	-0.0523
		b:
			-133.1997
			14.0888
			-239.0704
			-277.6586
			-298.9068
			-341.6597
			252.2765
			148.6085
			-295.8164
			-245.2765
			-135.6085
			300.8164
	==================================================================================
	Q2:
		Shape: Polyhedra
		q_c:	51.0	341.0	224.0
		ub :	60.5785	352.8009	235.3501
		lb :	41.4215	329.1991	212.6499
		A:
			0.2944	-0.8507	-0.4354
			-0.831	0.0909	-0.5487
			0.0116	0.4522	0.8919
			0.2814	-0.274	-0.9196
			-0.7143	0.5994	0.3611
			0.2604	-0.8672	-0.4244
			0.6637	0.6047	0.4403
			0.7372	-0.4289	-0.5221
			-0.1269	0.6711	-0.7304
			-0.6637	-0.6047	-0.4403
			-0.7372	0.4289	0.5221
			0.1269	-0.6711	0.7304
		b:
			-366.7302
			-126.8539
			361.226
			-279.2517
			253.5843
			-371.4893
			346.6703
			-221.128
			66.2576
			-330.6703
			230.128
			-51.2576
	==================================================================================
	Q3:
		Shape: Hybrid
		q_c:	34.5	329.5	239.0
		ub :	41.4841	337.0064	245.4515
		lb :	27.5159	321.9936	232.5485
		P^-1:
			0.0793	0.0014	0.0645
			0.0014	0.0239	0.0029
			0.0645	0.0029	0.1083
		A:
			0.8479	0.497	0.1847
			-0.5575	0.0716	-0.8271
			-0.1658	-0.9141	0.3702
			0.793	-0.3457	0.5017
			-0.4712	0.7948	0.3825
			0.7661	-0.6183	0.1757
		b:
			240.8054
			-191.9776
			-213.2767
			35.8101
			342.0282
			-131.3577
	==================================================================================
	Q4:
		Shape: Polyhedra
		q_c:	39.0	350.5	241.5
		ub :	49.2558	357.9199	251.473
		lb :	28.7442	343.0801	231.527
		A:
			-0.7937	0.1253	-0.5952
			-0.7881	0.5566	0.2629
			-0.3371	-0.5114	-0.7905
			0.5091	-0.79	-0.3417
			0.8053	-0.4804	-0.3474
			-0.9482	0.3177	-0.0048
			0.7291	0.4201	0.5404
			0.3716	-0.906	0.203
			0.5748	0.0528	-0.8166
			-0.7291	-0.4201	-0.5404
			-0.3716	0.906	-0.203
			-0.5748	-0.0528	0.8166
		b:
			-125.0375
			233.7558
			-377.1211
			-333.8817
			-214.7169
			79.1437
			312.1646
			-249.0326
			-149.2823
			-300.1646
			259.0326
			163.2823
	==================================================================================
	Q5:
		Shape: Ellipse
		q_c:	46.0	341.0	247.5
		ub :	50.0981	350.2325	256.7572
		lb :	41.9019	331.7675	238.2428
		P^-1:
			0.1077	-0.0111	0.0087
			-0.0111	0.035	-0.0185
			0.0087	-0.0185	0.0334
	==================================================================================
	Q6:
		Shape: Polyhedra
		q_c:	50.5	345.0	225.0
		ub :	57.4299	351.8887	229.4019
		lb :	43.5701	338.1113	220.5981
		A:
			-0.3364	-0.3346	0.8803
			0.3222	0.1501	-0.9347
			0.72	0.2285	-0.6553
			-0.2551	-0.4419	0.86
			0.4292	-0.3211	0.8442
			0.0315	-0.2211	0.9747
			0.5707	0.6356	0.5199
			-0.7068	0.7025	-0.0831
			-0.418	-0.3201	0.8502
			-0.5707	-0.6356	-0.5199
			0.7068	-0.7025	0.0831
			0.418	0.3201	-0.8502
		b:
			68.1618
			-139.6845
			-29.3075
			30.8673
			104.8749
			147.585
			368.595
			193.4802
			62.2442
			-361.595
			-182.4802
			-57.2442


===========================================================================================
===========================================================================================
