3D_50_20_6_d                l = 3

===========================================================================================
===========================================================================================
S1:
	q_c:    151.0000    405.0000    502.5000
	ub :    167.0000    434.0000    534.0000
	lb :    135.0000    376.0000    471.0000

	==================================================================================
	Q1:
		Shape: Ellipse
		q_c:    134.0000    415.0000    497.0000
		ub :    141.2783    424.7122    507.7587
		lb :    126.7217    405.2878    486.2413
		P^-1: 
			    0.0680    -0.0098    -0.0190
			    -0.0098    0.0385    0.0179
			    -0.0190    0.0179    0.0275
	==================================================================================
	Q2:
		Shape: Polyhedra
		q_c:    157.5000    404.5000    495.5000
		ub :    164.9071    412.2441    500.4230
		lb :    150.0929    396.7559    490.5770
		A:
			    0.0782    0.0756    -0.9941
			    -0.4416    -0.3729    -0.8160
			    -0.7092    0.1795    0.6817
			    0.5933    0.0836    0.8006
			    -0.3066    0.9178    0.2523
			    -0.7283    -0.1101    0.6764
			    0.5890    0.8076    0.0306
			    0.7797    -0.5778    0.2411
			    0.2124    -0.1181    -0.9700
			    -0.5890    -0.8076    -0.0306
			    -0.7797    0.5778    -0.2411
			    -0.2124    0.1181    0.9700
		b:
			    -445.6748
			    -619.7743
			    302.8188
			    528.4058
			    452.7106
			    180.6181
			    441.0990
			    12.0339
			    -490.9724
			    -428.0990
			    -5.0339
			    498.9724
	==================================================================================
	Q3:
		Shape: Ellipse
		q_c:    160.0000    415.0000    505.5000
		ub :    169.7082    424.3992    512.8242
		lb :    150.2918    405.6008    498.1758
		P^-1: 
			    0.0269    -0.0060    -0.0125
			    -0.0060    0.0280    0.0067
			    -0.0125    0.0067    0.0558
	==================================================================================
	Q4:
		Shape: Polyhedra
		q_c:    137.5000    397.0000    510.0000
		ub :    146.7350    406.9584    519.8826
		lb :    128.2650    387.0416    500.1174
		A:
			    0.7726    0.5046    -0.3854
			    -0.7947    0.0222    0.6066
			    -0.7656    0.3659    0.5291
			    0.5751    -0.2862    0.7664
			    0.9581    -0.1328    0.2536
			    -0.0357    0.6934    -0.7197
			    0.0462    0.2035    0.9780
			    -0.8467    0.5275    -0.0697
			    -0.5300    -0.8249    0.1967
			    -0.0462    -0.2035    -0.9780
			    0.8467    -0.5275    0.0697
			    0.5300    0.8249    -0.1967
		b:
			    115.9277
			    216.0280
			    317.2734
			    364.1367
			    215.3418
			    -89.7643
			    594.4058
			    64.4210
			    -294.5541
			    -577.4058
			    -50.4210
			    305.5541
	==================================================================================
	Q5:
		Shape: Ellipse
		q_c:    152.0000    398.5000    499.0000
		ub :    162.3313    408.4191    505.7463
		lb :    141.6687    388.5809    492.2537
		P^-1: 
			    0.0303    0.0211    0.0070
			    0.0211    0.0409    0.0087
			    0.0070    0.0087    0.0382
	==================================================================================
	Q6:
		Shape: Hybrid
		q_c:    141.5000    408.5000    491.5000
		ub :    155.0075    421.5831    502.8558
		lb :    127.9925    395.4169    480.1442
		P^-1: 
			    0.0165    -0.0059    0.0043
			    -0.0059    0.0186    -0.0079
			    0.0043    -0.0079    0.0247
		A:
			    -0.9855    -0.0072    0.1695
			    0.2835    0.0173    0.9588
			    -0.9456    0.2175    -0.2419
			    -0.5535    0.7148    0.4274
			    0.5893    0.4200    -0.6902
			    0.0687    -0.1717    0.9827
		b:
			    -53.4056
			    522.5191
			    -159.1524
			    428.9589
			    -79.1326
			    426.2130


===========================================================================================
===========================================================================================
S2:
	q_c:    114.0000    258.0000    18.0000
	ub :    132.0000    288.0000    33.0000
	lb :    96.0000    228.0000    3.0000

	==================================================================================
	Q1:
		Shape: Ellipse
		q_c:    112.5000    256.5000    31.5000
		ub :    121.6034    265.2873    38.0968
		lb :    103.3966    247.7127    24.9032
		P^-1: 
			    0.0465    0.0279    0.0063
			    0.0279    0.0461    0.0131
			    0.0063    0.0131    0.0562
	==================================================================================
	Q2:
		Shape: Ellipse
		q_c:    118.0000    263.0000    22.0000
		ub :    121.8771    269.0408    27.3303
		lb :    114.1229    256.9592    16.6697
		P^-1: 
			    0.1976    0.0137    0.0670
			    0.0137    0.0573    0.0412
			    0.0670    0.0412    0.1461
	==================================================================================
	Q3:
		Shape: Ellipse
		q_c:    101.5000    273.5000    30.0000
		ub :    107.8513    278.5574    36.6336
		lb :    95.1487    268.4426    23.3664
		P^-1: 
			    0.0866    0.0001    0.0443
			    0.0001    0.1360    0.0351
			    0.0443    0.0351    0.0816
	==================================================================================
	Q4:
		Shape: Polyhedra
		q_c:    116.5000    260.5000    18.5000
		ub :    122.2937    262.9218    23.1896
		lb :    110.7063    258.0782    13.8104
		A:
			    -0.0490    0.9523    -0.3013
			    0.4758    0.8794    -0.0145
			    -0.1008    0.8630    -0.4950
			    -0.2333    0.9100    -0.3427
			    -0.0270    -0.8797    0.4747
			    -0.0167    -0.9300    0.3671
			    0.0643    0.4256    0.9026
			    -0.9971    -0.0099    0.0756
			    0.0411    -0.9049    0.4237
			    -0.0643    -0.4256    -0.9026
			    0.9971    0.0099    -0.0756
			    -0.0411    0.9049    -0.4237
		b:
			    237.5486
			    287.4728
			    204.6156
			    204.7652
			    -222.8547
			    -236.7752
			    139.5553
			    -111.8276
			    -222.5898
			    -130.5553
			    122.8276
			    223.5898
	==================================================================================
	Q5:
		Shape: Polyhedra
		q_c:    118.5000    254.5000    18.0000
		ub :    126.0301    262.3952    26.6850
		lb :    110.9699    246.6048    9.3150
		A:
			    -0.8165    0.0595    0.5743
			    -0.7922    -0.5879    0.1635
			    0.2112    -0.2233    0.9516
			    0.7392    -0.2736    0.6155
			    -0.3162    -0.9214    0.2258
			    -0.2159    -0.9429    -0.2537
			    0.4650    0.6232    0.6288
			    -0.8566    0.1373    0.4973
			    0.2236    -0.7699    0.5977
			    -0.4650    -0.6232    -0.6288
			    0.8566    -0.1373    -0.4973
			    -0.2236    0.7699    -0.5977
		b:
			    -66.7643
			    -235.5653
			    -9.5531
			    34.1415
			    -262.7677
			    -264.7575
			    230.5295
			    -53.1044
			    -153.6820
			    -219.5295
			    62.1044
			    163.6820
	==================================================================================
	Q6:
		Shape: Hybrid
		q_c:    125.0000    258.5000    8.0000
		ub :    130.1714    264.9699    14.2381
		lb :    119.8286    252.0301    1.7619
		P^-1: 
			    0.0775    -0.0061    -0.0050
			    -0.0061    0.0649    0.0020
			    -0.0050    0.0020    0.0642
		A:
			    -0.9593    -0.0366    0.2798
			    -0.6694    -0.7056    0.2323
			    0.9676    -0.2305    -0.1029
			    -0.4470    0.0538    0.8929
			    -0.1528    0.6019    0.7838
			    -0.0431    -0.2114    -0.9765
		b:
			    -125.3218
			    -262.0472
			    62.3133
			    -32.7798
			    144.8337
			    -65.6392


===========================================================================================
===========================================================================================
S3:
	q_c:    237.0000    30.5000    206.5000
	ub :    252.0000    44.0000    227.0000
	lb :    222.0000    17.0000    186.0000

	==================================================================================
	Q1:
		Shape: Polyhedra
		q_c:    249.0000    27.0000    196.0000
		ub :    258.6211    35.5058    205.8351
		lb :    239.3789    18.4942    186.1649
		A:
			    -0.2094    0.5745    -0.7912
			    -0.8064    -0.1348    0.5758
			    0.9750    -0.2192    0.0376
			    -0.0682    -0.7408    0.6682
			    -0.9490    -0.2400    -0.2046
			    -0.5349    0.3044    0.7882
			    0.6641    0.5404    0.5167
			    -0.7143    0.2545    0.6519
			    0.2208    -0.8020    0.5551
			    -0.6641    -0.5404    -0.5167
			    0.7143    -0.2545    -0.6519
			    -0.2208    0.8020    -0.5551
		b:
			    -187.0100
			    -85.2407
			    250.2623
			    98.7093
			    -276.7749
			    35.9669
			    287.2131
			    -36.7223
			    146.6162
			    -275.2131
			    49.7223
			    -137.6162
	==================================================================================
	Q2:
		Shape: Hybrid
		q_c:    250.0000    35.0000    201.0000
		ub :    256.0286    41.1558    205.9709
		lb :    243.9714    28.8442    196.0291
		P^-1: 
			    0.1064    0.0263    -0.0444
			    0.0263    0.0617    -0.0189
			    -0.0444    -0.0189    0.1038
		A:
			    -0.8597    -0.0587    0.5074
			    0.9966    0.0805    0.0180
			    -0.2262    -0.6088    0.7604
			    -0.3192    -0.9031    -0.2873
			    -0.4307    -0.3770    0.8200
			    0.9683    0.1115    -0.2234
		b:
			    -113.4545
			    257.7693
			    76.9151
			    -166.3049
			    45.4196
			    202.8934
	==================================================================================
	Q3:
		Shape: Ellipse
		q_c:    230.0000    33.5000    211.0000
		ub :    240.3473    43.1067    220.0900
		lb :    219.6527    23.8933    201.9100
		P^-1: 
			    0.0326    -0.0158    -0.0010
			    -0.0158    0.0337    -0.0051
			    -0.0010    -0.0051    0.0265
	==================================================================================
	Q4:
		Shape: Polyhedra
		q_c:    248.0000    25.5000    215.5000
		ub :    255.8826    33.7345    222.4057
		lb :    240.1174    17.2655    208.5943
		A:
			    -0.2913    -0.6951    0.6573
			    0.9668    -0.2437    -0.0775
			    -0.0091    -0.3230    0.9464
			    0.9041    0.1722    -0.3911
			    0.7589    0.5008    -0.4163
			    0.0444    0.9670    -0.2511
			    0.4568    0.5830    0.6720
			    0.5541    0.4045    -0.7276
			    -0.6960    0.7046    -0.1383
			    -0.4568    -0.5830    -0.6720
			    -0.5541    -0.4045    0.7276
			    0.6960    -0.7046    0.1383
		b:
			    55.0758
			    221.5045
			    197.4890
			    148.0648
			    114.8424
			    -13.8460
			    278.9472
			    -6.0626
			    -179.4240
			    -266.9472
			    12.0626
			    189.4240
	==================================================================================
	Q5:
		Shape: Ellipse
		q_c:    239.0000    34.0000    202.5000
		ub :    244.6377    38.9428    208.7934
		lb :    233.3623    29.0572    196.2066
		P^-1: 
			    0.1451    -0.0580    0.0903
			    -0.0580    0.1320    -0.0190
			    0.0903    -0.0190    0.1170
	==================================================================================
	Q6:
		Shape: Polyhedra
		q_c:    241.5000    34.5000    220.0000
		ub :    248.6944    43.2277    228.3023
		lb :    234.3056    25.7723    211.6977
		A:
			    0.6780    0.7040    0.2112
			    -0.6951    0.4662    -0.5472
			    -0.2230    0.2552    -0.9408
			    -0.6052    -0.4685    -0.6437
			    -0.6640    0.1932    0.7223
			    -0.1450    0.4612    0.8754
			    0.5076    0.6251    0.5930
			    0.8406    -0.5103    -0.1815
			    0.1892    0.5906    -0.7844
			    -0.5076    -0.6251    -0.5930
			    -0.8406    0.5103    0.1815
			    -0.1892    -0.5906    0.7844
		b:
			    239.9643
			    -267.4085
			    -246.5499
			    -298.4445
			    9.8547
			    178.6342
			    280.1076
			    149.4552
			    -101.0174
			    -269.1076
			    -141.4552
			    112.0174


===========================================================================================
===========================================================================================
S4:
	q_c:    35.0000    371.5000    187.5000
	ub :    56.0000    389.0000    211.0000
	lb :    14.0000    354.0000    164.0000

	==================================================================================
	Q1:
		Shape: Ellipse
		q_c:    49.0000    373.0000    200.5000
		ub :    55.8138    378.8199    205.8732
		lb :    42.1862    367.1801    195.1268
		P^-1: 
			    0.0980    -0.0276    0.0899
			    -0.0276    0.0823    -0.0553
			    0.0899    -0.0553    0.1653
	==================================================================================
	Q2:
		Shape: Polyhedra
		q_c:    25.0000    378.5000    203.5000
		ub :    37.4110    391.7443    216.4573
		lb :    12.5890    365.2557    190.5427
		A:
			    -0.0588    -0.5932    -0.8029
			    -0.0312    -0.7670    -0.6409
			    0.7097    0.3613    -0.6048
			    -0.8736    0.1836    -0.4506
			    -0.1473    0.8014    -0.5797
			    0.9428    0.0530    0.3292
			    0.5431    0.6743    0.5003
			    -0.8361    0.3795    0.3962
			    0.0773    -0.6335    0.7699
			    -0.5431    -0.6743    -0.5003
			    0.8361    -0.3795    -0.3962
			    -0.0773    0.6335    -0.7699
		b:
			    -381.1856
			    -413.2337
			    39.5456
			    -35.9231
			    188.7873
			    118.9633
			    378.6164
			    212.3637
			    -74.1555
			    -362.6164
			    -194.3637
			    88.1555
	==================================================================================
	Q3:
		Shape: Hybrid
		q_c:    34.5000    357.5000    184.5000
		ub :    46.0842    366.2929    196.5493
		lb :    22.9158    348.7071    172.4507
		P^-1: 
			    0.0243    0.0028    0.0093
			    0.0028    0.0291    0.0003
			    0.0093    0.0003    0.0198
		A:
			    0.8829    -0.3389    0.3249
			    0.5087    0.2070    0.8357
			    0.9840    -0.1108    -0.1394
			    0.2132    -0.7487    0.6277
			    0.9206    -0.2814    0.2707
			    0.2012    -0.9751    -0.0936
		b:
			    -27.2881
			    249.0703
			    -26.4992
			    -140.9485
			    -15.2649
			    -355.4386
	==================================================================================
	Q4:
		Shape: Polyhedra
		q_c:    31.0000    383.5000    171.0000
		ub :    39.6505    389.8559    181.2629
		lb :    22.3495    377.1441    160.7371
		A:
			    0.6292    -0.7735    -0.0765
			    0.7801    -0.6027    -0.1679
			    0.8024    0.4746    -0.3617
			    -0.6438    0.7294    0.2314
			    -0.6692    0.7333    -0.1202
			    -0.4250    0.9044    -0.0384
			    0.4540    0.2943    0.8410
			    -0.5706    0.8210    0.0207
			    -0.6843    -0.4893    0.5406
			    -0.4540    -0.2943    -0.8410
			    0.5706    -0.8210    -0.0207
			    0.6843    0.4893    -0.5406
		b:
			    -289.0362
			    -233.2964
			    151.5818
			    301.2491
			    241.7359
			    328.6233
			    278.7576
			    301.6892
			    -109.9068
			    -262.7576
			    -299.6892
			    122.9068
	==================================================================================
	Q5:
		Shape: Hybrid
		q_c:    31.5000    369.0000    181.0000
		ub :    44.4780    381.3974    191.4587
		lb :    18.5220    356.6026    170.5413
		P^-1: 
			    0.0192    0.0059    -0.0014
			    0.0059    0.0160    0.0018
			    -0.0014    0.0018    0.0232
		A:
			    -0.0051    -0.7837    0.6212
			    -0.3594    -0.8531    0.3783
			    0.0393    0.2558    0.9659
			    -0.0897    0.2842    -0.9546
			    -0.3883    0.8417    -0.3751
			    0.9717    0.0262    -0.2346
		b:
			    -171.9420
			    -253.4497
			    273.7056
			    -66.7548
			    236.5281
			    1.9840
	==================================================================================
	Q6:
		Shape: Ellipse
		q_c:    22.5000    383.0000    168.5000
		ub :    35.4085    396.0101    181.7675
		lb :    9.5915    369.9899    155.2325
		P^-1: 
			    0.0177    -0.0145    -0.0040
			    -0.0145    0.0283    0.0057
			    -0.0040    0.0057    0.0091


===========================================================================================
===========================================================================================
S5:
	q_c:    166.5000    249.0000    261.0000
	ub :    193.0000    271.0000    280.0000
	lb :    140.0000    227.0000    242.0000

	==================================================================================
	Q1:
		Shape: Polyhedra
		q_c:    177.0000    237.0000    266.0000
		ub :    187.7511    248.5907    277.4267
		lb :    166.2489    225.4093    254.5733
		A:
			    -0.5713    -0.0386    0.8198
			    0.9888    -0.1298    0.0740
			    -0.2640    0.5858    0.7663
			    0.3207    0.5737    -0.7537
			    -0.3169    -0.9450    -0.0808
			    -0.3951    0.9114    -0.1147
			    0.7657    0.3729    0.5241
			    0.2207    0.6131    -0.7586
			    -0.6042    0.6965    0.3871
			    -0.7657    -0.3729    -0.5241
			    -0.2207    -0.6131    0.7586
			    0.6042    -0.6965    -0.3871
		b:
			    114.8068
			    170.6442
			    302.8378
			    -0.7479
			    -294.7588
			    122.5649
			    369.8181
			    -10.4111
			    168.0925
			    -356.8181
			    24.4111
			    -154.0925
	==================================================================================
	Q2:
		Shape: Hybrid
		q_c:    171.5000    268.5000    267.0000
		ub :    179.0124    275.3264    272.4836
		lb :    163.9876    261.6736    261.5164
		P^-1: 
			    0.0636    0.0189    -0.0835
			    0.0189    0.0450    -0.0305
			    -0.0835    -0.0305    0.2051
		A:
			    0.6348    0.1324    -0.7612
			    0.3727    -0.2338    -0.8980
			    -0.1678    -0.5801    0.7971
			    0.1933    0.1524    -0.9692
			    0.3804    -0.1495    -0.9126
			    -0.2962    -0.4605    -0.8368
		b:
			    -57.2930
			    -236.9150
			    30.4750
			    -183.2372
			    -217.0825
			    -394.1469
	==================================================================================
	Q3:
		Shape: Ellipse
		q_c:    156.5000    234.0000    243.5000
		ub :    175.8877    248.8475    263.5088
		lb :    137.1123    219.1525    223.4912
		P^-1: 
			    0.0044    0.0003    0.0006
			    0.0003    0.0115    -0.0022
			    0.0006    -0.0022    0.0065
	==================================================================================
	Q4:
		Shape: Polyhedra
		q_c:    185.0000    267.0000    253.0000
		ub :    198.1770    274.6316    260.8083
		lb :    171.8230    259.3684    245.1917
		A:
			    -0.0207    -0.7457    0.6660
			    0.0581    0.8341    -0.5485
			    -0.0180    -0.7883    0.6151
			    0.1258    -0.9627    -0.2395
			    -0.0617    0.4876    -0.8709
			    0.2911    -0.2936    -0.9105
			    0.0047    0.6742    0.7385
			    -0.9938    0.0852    -0.0714
			    -0.1111    -0.7336    0.6705
			    -0.0047    -0.6742    -0.7385
			    0.9938    -0.0852    0.0714
			    0.1111    0.7336    -0.6705
		b:
			    -32.1081
			    97.0737
			    -55.7722
			    -287.6140
			    -97.8536
			    -247.5879
			    375.2356
			    -166.1761
			    -44.7913
			    -360.2356
			    192.1761
			    48.7913
	==================================================================================
	Q5:
		Shape: Polyhedra
		q_c:    147.0000    233.0000    279.5000
		ub :    156.1639    246.8727    293.6887
		lb :    137.8361    219.1273    265.3113
		A:
			    0.9444    -0.3233    -0.0598
			    -0.5502    0.8287    -0.1023
			    0.8866    -0.4502    -0.1057
			    0.7656    -0.6082    0.2098
			    0.7606    -0.6412    -0.1017
			    -0.8640    0.4731    0.1720
			    0.2103    0.6373    0.7414
			    0.4317    0.6199    -0.6553
			    -0.8772    0.4579    -0.1447
			    -0.2103    -0.6373    -0.7414
			    -0.4317    -0.6199    0.6553
			    0.8772    -0.4579    0.1447
		b:
			    50.8612
			    89.2355
			    0.0648
			    33.3544
			    -61.2808
			    35.8640
			    397.1199
			    33.7299
			    -59.2038
			    -376.1199
			    -15.7299
			    66.2038
	==================================================================================
	Q6:
		Shape: Hybrid
		q_c:    179.5000    261.5000    270.0000
		ub :    188.7224    269.6093    281.1843
		lb :    170.2776    253.3907    258.8157
		P^-1: 
			    0.0434    -0.0008    -0.0125
			    -0.0008    0.0400    0.0067
			    -0.0125    0.0067    0.0160
		A:
			    0.1190    0.9398    -0.3205
			    -0.9862    0.1638    -0.0249
			    -0.5744    0.8138    0.0885
			    -0.0544    0.4999    0.8644
			    -0.5551    -0.6131    -0.5622
			    -0.4106    -0.8431    0.3474
		b:
			    184.5888
			    -137.4609
			    136.5689
			    359.7072
			    -406.8661
			    -196.8186


===========================================================================================
===========================================================================================
S6:
	q_c:    257.0000    505.0000    136.0000
	ub :    267.0000    525.0000    158.0000
	lb :    247.0000    485.0000    114.0000

	==================================================================================
	Q1:
		Shape: Ellipse
		q_c:    265.5000    501.0000    140.0000
		ub :    271.7961    505.4443    146.3466
		lb :    259.2039    496.5557    133.6534
		P^-1: 
			    0.1392    0.1647    0.0360
			    0.1647    0.3455    0.0425
			    0.0360    0.0425    0.0623
	==================================================================================
	Q2:
		Shape: Hybrid
		q_c:    264.5000    498.0000    132.0000
		ub :    267.7876    501.9320    135.5570
		lb :    261.2124    494.0680    128.4430
		P^-1: 
			    0.6136    -0.2833    -0.3496
			    -0.2833    0.2930    0.1032
			    -0.3496    0.1032    0.4250
		A:
			    0.3614    0.2927    -0.8853
			    0.7529    -0.6067    0.2549
			    0.0331    -0.4072    0.9127
			    0.4879    -0.3523    -0.7986
			    0.3954    -0.0122    -0.9184
			    -0.9318    -0.3266    -0.1586
		b:
			    125.6549
			    -68.0956
			    -72.0561
			    -150.8678
			    -21.6960
			    -427.4535
	==================================================================================
	Q3:
		Shape: Hybrid
		q_c:    258.0000    506.5000    142.0000
		ub :    262.7757    511.9532    147.4044
		lb :    253.2243    501.0468    136.5956
		P^-1: 
			    0.1102    0.0037    -0.0035
			    0.0037    0.0961    0.0143
			    -0.0035    0.0143    0.0975
		A:
			    -0.7872    -0.6091    0.0965
			    0.3225    -0.9182    0.2298
			    0.9778    -0.0494    0.2034
			    -0.1367    0.6884    -0.7124
			    -0.8578    -0.4033    -0.3185
			    -0.7856    -0.2427    0.5691
		b:
			    -496.3303
			    -347.3625
			    257.7059
			    214.2194
			    -469.3296
			    -243.1929
	==================================================================================
	Q4:
		Shape: Polyhedra
		q_c:    264.0000    501.0000    139.5000
		ub :    268.4438    504.6423    145.7675
		lb :    259.5562    497.3577    133.2325
		A:
			    -0.7907    0.6118    -0.0219
			    0.5780    -0.7697    0.2712
			    0.4985    -0.8584    0.1211
			    -0.7436    0.5585    -0.3675
			    -0.7932    0.6056    -0.0635
			    -0.7285    0.6276    -0.2746
			    0.5642    0.7553    0.3335
			    0.7403    -0.6417    0.2008
			    0.3656    0.1336    -0.9211
			    -0.5642    -0.7553    -0.3335
			    -0.7403    0.6417    -0.2008
			    -0.3656    -0.1336    0.9211
		b:
			    96.1153
			    -193.8429
			    -280.1644
			    33.5532
			    86.4424
			    84.8468
			    576.8674
			    -97.0353
			    40.4639
			    -570.8674
			    99.0353
			    -29.4639
	==================================================================================
	Q5:
		Shape: Polyhedra
		q_c:    264.0000    507.0000    128.5000
		ub :    270.1973    514.2159    135.6031
		lb :    257.8027    499.7841    121.3969
		A:
			    -0.2644    -0.6475    -0.7147
			    0.8095    -0.4975    0.3117
			    -0.4039    0.4450    0.7993
			    0.9100    0.0619    0.4100
			    -0.5618    0.7029    0.4363
			    -0.4180    0.9048    -0.0810
			    0.5811    0.5680    0.5828
			    0.7871    -0.5742    -0.2252
			    0.2068    0.5896    -0.7808
			    -0.5811    -0.5680    -0.5828
			    -0.7871    0.5742    0.2252
			    -0.2068    -0.5896    0.7808
		b:
			    -485.1139
			    5.0918
			    225.5510
			    328.7053
			    267.4197
			    341.5605
			    521.2924
			    -109.2729
			    257.6684
			    -511.2924
			    115.2729
			    -248.6684
	==================================================================================
	Q6:
		Shape: Hybrid
		q_c:    256.5000    507.0000    139.5000
		ub :    261.2736    510.5798    144.2466
		lb :    251.7264    503.4202    134.7534
		P^-1: 
			    0.0877    0.0218    0.0056
			    0.0218    0.1526    0.0073
			    0.0056    0.0073    0.0638
		A:
			    -0.2253    -0.9496    -0.2178
			    0.2828    0.6080    -0.7419
			    -0.5509    -0.7172    0.4267
			    0.8762    0.4447    -0.1860
			    -0.2139    -0.8650    0.4539
			    0.2358    -0.9612    -0.1432
		b:
			    -568.3509
			    279.6001
			    -443.5979
			    426.1923
			    -428.3711
			    -445.2530


===========================================================================================
===========================================================================================
S7:
	q_c:    48.5000    389.0000    151.0000
	ub :    66.0000    411.0000    167.0000
	lb :    31.0000    367.0000    135.0000

	==================================================================================
	Q1:
		Shape: Ellipse
		q_c:    55.5000    371.5000    154.0000
		ub :    61.6232    377.1717    159.1657
		lb :    49.3768    365.8283    148.8343
		P^-1: 
			    0.1195    -0.0114    -0.0941
			    -0.0114    0.0704    -0.0160
			    -0.0941    -0.0160    0.1818
	==================================================================================
	Q2:
		Shape: Ellipse
		q_c:    51.0000    398.5000    153.5000
		ub :    58.5216    404.4189    162.4846
		lb :    43.4784    392.5811    144.5154
		P^-1: 
			    0.1039    0.0493    0.0404
			    0.0493    0.0859    0.0181
			    0.0404    0.0181    0.0374
	==================================================================================
	Q3:
		Shape: Polyhedra
		q_c:    51.0000    396.5000    151.5000
		ub :    57.8232    403.6745    155.9570
		lb :    44.1768    389.3255    147.0430
		A:
			    -0.0809    0.5241    0.8478
			    -0.9835    -0.1067    -0.1460
			    0.6369    0.1639    -0.7533
			    0.8537    0.1612    -0.4952
			    0.4583    -0.1641    -0.8735
			    -0.6681    0.1623    0.7262
			    0.6963    0.5872    0.4128
			    0.5428    -0.8070    0.2324
			    0.4696    0.0622    -0.8807
			    -0.6963    -0.5872    -0.4128
			    -0.5428    0.8070    -0.2324
			    -0.4696    -0.0622    0.8807
		b:
			    335.4176
			    -110.0706
			    -14.8408
			    35.2337
			    -172.1512
			    142.5860
			    335.3774
			    -251.5906
			    -83.2942
			    -326.3774
			    262.5906
			    86.2942
	==================================================================================
	Q4:
		Shape: Hybrid
		q_c:    52.0000    372.5000    146.0000
		ub :    58.9115    379.1792    151.8774
		lb :    45.0885    365.8208    140.1226
		P^-1: 
			    0.0702    0.0065    -0.0284
			    0.0065    0.0514    -0.0089
			    -0.0284    -0.0089    0.0883
		A:
			    0.3505    0.8744    -0.3355
			    0.6046    0.2819    0.7450
			    -0.4389    0.6629    0.6065
			    -0.0064    -0.4247    0.9053
			    -0.0188    -0.4676    -0.8837
			    0.0559    0.4635    -0.8843
		b:
			    297.4237
			    248.1555
			    315.1689
			    -24.2233
			    -301.6679
			    48.5096
	==================================================================================
	Q5:
		Shape: Hybrid
		q_c:    50.5000    404.0000    137.0000
		ub :    57.2396    412.1549    143.5272
		lb :    43.7604    395.8451    130.4728
		P^-1: 
			    0.1050    0.0223    0.0838
			    0.0223    0.0637    0.0698
			    0.0838    0.0698    0.1642
		A:
			    -0.7058    0.1307    -0.6963
			    -0.8689    -0.2237    -0.4415
			    -0.9927    -0.1078    0.0542
			    0.4842    -0.5656    -0.6675
			    0.0759    0.4496    0.8900
			    0.4596    -0.6055    -0.6497
		b:
			    -76.2627
			    -192.7923
			    -82.7135
			    -292.7604
			    309.0734
			    -307.7389
	==================================================================================
	Q6:
		Shape: Polyhedra
		q_c:    50.0000    377.5000    167.0000
		ub :    63.5258    390.3784    181.3232
		lb :    36.4742    364.6216    152.6768
		A:
			    -0.9931    -0.0973    0.0649
			    0.9210    -0.3819    0.0768
			    -0.4696    -0.6735    0.5709
			    -0.9816    -0.0966    0.1649
			    0.5029    0.1008    0.8584
			    0.1483    -0.3150    0.9374
			    0.4693    0.7068    0.5293
			    0.7916    -0.0711    -0.6069
			    -0.3913    0.7038    -0.5929
			    -0.4693    -0.7068    -0.5293
			    -0.7916    0.0711    0.6069
			    0.3913    -0.7038    0.5929
		b:
			    -67.4628
			    -77.4673
			    -174.3479
			    -50.0547
			    215.4485
			    53.1612
			    388.1906
			    -81.0992
			    155.1016
			    -369.1906
			    96.0992
			    -139.1016


===========================================================================================
===========================================================================================
S8:
	q_c:    390.5000    462.5000    203.5000
	ub :    399.0000    469.0000    221.0000
	lb :    382.0000    456.0000    186.0000

	==================================================================================
	Q1:
		Shape: Hybrid
		q_c:    394.5000    466.0000    207.5000
		ub :    397.8305    468.9336    211.2876
		lb :    391.1695    463.0664    203.7124
		P^-1: 
			    0.5071    0.4354    0.0781
			    0.4354    0.5895    0.0829
			    0.0781    0.0829    0.0961
		A:
			    0.7621    0.6278    -0.1584
			    -0.2793    -0.9597    0.0321
			    -0.4608    0.3028    -0.8342
			    0.0276    0.9080    -0.4181
			    0.6079    0.7734    0.1799
			    0.4809    0.8590    0.1759
		b:
			    561.2712
			    -549.5502
			    -211.0316
			    349.2775
			    638.0670
			    627.1790
	==================================================================================
	Q2:
		Shape: Ellipse
		q_c:    394.5000    460.5000    204.5000
		ub :    397.1527    463.9496    207.7017
		lb :    391.8473    457.0504    201.2983
		P^-1: 
			    0.8500    0.2318    0.2389
			    0.2318    0.1838    0.0750
			    0.2389    0.0750    0.1884
	==================================================================================
	Q3:
		Shape: Ellipse
		q_c:    386.0000    469.0000    202.5000
		ub :    389.7402    473.1575    206.1962
		lb :    382.2598    464.8425    198.8038
		P^-1: 
			    0.2595    -0.0316    -0.1392
			    -0.0316    0.1504    0.0752
			    -0.1392    0.0752    0.3056
	==================================================================================
	Q4:
		Shape: Ellipse
		q_c:    396.5000    464.5000    201.5000
		ub :    400.1585    468.3523    205.4237
		lb :    392.8415    460.6477    197.5763
		P^-1: 
			    0.2194    -0.0299    -0.0492
			    -0.0299    0.2208    -0.0480
			    -0.0492    -0.0480    0.1709
	==================================================================================
	Q5:
		Shape: Polyhedra
		q_c:    390.0000    467.0000    201.5000
		ub :    394.1924    471.6512    205.9210
		lb :    385.8076    462.3488    197.0790
		A:
			    -0.6397    0.6537    0.4044
			    -0.4329    -0.4418    0.7858
			    0.5713    -0.7625    0.3037
			    0.4746    0.7222    0.5032
			    0.9805    0.1604    0.1132
			    0.9875    -0.0416    -0.1523
			    0.5007    0.6958    0.5149
			    -0.7450    0.0434    0.6657
			    0.4408    -0.7169    0.5401
			    -0.5007    -0.6958    -0.5149
			    0.7450    -0.0434    -0.6657
			    -0.4408    0.7169    -0.5401
		b:
			    139.6044
			    -214.7010
			    -69.1546
			    627.2465
			    482.8752
			    337.1647
			    627.4764
			    -134.6059
			    -51.0359
			    -620.4764
			    137.6059
			    57.0359
	==================================================================================
	Q6:
		Shape: Hybrid
		q_c:    391.0000    466.0000    205.5000
		ub :    393.1478    468.7697    208.3180
		lb :    388.8522    463.2303    202.6820
		P^-1: 
			    0.4442    0.0062    -0.0037
			    0.0062    0.3022    0.0860
			    -0.0037    0.0860    0.3925
		A:
			    -0.9300    0.3669    -0.0209
			    -0.2963    -0.8843    -0.3608
			    -0.3727    0.9070    0.1960
			    -0.6260    -0.7219    -0.2949
			    -0.0022    -0.6032    -0.7976
			    -0.0731    0.6261    0.7763
		b:
			    -196.1160
			    -601.1618
			    318.2067
			    -640.9194
			    -445.1198
			    423.4978


===========================================================================================
===========================================================================================
S9:
	q_c:    20.0000    253.0000    111.5000
	ub :    40.0000    267.0000    142.0000
	lb :    0.0000    239.0000    81.0000

	==================================================================================
	Q1:
		Shape: Hybrid
		q_c:    16.0000    247.0000    116.5000
		ub :    25.0450    256.5293    126.0398
		lb :    6.9550    237.4707    106.9602
		P^-1: 
			    0.0350    -0.0054    -0.0027
			    -0.0054    0.0318    0.0020
			    -0.0027    0.0020    0.0288
		A:
			    -0.5748    0.2188    -0.7885
			    0.6362    0.0101    -0.7714
			    -0.0226    -0.0932    0.9954
			    -0.2408    -0.3895    0.8890
			    -0.9721    -0.1677    0.1642
			    0.9034    -0.4066    0.1361
		b:
			    -43.6263
			    -74.1724
			    96.0356
			    6.9684
			    -34.8117
			    -67.3962
	==================================================================================
	Q2:
		Shape: Polyhedra
		q_c:    34.5000    249.0000    100.0000
		ub :    43.5046    258.2954    107.6675
		lb :    25.4954    239.7046    92.3325
		A:
			    0.1300    0.1380    0.9819
			    0.5370    -0.2507    -0.8055
			    -0.7094    0.1013    0.6975
			    -0.7121    0.6446    -0.2783
			    0.1752    -0.8467    0.5023
			    0.1500    0.2742    -0.9499
			    0.5404    0.6943    0.4752
			    0.4134    0.2728    -0.8687
			    -0.7328    0.6659    -0.1397
			    -0.5404    -0.6943    -0.4752
			    -0.4134    -0.2728    0.8687
			    0.7328    -0.6659    0.1397
		b:
			    142.6954
			    -119.9940
			    74.6161
			    112.6230
			    -149.9666
			    -17.3607
			    246.5581
			    -0.6883
			    131.0721
			    -231.5581
			    8.6883
			    -122.0721
	==================================================================================
	Q3:
		Shape: Polyhedra
		q_c:    15.0000    259.0000    126.0000
		ub :    22.3580    269.3816    134.5567
		lb :    7.6420    248.6184    117.4433
		A:
			    0.8557    -0.3434    -0.3870
			    0.4646    0.1779    0.8675
			    0.8739    -0.4621    0.1507
			    -0.7018    -0.1979    -0.6843
			    -0.5149    0.1382    0.8460
			    0.6411    -0.0099    0.7674
			    0.3367    0.2766    0.9001
			    -0.9108    0.3383    0.2368
			    -0.2390    -0.8995    0.3658
			    -0.3367    -0.2766    -0.9001
			    0.9108    -0.3383    -0.2368
			    0.2390    0.8995    -0.3658
		b:
			    -120.8353
			    167.3269
			    -83.0507
			    -143.1075
			    139.6589
			    108.6896
			    195.0921
			    107.7840
			    -181.9622
			    -185.0921
			    -99.7840
			    198.9622
	==================================================================================
	Q4:
		Shape: Ellipse
		q_c:    16.0000    272.0000    122.5000
		ub :    26.7850    280.9805    132.9848
		lb :    5.2150    263.0195    112.0152
		P^-1: 
			    0.0235    -0.0007    -0.0036
			    -0.0007    0.0277    -0.0006
			    -0.0036    -0.0006    0.0248
	==================================================================================
	Q5:
		Shape: Polyhedra
		q_c:    16.5000    265.5000    119.0000
		ub :    24.7112    273.0815    127.1616
		lb :    8.2888    257.9185    110.8384
		A:
			    -0.3613    0.9162    -0.1736
			    -0.7655    -0.6432    -0.0172
			    -0.9720    -0.2254    0.0662
			    -0.0349    0.3557    0.9339
			    0.2506    0.8547    0.4546
			    0.5912    -0.2749    -0.7582
			    0.5582    0.3327    0.7601
			    -0.6409    0.7546    0.1404
			    -0.5269    -0.5656    0.6345
			    -0.5582    -0.3327    -0.7601
			    0.6409    -0.7546    -0.1404
			    0.5269    0.5656    -0.6345
		b:
			    220.5874
			    -179.9565
			    -62.8689
			    210.2100
			    290.1429
			    -148.8211
			    193.4821
			    209.9906
			    -77.8539
			    -182.4821
			    -202.9906
			    88.8539
	==================================================================================
	Q6:
		Shape: Hybrid
		q_c:    12.0000    258.0000    116.0000
		ub :    21.7727    267.8900    125.4400
		lb :    2.2273    248.1100    106.5600
		P^-1: 
			    0.0417    0.0035    -0.0185
			    0.0035    0.0333    0.0146
			    -0.0185    0.0146    0.0413
		A:
			    -0.4030    0.6614    0.6326
			    -0.4210    -0.8905    0.1725
			    -0.8924    0.0888    0.4424
			    -0.9023    -0.4254    -0.0701
			    -0.3118    -0.7007    -0.6417
			    -0.8227    0.4995    0.2714
		b:
			    241.5378
			    -211.0505
			    65.9827
			    -125.5272
			    -256.0541
			    154.0970


===========================================================================================
===========================================================================================
S10:
	q_c:    240.0000    294.5000    74.0000
	ub :    255.0000    308.0000    84.0000
	lb :    225.0000    281.0000    64.0000

	==================================================================================
	Q1:
		Shape: Polyhedra
		q_c:    248.0000    288.0000    69.0000
		ub :    255.4869    295.2741    75.5102
		lb :    240.5131    280.7259    62.4898
		A:
			    -0.4251    -0.1305    0.8957
			    -0.2895    0.7348    0.6134
			    0.6433    -0.2601    -0.7201
			    0.5578    -0.5629    0.6099
			    -0.7777    -0.1310    -0.6148
			    -0.7888    0.0411    -0.6133
			    0.1768    0.3731    0.9108
			    -0.6015    0.7734    -0.2000
			    -0.7791    -0.5125    0.3612
			    -0.1768    -0.3731    -0.9108
			    0.6015    -0.7734    0.2000
			    0.7791    0.5125    -0.3612
		b:
			    -76.0909
			    185.9635
			    39.7522
			    21.9459
			    -268.6514
			    -221.9351
			    218.1394
			    63.2788
			    -309.8794
			    -210.1394
			    -56.2788
			    321.8794
	==================================================================================
	Q2:
		Shape: Hybrid
		q_c:    232.0000    295.5000    82.0000
		ub :    239.9799    304.3690    91.1530
		lb :    224.0201    286.6310    72.8470
		P^-1: 
			    0.0427    -0.0170    0.0032
			    -0.0170    0.0455    -0.0069
			    0.0032    -0.0069    0.0225
		A:
			    0.3929    -0.8284    -0.3993
			    0.1038    0.9725    -0.2086
			    -0.7157    0.1449    0.6832
			    -0.4099    -0.8496    0.3319
			    0.8609    0.0400    -0.5073
			    0.6913    -0.7123    0.1213
		b:
			    -183.0459
			    297.5312
			    -63.1584
			    -315.2286
			    173.7470
			    -38.1532
	==================================================================================
	Q3:
		Shape: Hybrid
		q_c:    228.0000    299.0000    67.0000
		ub :    234.2181    305.0936    71.3692
		lb :    221.7819    292.9064    62.6308
		P^-1: 
			    0.0721    0.0387    -0.0448
			    0.0387    0.1158    -0.0805
			    -0.0448    -0.0805    0.1740
		A:
			    0.9262    0.2428    0.2884
			    0.0622    -0.2258    -0.9722
			    0.1560    -0.4443    0.8822
			    0.4960    0.6730    -0.5487
			    -0.2267    0.3933    -0.8910
			    -0.8056    -0.5925    0.0057
		b:
			    306.2219
			    -116.1358
			    -36.4941
			    278.8192
			    8.0484
			    -357.9209
	==================================================================================
	Q4:
		Shape: Polyhedra
		q_c:    249.0000    286.5000    72.5000
		ub :    256.7604    294.0258    78.9747
		lb :    241.2396    278.9742    66.0253
		A:
			    -0.3650    -0.2893    -0.8849
			    0.4671    0.0638    -0.8819
			    -0.9780    0.0961    0.1854
			    -0.6640    0.5230    0.5344
			    0.7580    0.3418    -0.5555
			    -0.5482    0.0420    0.8353
			    0.1430    0.7505    0.6452
			    0.3169    0.5828    -0.7482
			    -0.9376    0.3115    -0.1545
			    -0.1430    -0.7505    -0.6452
			    -0.3169    -0.5828    0.7482
			    0.9376    -0.3115    0.1545
		b:
			    -232.9104
			    74.5167
			    -196.4566
			    28.9113
			    250.6322
			    -59.6518
			    302.4168
			    194.6438
			    -148.9200
			    -292.4168
			    -188.6438
			    161.9200
	==================================================================================
	Q5:
		Shape: Hybrid
		q_c:    234.5000    292.0000    80.0000
		ub :    240.7787    298.5647    85.3875
		lb :    228.2213    285.4353    74.6125
		P^-1: 
			    0.1304    -0.0308    -0.0920
			    -0.0308    0.0580    -0.0001
			    -0.0920    -0.0001    0.1763
		A:
			    0.9819    -0.0884    -0.1675
			    -0.5579    -0.3398    0.7572
			    0.1671    0.6184    0.7679
			    -0.7926    0.5247    0.3105
			    -0.5099    -0.1401    0.8487
			    -0.7069    0.5560    0.4373
		b:
			    193.3965
			    -167.8170
			    284.8913
			    -6.1460
			    -91.4241
			    33.2048
	==================================================================================
	Q6:
		Shape: Hybrid
		q_c:    238.5000    297.5000    71.5000
		ub :    248.3998    306.7570    81.8827
		lb :    228.6002    288.2430    61.1173
		P^-1: 
			    0.0242    -0.0023    0.0017
			    -0.0023    0.0340    -0.0075
			    0.0017    -0.0075    0.0291
		A:
			    -0.4553    0.6682    0.5884
			    -0.9987    -0.0493    -0.0162
			    0.2023    0.9086    -0.3653
			    0.6501    -0.4452    0.6157
			    0.6732    -0.7391    -0.0206
			    -0.7655    -0.4939    0.4123
		b:
			    136.1553
			    -250.0297
			    295.2711
			    69.6363
			    -57.4771
			    -296.3790


===========================================================================================
===========================================================================================
S11:
	q_c:    271.0000    266.0000    75.0000
	ub :    291.0000    287.0000    94.0000
	lb :    251.0000    245.0000    56.0000

	==================================================================================
	Q1:
		Shape: Hybrid
		q_c:    268.5000    273.5000    58.0000
		ub :    281.5385    284.6630    71.3445
		lb :    255.4615    262.3370    44.6555
		P^-1: 
			    0.0138    -0.0021    -0.0026
			    -0.0021    0.0192    -0.0021
			    -0.0026    -0.0021    0.0162
		A:
			    -0.3572    -0.9311    0.0734
			    0.6440    -0.1851    -0.7423
			    0.6351    0.5163    -0.5745
			    0.0101    0.5668    0.8238
			    -0.5343    0.8037    0.2619
			    -0.8530    0.4591    -0.2481
		b:
			    -341.9550
			    83.2395
			    282.5357
			    210.3853
			    95.2969
			    -113.1803
	==================================================================================
	Q2:
		Shape: Hybrid
		q_c:    286.0000    250.0000    84.0000
		ub :    296.3924    262.2703    95.3222
		lb :    275.6076    237.7297    72.6778
		P^-1: 
			    0.0254    -0.0045    -0.0080
			    -0.0045    0.0230    0.0108
			    -0.0080    0.0108    0.0244
		A:
			    -0.5922    -0.2083    -0.7784
			    -0.7738    0.3385    0.5354
			    -0.1232    -0.9849    -0.1214
			    -0.7091    -0.2160    0.6712
			    0.0205    0.7697    -0.6380
			    -0.5214    -0.2696    -0.8096
		b:
			    -281.7845
			    -88.9322
			    -287.0627
			    -196.2522
			    151.0721
			    -279.6635
	==================================================================================
	Q3:
		Shape: Hybrid
		q_c:    252.0000    262.5000    65.0000
		ub :    255.7573    273.9619    77.2455
		lb :    248.2427    251.0381    52.7545
		P^-1: 
			    0.0816    -0.0016    0.0000
			    -0.0016    0.0100    0.0002
			    0.0000    0.0002    0.0083
		A:
			    -0.8728    0.1668    0.4587
			    -0.9440    -0.1588    0.2892
			    -0.9864    -0.1368    -0.0914
			    0.9936    0.0994    0.0539
			    -0.9529    -0.1895    0.2368
			    -0.9177    -0.2137    0.3348
		b:
			    -142.0582
			    -257.5726
			    -288.2627
			    281.9577
			    -271.4821
			    -261.9038
	==================================================================================
	Q4:
		Shape: Ellipse
		q_c:    279.5000    284.0000    69.0000
		ub :    291.0059    296.4621    82.5079
		lb :    267.9941    271.5379    55.4921
		P^-1: 
			    0.0164    0.0009    0.0022
			    0.0009    0.0103    0.0009
			    0.0022    0.0009    0.0135
	==================================================================================
	Q5:
		Shape: Hybrid
		q_c:    281.5000    256.0000    69.5000
		ub :    295.0081    269.0582    81.4869
		lb :    267.9919    242.9418    57.5131
		P^-1: 
			    0.0284    -0.0201    -0.0027
			    -0.0201    0.0300    -0.0051
			    -0.0027    -0.0051    0.0179
		A:
			    -0.3785    0.6788    -0.6293
			    -0.9383    0.3457    -0.0072
			    0.5251    -0.7326    0.4331
			    -0.1130    0.3171    -0.9416
			    0.7626    -0.4141    0.4970
			    -0.1509    0.7622    -0.6295
		b:
			    26.8842
			    -171.9403
			    -6.8843
			    -11.0089
			    147.9097
			    112.6825
	==================================================================================
	Q6:
		Shape: Ellipse
		q_c:    281.5000    278.5000    63.0000
		ub :    291.9908    288.3817    74.3665
		lb :    271.0092    268.6183    51.6335
		P^-1: 
			    0.0460    -0.0244    0.0224
			    -0.0244    0.0330    -0.0183
			    0.0224    -0.0183    0.0321


===========================================================================================
===========================================================================================
S12:
	q_c:    183.0000    17.0000    311.0000
	ub :    196.0000    34.0000    322.0000
	lb :    170.0000    0.0000    300.0000

	==================================================================================
	Q1:
		Shape: Hybrid
		q_c:    172.5000    11.0000    310.0000
		ub :    179.6864    17.4916    317.1475
		lb :    165.3136    4.5084    302.8525
		P^-1: 
			    0.0683    -0.0246    -0.0361
			    -0.0246    0.0969    -0.0208
			    -0.0361    -0.0208    0.0807
		A:
			    -0.8753    0.3471    0.3366
			    -0.1101    0.9757    -0.1894
			    0.3212    0.8032    0.5018
			    0.4039    0.7731    -0.4891
			    -0.0168    0.1571    -0.9874
			    0.6732    0.1083    -0.7315
		b:
			    -40.9263
			    -65.2573
			    224.0069
			    -71.4566
			    -304.4925
			    -107.9203
	==================================================================================
	Q2:
		Shape: Hybrid
		q_c:    173.0000    14.0000    307.0000
		ub :    179.9635    19.7806    311.5113
		lb :    166.0365    8.2194    302.4887
		P^-1: 
			    0.0654    0.0187    0.0591
			    0.0187    0.1080    -0.0528
			    0.0591    -0.0528    0.2155
		A:
			    0.3074    -0.4528    0.8369
			    0.6761    0.7121    0.1892
			    -0.2729    -0.4277    -0.8617
			    -0.6525    -0.2726    -0.7071
			    0.2900    0.8163    -0.4995
			    -0.0805    -0.9554    0.2841
		b:
			    304.9235
			    187.1186
			    -315.8205
			    -332.1474
			    -90.0653
			    61.9386
	==================================================================================
	Q3:
		Shape: Polyhedra
		q_c:    174.5000    19.0000    304.0000
		ub :    181.8589    27.2158    310.5234
		lb :    167.1411    10.7842    297.4766
		A:
			    0.1789    0.5970    -0.7820
			    0.9747    0.1327    -0.1798
			    -0.8346    -0.4182    0.3584
			    -0.3474    -0.7567    0.5539
			    0.5710    0.4945    -0.6553
			    -0.2107    -0.7902    0.5755
			    0.4489    0.6459    0.6174
			    0.4361    0.4448    -0.7823
			    -0.7799    0.6205    -0.0820
			    -0.4489    -0.6459    -0.6174
			    -0.4361    -0.4448    0.7823
			    0.7799    -0.6205    0.0820
		b:
			    -192.9391
			    122.2206
			    -40.7648
			    96.4694
			    -87.8063
			    126.1639
			    285.8155
			    -151.2861
			    -145.2350
			    -270.8155
			    155.2861
			    153.2350
	==================================================================================
	Q4:
		Shape: Polyhedra
		q_c:    190.0000    28.0000    302.0000
		ub :    198.1340    38.5797    312.0520
		lb :    181.8660    17.4203    291.9480
		A:
			    0.4784    0.8746    -0.0793
			    0.8741    0.4694    0.1251
			    -0.4083    0.5140    0.7544
			    0.4588    -0.8808    0.1170
			    0.9087    0.0355    0.4158
			    -0.8438    0.2436    -0.4781
			    0.3233    0.6901    0.6475
			    -0.8860    0.4611    -0.0490
			    -0.3324    -0.5578    0.7605
			    -0.3233    -0.6901    -0.6475
			    0.8860    -0.4611    0.0490
			    0.3324    0.5578    -0.7605
		b:
			    98.4161
			    223.2087
			    170.8598
			    103.0452
			    304.4738
			    -293.0717
			    283.2923
			    -166.2351
			    157.8991
			    -269.2923
			    174.2351
			    -143.8991
	==================================================================================
	Q5:
		Shape: Polyhedra
		q_c:    170.5000    24.0000    311.0000
		ub :    174.9745    30.2781    317.0827
		lb :    166.0255    17.7219    304.9173
		A:
			    -0.7557    -0.5469    0.3602
			    -0.1487    -0.2863    -0.9465
			    0.5045    -0.5990    0.6218
			    -0.8949    0.3536    0.2723
			    -0.8084    -0.5135    -0.2877
			    -0.3881    0.9180    0.0812
			    0.3617    0.6474    0.6709
			    0.2647    0.6187    -0.7397
			    -0.8939    0.4452    0.0524
			    -0.3617    -0.6474    -0.6709
			    -0.2647    -0.6187    0.7397
			    0.8939    -0.4452    -0.0524
		b:
			    -26.2021
			    -322.2168
			    268.2668
			    -57.2213
			    -235.6203
			    -15.6843
			    290.3552
			    -166.0673
			    -123.4238
			    -281.3552
			    174.0673
			    127.4238
	==================================================================================
	Q6:
		Shape: Polyhedra
		q_c:    192.5000    12.0000    311.0000
		ub :    195.6906    15.5396    315.0301
		lb :    189.3094    8.4604    306.9699
		A:
			    0.8543    0.4998    0.1430
			    -0.4287    0.6408    -0.6369
			    0.7465    -0.2668    -0.6096
			    0.2055    -0.8103    -0.5488
			    0.7391    -0.6124    -0.2805
			    0.6051    0.7325    -0.3119
			    0.0448    0.1475    0.9880
			    0.0124    0.9889    -0.1482
			    -0.9989    0.0189    0.0424
			    -0.0448    -0.1475    -0.9880
			    -0.0124    -0.9889    0.1482
			    0.9989    -0.0189    -0.0424
		b:
			    217.9424
			    -269.7388
			    -45.9025
			    -137.6403
			    50.7588
			    31.2766
			    321.1706
			    -28.8437
			    -175.8648
			    -314.1706
			    34.8437
			    181.8648


===========================================================================================
===========================================================================================
S13:
	q_c:    223.0000    216.5000    112.5000
	ub :    239.0000    232.0000    132.0000
	lb :    207.0000    201.0000    93.0000

	==================================================================================
	Q1:
		Shape: Ellipse
		q_c:    233.5000    215.5000    123.0000
		ub :    241.1957    223.3588    129.1594
		lb :    225.8043    207.6412    116.8406
		P^-1: 
			    0.0285    0.0018    0.0001
			    0.0018    0.0323    -0.0000
			    0.0001    -0.0000    0.0331
	==================================================================================
	Q2:
		Shape: Hybrid
		q_c:    219.5000    212.0000    115.0000
		ub :    225.6920    218.5183    119.8389
		lb :    213.3080    205.4817    110.1611
		P^-1: 
			    0.0512    -0.0070    0.0121
			    -0.0070    0.0763    -0.0470
			    0.0121    -0.0470    0.1313
		A:
			    0.0632    0.3222    -0.9446
			    -0.0049    0.8835    -0.4684
			    0.7813    -0.5765    0.2390
			    -0.4265    -0.5171    0.7421
			    0.6176    0.0871    -0.7817
			    0.3004    -0.4295    0.8517
		b:
			    -24.9999
			    134.3393
			    79.4329
			    -115.9445
			    66.7066
			    74.1637
	==================================================================================
	Q3:
		Shape: Ellipse
		q_c:    211.5000    220.0000    104.0000
		ub :    220.5552    230.4496    113.8503
		lb :    202.4448    209.5504    94.1497
		P^-1: 
			    0.0322    -0.0031    -0.0017
			    -0.0031    0.0221    -0.0061
			    -0.0017    -0.0061    0.0296
	==================================================================================
	Q4:
		Shape: Ellipse
		q_c:    223.5000    227.0000    126.0000
		ub :    231.1236    234.6097    128.5788
		lb :    215.8764    219.3903    123.4212
		P^-1: 
			    0.0373    0.0049    0.0413
			    0.0049    0.0388    0.0481
			    0.0413    0.0481    0.4344
	==================================================================================
	Q5:
		Shape: Hybrid
		q_c:    222.5000    214.0000    115.0000
		ub :    230.2818    222.5404    122.4434
		lb :    214.7182    205.4596    107.5566
		P^-1: 
			    0.0542    -0.0034    -0.0187
			    -0.0034    0.0362    -0.0168
			    -0.0187    -0.0168    0.0642
		A:
			    0.2098    -0.3905    0.8964
			    0.8777    0.3865    -0.2833
			    -0.1567    -0.6102    0.7766
			    0.9328    -0.1596    0.3232
			    -0.8561    0.5153    -0.0383
			    0.7531    -0.4454    -0.4842
		b:
			    68.5858
			    248.2391
			    -74.0701
			    213.6647
			    -81.9251
			    19.1320
	==================================================================================
	Q6:
		Shape: Hybrid
		q_c:    218.5000    215.5000    121.5000
		ub :    230.7941    226.4802    132.1334
		lb :    206.2059    204.5198    110.8666
		P^-1: 
			    0.0209    -0.0061    0.0009
			    -0.0061    0.0199    -0.0031
			    0.0009    -0.0031    0.0212
		A:
			    -0.2661    0.8520    0.4508
			    -0.7922    -0.3694    0.4858
			    -0.8570    0.2830    -0.4307
			    -0.4728    -0.1035    -0.8751
			    -0.3228    -0.0555    -0.9449
			    -0.1309    -0.5776    0.8058
		b:
			    184.5198
			    -189.0077
			    -175.0903
			    -227.6976
			    -193.1960
			    -51.3694


===========================================================================================
===========================================================================================
S14:
	q_c:    411.0000    168.5000    497.0000
	ub :    434.0000    178.0000    511.0000
	lb :    388.0000    159.0000    483.0000

	==================================================================================
	Q1:
		Shape: Polyhedra
		q_c:    408.5000    162.5000    492.0000
		ub :    412.7117    166.9225    496.1442
		lb :    404.2883    158.0775    487.8558
		A:
			    0.9078    -0.2177    -0.3584
			    0.2997    0.2416    -0.9229
			    -0.8083    -0.0764    0.5838
			    -0.8853    0.1567    -0.4379
			    -0.7621    -0.6231    0.1761
			    -0.7222    0.2904    0.6278
			    0.5841    0.0556    0.8098
			    -0.7991    -0.1354    0.5857
			    0.1423    -0.9892    -0.0346
			    -0.5841    -0.0556    -0.8098
			    0.7991    0.1354    -0.5857
			    -0.1423    0.9892    0.0346
		b:
			    161.5523
			    -289.7567
			    -53.3937
			    -548.2915
			    -323.1005
			    63.5407
			    649.5556
			    -58.2548
			    -115.6828
			    -642.5556
			    62.2548
			    123.6828
	==================================================================================
	Q2:
		Shape: Ellipse
		q_c:    416.5000    172.0000    490.0000
		ub :    421.5390    177.5332    495.8959
		lb :    411.4610    166.4668    484.1041
		P^-1: 
			    0.0806    0.0038    -0.0022
			    0.0038    0.0681    0.0078
			    -0.0022    0.0078    0.0771
	==================================================================================
	Q3:
		Shape: Polyhedra
		q_c:    414.5000    168.0000    500.0000
		ub :    420.0594    173.1744    505.1199
		lb :    408.9406    162.8256    494.8801
		A:
			    0.0474    0.0984    0.9940
			    0.6452    0.1835    0.7416
			    -0.2851    -0.9064    0.3118
			    -0.1966    -0.8537    0.4822
			    0.9902    0.0863    -0.1094
			    -0.5303    0.1803    0.8284
			    0.2246    0.5373    0.8129
			    -0.4269    0.8042    -0.4136
			    -0.8760    -0.2541    0.4100
			    -0.2246    -0.5373    -0.8129
			    0.4269    -0.8042    0.4136
			    0.8760    0.2541    -0.4100
		b:
			    536.0449
			    671.9710
			    -110.9046
			    19.8262
			    374.2001
			    228.1096
			    592.3198
			    -245.1517
			    -196.7965
			    -587.3198
			    252.1517
			    204.7965
	==================================================================================
	Q4:
		Shape: Polyhedra
		q_c:    418.5000    164.0000    492.5000
		ub :    423.5552    169.5418    496.9458
		lb :    413.4448    158.4582    488.0542
		A:
			    -0.5704    -0.6974    -0.4338
			    0.6519    -0.6012    0.4621
			    0.2642    -0.9498    0.1677
			    0.9721    -0.2316    0.0378
			    -0.9601    0.0523    0.2748
			    0.0048    0.9296    -0.3685
			    0.7500    0.6056    0.2659
			    0.6596    -0.6554    -0.3679
			    -0.0486    0.4513    -0.8910
			    -0.7500    -0.6056    -0.2659
			    -0.6596    0.6554    0.3679
			    0.0486    -0.4513    0.8910
		b:
			    -563.2627
			    404.8708
			    40.6130
			    390.9097
			    -254.4009
			    -24.0261
			    547.6494
			    -9.1143
			    -382.6452
			    -540.6494
			    16.1143
			    387.6452
	==================================================================================
	Q5:
		Shape: Ellipse
		q_c:    419.5000    165.5000    499.5000
		ub :    423.4729    170.1438    503.9232
		lb :    415.5271    160.8562    495.0768
		P^-1: 
			    0.6147    -0.4413    0.1424
			    -0.4413    0.4334    -0.0563
			    0.1424    -0.0563    0.1613
	==================================================================================
	Q6:
		Shape: Ellipse
		q_c:    419.5000    163.5000    496.5000
		ub :    425.1877    169.1157    501.7531
		lb :    413.8123    157.8843    491.2469
		P^-1: 
			    0.0853    0.0058    -0.0078
			    0.0058    0.0910    -0.0124
			    -0.0078    -0.0124    0.0981


===========================================================================================
===========================================================================================
S15:
	q_c:    208.0000    34.5000    247.5000
	ub :    223.0000    60.0000    263.0000
	lb :    193.0000    9.0000    232.0000

	==================================================================================
	Q1:
		Shape: Hybrid
		q_c:    199.0000    29.0000    263.0000
		ub :    206.9423    36.7453    270.8705
		lb :    191.0577    21.2547    255.1295
		P^-1: 
			    0.0471    -0.0062    -0.0024
			    -0.0062    0.0325    -0.0064
			    -0.0024    -0.0064    0.0469
		A:
			    0.4433    -0.8923    0.0851
			    -0.4208    0.1908    0.8868
			    0.9881    -0.1330    0.0774
			    -0.9220    -0.1928    -0.3358
			    -0.9945    -0.0280    0.1010
			    -0.9666    -0.2541    -0.0345
		b:
			    87.5816
			    157.4637
			    215.4807
			    -274.5765
			    -169.7358
			    -206.0373
	==================================================================================
	Q2:
		Shape: Polyhedra
		q_c:    201.0000    45.0000    247.5000
		ub :    206.4627    51.6866    254.9944
		lb :    195.5373    38.3134    240.0056
		A:
			    0.2134    0.2730    -0.9380
			    0.5006    0.1304    -0.8558
			    0.9721    -0.2345    -0.0052
			    0.7510    -0.6353    -0.1800
			    0.7593    0.1068    -0.6420
			    0.5064    -0.7905    -0.3444
			    0.3845    0.5746    0.7224
			    -0.1166    0.8066    -0.5795
			    -0.9157    0.1386    0.3772
			    -0.3845    -0.5746    -0.7224
			    0.1166    -0.8066    0.5795
			    0.9157    -0.1386    -0.3772
		b:
			    -172.9821
			    -101.6635
			    186.8328
			    81.1318
			    1.6545
			    -14.9372
			    287.9549
			    -127.0734
			    -81.4646
			    -275.9549
			    134.0734
			    87.4646
	==================================================================================
	Q3:
		Shape: Ellipse
		q_c:    208.5000    45.5000    258.0000
		ub :    216.9852    55.8740    268.4262
		lb :    200.0148    35.1260    247.5738
		P^-1: 
			    0.0411    0.0009    0.0123
			    0.0009    0.0173    0.0043
			    0.0123    0.0043    0.0302
	==================================================================================
	Q4:
		Shape: Polyhedra
		q_c:    204.0000    38.5000    244.5000
		ub :    211.5256    47.2772    253.6435
		lb :    196.4744    29.7228    235.3565
		A:
			    -0.8245    0.4302    0.3675
			    0.9216    -0.1458    -0.3597
			    -0.6600    0.1213    -0.7414
			    -0.8951    0.2364    -0.3780
			    -0.5456    0.8261    -0.1406
			    -0.8612    0.3360    0.3813
			    0.1830    0.4530    0.8725
			    -0.7060    0.6782    -0.2040
			    -0.6841    -0.5787    0.4439
			    -0.1830    -0.4530    -0.8725
			    0.7060    -0.6782    0.2040
			    0.6841    0.5787    -0.4439
		b:
			    -57.0568
			    99.1395
			    -305.5148
			    -261.2582
			    -109.7473
			    -64.8043
			    275.0986
			    -163.8105
			    -48.3039
			    -261.0986
			    171.8105
			    58.3039
	==================================================================================
	Q5:
		Shape: Polyhedra
		q_c:    213.0000    34.0000    247.5000
		ub :    217.7571    40.2236    253.1166
		lb :    208.2429    27.7764    241.8834
		A:
			    0.2815    0.6459    0.7096
			    -0.3166    -0.4796    -0.8184
			    -0.8344    0.2598    -0.4860
			    0.8977    -0.3899    -0.2052
			    0.8170    -0.5627    0.1256
			    -0.1172    0.1185    -0.9860
			    0.2104    0.1660    0.9634
			    -0.0009    0.9855    -0.1696
			    -0.9776    0.0348    0.2075
			    -0.2104    -0.1660    -0.9634
			    0.0009    -0.9855    0.1696
			    0.9776    -0.0348    -0.2075
		b:
			    261.9972
			    -282.0985
			    -284.9882
			    131.3930
			    190.5415
			    -260.8241
			    292.8998
			    -3.1775
			    -151.7012
			    -284.8998
			    14.1775
			    159.7012
	==================================================================================
	Q6:
		Shape: Polyhedra
		q_c:    213.0000    34.5000    258.5000
		ub :    221.7290    43.4095    266.5379
		lb :    204.2710    25.5905    250.4621
		A:
			    -0.0137    -0.0160    -0.9998
			    0.2405    -0.7753    0.5840
			    0.8252    0.1927    -0.5310
			    -0.2130    -0.7673    -0.6048
			    0.1015    0.1295    -0.9864
			    -0.1288    0.1609    -0.9785
			    0.5994    0.5148    0.6129
			    0.6720    0.0923    -0.7348
			    -0.4348    0.8523    -0.2906
			    -0.5994    -0.5148    -0.6129
			    -0.6720    -0.0923    0.7348
			    0.4348    -0.8523    0.2906
		b:
			    -257.1977
			    182.1374
			    49.2213
			    -222.8956
			    -224.1821
			    -269.6637
			    308.8793
			    -39.6126
			    -131.3358
			    -298.8793
			    47.6126
			    145.3358


===========================================================================================
===========================================================================================
S16:
	q_c:    54.5000    485.0000    76.0000
	ub :    63.0000    501.0000    91.0000
	lb :    46.0000    469.0000    61.0000

	==================================================================================
	Q1:
		Shape: Polyhedra
		q_c:    51.5000    485.0000    72.5000
		ub :    56.1909    489.5752    77.2829
		lb :    46.8091    480.4248    67.7171
		A:
			    0.1209    -0.8188    0.5612
			    -0.1125    0.9797    0.1662
			    0.3264    0.8544    -0.4044
			    0.4149    -0.3089    0.8558
			    0.3254    -0.3824    -0.8648
			    -0.4491    -0.2402    0.8606
			    0.5767    0.6763    0.4582
			    0.7772    -0.2815    -0.5628
			    -0.2516    0.6807    -0.6880
			    -0.5767    -0.6763    -0.4582
			    -0.7772    0.2815    0.5628
			    0.2516    -0.6807    0.6880
		b:
			    -347.6909
			    484.2248
			    404.5757
			    -63.8262
			    -228.4432
			    -74.4253
			    393.9348
			    -134.2937
			    269.8086
			    -387.9348
			    140.2937
			    -264.8086
	==================================================================================
	Q2:
		Shape: Hybrid
		q_c:    47.5000    486.5000    83.0000
		ub :    53.3612    491.7344    89.3017
		lb :    41.6388    481.2656    76.6983
		P^-1: 
			    0.1203    0.0828    0.0451
			    0.0828    0.1605    0.0461
			    0.0451    0.0461    0.0811
		A:
			    0.1265    0.8884    0.4412
			    -0.6231    -0.7669    0.1533
			    -0.8549    -0.2943    -0.4273
			    0.8381    0.2031    -0.5064
			    0.5985    -0.0076    0.8011
			    -0.0851    -0.4598    0.8839
		b:
			    476.6048
			    -388.2680
			    -217.5574
			    99.6560
			    93.5838
			    -151.2493
	==================================================================================
	Q3:
		Shape: Ellipse
		q_c:    51.0000    484.0000    77.0000
		ub :    55.2071    487.6773    81.0940
		lb :    46.7929    480.3227    72.9060
		P^-1: 
			    0.1848    -0.0478    0.0278
			    -0.0478    0.2107    -0.0015
			    0.0278    -0.0015    0.1256
	==================================================================================
	Q4:
		Shape: Polyhedra
		q_c:    60.5000    487.0000    73.0000
		ub :    63.9491    491.7959    77.4256
		lb :    57.0509    482.2041    68.5744
		A:
			    0.2041    0.2018    0.9579
			    0.8591    0.2507    0.4462
			    0.5110    0.1328    -0.8492
			    0.1968    -0.6317    0.7498
			    0.1517    0.7966    -0.5852
			    -0.3552    0.6136    0.7052
			    0.0253    0.7988    0.6011
			    0.2069    0.5841    -0.7849
			    -0.9780    0.1442    -0.1505
			    -0.0253    -0.7988    -0.6011
			    -0.2069    -0.5841    0.7849
			    0.9780    -0.1442    0.1505
		b:
			    183.8795
			    209.9246
			    36.1560
			    -238.7761
			    356.6302
			    332.6083
			    438.4109
			    241.6778
			    3.0829
			    -430.4109
			    -237.6778
			    2.9171
	==================================================================================
	Q5:
		Shape: Hybrid
		q_c:    56.0000    488.5000    80.5000
		ub :    60.1190    492.7954    84.3891
		lb :    51.8810    484.2046    76.6109
		P^-1: 
			    0.2670    -0.0304    -0.1576
			    -0.0304    0.1146    -0.0241
			    -0.1576    -0.0241    0.3044
		A:
			    0.4018    -0.3347    -0.8524
			    0.9947    0.0900    0.0487
			    -0.9926    -0.1177    0.0309
			    -0.0061    -0.9920    -0.1259
			    0.5800    0.3781    -0.7216
			    -0.6717    0.5874    0.4515
		b:
			    -208.3501
			    105.4273
			    -108.8449
			    -492.6449
			    160.1358
			    287.0072
	==================================================================================
	Q6:
		Shape: Hybrid
		q_c:    52.5000    487.0000    78.5000
		ub :    58.1105    492.9315    82.9941
		lb :    46.8895    481.0685    74.0059
		P^-1: 
			    0.0943    0.0294    0.0016
			    0.0294    0.0567    0.0066
			    0.0016    0.0066    0.0817
		A:
			    0.9231    0.1868    0.3362
			    -0.0554    0.5968    -0.8005
			    -0.5730    -0.1900    0.7972
			    0.4943    0.7762    0.3913
			    0.0807    0.5492    -0.8318
			    -0.4717    -0.8547    0.2165
		b:
			    167.6027
			    227.5770
			    -58.1551
			    436.6417
			    208.8656
			    -421.7701


===========================================================================================
===========================================================================================
S17:
	q_c:    177.5000    464.0000    75.0000
	ub :    187.0000    495.0000    92.0000
	lb :    168.0000    433.0000    58.0000

	==================================================================================
	Q1:
		Shape: Polyhedra
		q_c:    187.0000    462.5000    78.5000
		ub :    192.0735    467.8886    83.7032
		lb :    181.9265    457.1114    73.2968
		A:
			    0.2197    -0.5354    0.8155
			    -0.6607    -0.4602    0.5930
			    -0.1016    -0.8334    0.5433
			    0.5393    -0.5063    -0.6728
			    -0.0997    -0.8848    0.4552
			    -0.8667    -0.4263    0.2592
			    0.3709    0.5670    0.7355
			    -0.5380    0.7768    -0.3275
			    -0.7570    -0.2742    0.5931
			    -0.3709    -0.5670    -0.7355
			    0.5380    -0.7768    0.3275
			    0.7570    0.2742    -0.5931
		b:
			    -139.1971
			    -287.3223
			    -358.6300
			    -183.0542
			    -388.9472
			    -336.1984
			    392.8148
			    236.4464
			    -219.3276
			    -385.8148
			    -229.4464
			    224.3276
	==================================================================================
	Q2:
		Shape: Polyhedra
		q_c:    169.5000    458.0000    80.0000
		ub :    172.1712    463.0257    85.0917
		lb :    166.8288    452.9743    74.9083
		A:
			    -0.6482    -0.1462    -0.7473
			    -0.4406    0.8943    -0.0783
			    -0.7635    -0.5682    0.3070
			    0.9044    0.2861    -0.3165
			    -0.1867    -0.1408    0.9723
			    0.6541    -0.1654    -0.7381
			    0.1008    0.7685    0.6319
			    0.9903    -0.0164    -0.1381
			    -0.0958    0.6397    -0.7627
			    -0.1008    -0.7685    -0.6319
			    -0.9903    0.0164    0.1381
			    0.0958    -0.6397    0.7627
		b:
			    -233.3549
			    331.8622
			    -362.5290
			    261.1853
			    -15.1544
			    -21.0741
			    423.6069
			    151.2926
			    218.7221
			    -415.6069
			    -147.2926
			    -212.7221
	==================================================================================
	Q3:
		Shape: Hybrid
		q_c:    177.5000    463.0000    77.0000
		ub :    180.0540    466.2117    81.6194
		lb :    174.9460    459.7883    72.3806
		P^-1: 
			    0.2482    -0.0055    -0.0176
			    -0.0055    0.2332    -0.0532
			    -0.0176    -0.0532    0.0811
		A:
			    0.2008    -0.1018    -0.9743
			    0.9981    0.0406    -0.0461
			    -0.6711    -0.6564    0.3445
			    -0.7337    0.4181    -0.5356
			    0.5786    0.2221    0.7848
			    0.4172    0.9050    0.0827
		b:
			    -83.6953
			    193.4436
			    -395.5083
			    23.6466
			    268.5829
			    500.8699
	==================================================================================
	Q4:
		Shape: Polyhedra
		q_c:    172.5000    459.5000    86.0000
		ub :    177.3716    464.6920    90.5266
		lb :    167.6284    454.3080    81.4734
		A:
			    0.4682    0.1160    0.8760
			    -0.4258    -0.6022    -0.6753
			    0.8194    0.0328    -0.5722
			    0.4723    0.8810    -0.0269
			    -0.6804    0.7204    -0.1346
			    0.2357    -0.7317    0.6395
			    0.8718    0.4688    0.1422
			    0.3851    -0.8352    0.3925
			    0.3028    -0.2875    -0.9087
			    -0.8718    -0.4688    -0.1422
			    -0.3851    0.8352    -0.3925
			    -0.3028    0.2875    0.9087
		b:
			    212.4849
			    -405.2265
			    110.2221
			    487.1543
			    205.5086
			    -237.1139
			    381.0186
			    -280.1047
			    -154.9963
			    -375.0186
			    287.1047
			    160.9963
	==================================================================================
	Q5:
		Shape: Polyhedra
		q_c:    173.0000    461.0000    72.5000
		ub :    176.4039    465.7097    77.1418
		lb :    169.5961    456.2903    67.8582
		A:
			    -0.0247    0.9162    0.4001
			    -0.8767    0.4675    -0.1132
			    0.6817    0.7198    -0.1310
			    0.7734    -0.6202    -0.1311
			    -0.2349    -0.9639    0.1254
			    0.8906    -0.4239    -0.1649
			    0.6079    0.4268    0.6696
			    -0.7892    0.4175    0.4503
			    -0.0874    -0.8022    0.5906
			    -0.6079    -0.4268    -0.6696
			    0.7892    -0.4175    -0.4503
			    0.0874    0.8022    -0.5906
		b:
			    449.7145
			    58.0080
			    443.2945
			    -159.3612
			    -472.6358
			    -51.2084
			    352.9504
			    90.5935
			    -338.6140
			    -347.9504
			    -86.5935
			    345.6140
	==================================================================================
	Q6:
		Shape: Polyhedra
		q_c:    167.0000    462.0000    75.5000
		ub :    172.3571    467.6506    80.5682
		lb :    161.6429    456.3494    70.4318
		A:
			    0.9906    0.1278    -0.0494
			    -0.9122    0.1884    -0.3638
			    -0.7608    -0.2596    0.5949
			    0.7021    0.4045    -0.5860
			    0.0049    0.3442    0.9389
			    0.5865    0.7891    0.1824
			    0.6441    0.7447    0.1750
			    0.7140    -0.5032    -0.4868
			    -0.2745    0.4385    -0.8558
			    -0.6441    -0.7447    -0.1750
			    -0.7140    0.5032    0.4868
			    0.2745    -0.4385    0.8558
		b:
			    224.0389
			    -89.4313
			    -198.7973
			    263.2130
			    234.0115
			    479.7905
			    468.3153
			    -146.9752
			    95.6273
			    -461.3153
			    152.9752
			    -88.6273


===========================================================================================
===========================================================================================
S18:
	q_c:    182.5000    427.5000    267.0000
	ub :    201.0000    461.0000    289.0000
	lb :    164.0000    394.0000    245.0000

	==================================================================================
	Q1:
		Shape: Ellipse
		q_c:    178.5000    429.0000    265.5000
		ub :    193.0133    440.2477    279.8004
		lb :    163.9867    417.7523    251.1996
		P^-1: 
			    0.0132    -0.0039    -0.0030
			    -0.0039    0.0210    0.0022
			    -0.0030    0.0022    0.0133
	==================================================================================
	Q2:
		Shape: Hybrid
		q_c:    177.5000    442.5000    274.5000
		ub :    186.0263    452.4603    284.1848
		lb :    168.9737    432.5397    264.8152
		P^-1: 
			    0.0242    0.0063    0.0045
			    0.0063    0.0318    0.0060
			    0.0045    0.0060    0.0280
		A:
			    0.8608    -0.3040    0.4081
			    -0.8435    0.5280    0.0987
			    0.2441    0.8908    -0.3833
			    -0.6612    -0.7393    0.1276
			    -0.3954    -0.8976    0.1951
			    -0.6330    -0.4076    -0.6582
		b:
			    134.4141
			    115.4762
			    335.8695
			    -406.2148
			    -410.5282
			    -470.5917
	==================================================================================
	Q3:
		Shape: Hybrid
		q_c:    171.5000    410.0000    274.5000
		ub :    181.2866    417.6639    284.0802
		lb :    161.7134    402.3361    264.9198
		P^-1: 
			    0.0253    -0.0016    0.0022
			    -0.0016    0.0325    -0.0008
			    0.0022    -0.0008    0.0267
		A:
			    -0.3879    0.1283    0.9127
			    -0.3922    0.0051    -0.9199
			    -0.1289    0.9893    -0.0690
			    0.2423    -0.8614    -0.4464
			    0.3435    0.0431    0.9382
			    0.6791    -0.2913    0.6738
		b:
			    240.1830
			    -314.4256
			    367.3053
			    -431.1267
			    337.3591
			    185.0852
	==================================================================================
	Q4:
		Shape: Polyhedra
		q_c:    181.0000    437.0000    271.5000
		ub :    194.5415    449.7432    280.9260
		lb :    167.4585    424.2568    262.0740
		A:
			    -0.2572    0.4958    0.8295
			    -0.6300    -0.6389    0.4414
			    0.0711    0.2725    -0.9595
			    -0.4549    -0.2787    -0.8458
			    0.3610    0.5795    0.7307
			    -0.5994    0.1263    0.7904
			    0.5747    0.7757    0.2608
			    0.7949    -0.6049    0.0476
			    0.1946    0.1800    -0.9642
			    -0.5747    -0.7757    -0.2608
			    -0.7949    0.6049    -0.0476
			    -0.1946    -0.1800    0.9642
		b:
			    403.3963
			    -266.3935
			    -120.9794
			    -426.5255
			    523.7490
			    169.6949
			    520.3009
			    -97.0643
			    -140.4216
			    -507.3009
			    118.0643
			    155.4216
	==================================================================================
	Q5:
		Shape: Ellipse
		q_c:    163.0000    445.5000    264.0000
		ub :    172.2319    453.0145    269.1467
		lb :    153.7681    437.9855    258.8533
		P^-1: 
			    0.0205    0.0158    -0.0092
			    0.0158    0.0662    -0.0280
			    -0.0092    -0.0280    0.0894
	==================================================================================
	Q6:
		Shape: Hybrid
		q_c:    189.5000    441.5000    283.0000
		ub :    204.3085    454.9456    297.0861
		lb :    174.6915    428.0544    268.9139
		P^-1: 
			    0.0133    0.0023    -0.0028
			    0.0023    0.0166    -0.0036
			    -0.0028    -0.0036    0.0129
		A:
			    -0.2493    0.2410    0.9380
			    -0.7659    0.3486    0.5402
			    0.8843    0.4487    -0.1289
			    -0.1640    -0.5860    0.7935
			    0.1318    -0.9913    0.0015
			    0.8394    0.4326    -0.3290
		b:
			    330.3074
			    166.9624
			    333.8044
			    -61.1694
			    -407.5632
			    261.1225


===========================================================================================
===========================================================================================
S19:
	q_c:    255.5000    32.5000    118.0000
	ub :    279.0000    47.0000    141.0000
	lb :    232.0000    18.0000    95.0000

	==================================================================================
	Q1:
		Shape: Hybrid
		q_c:    271.0000    37.5000    117.0000
		ub :    280.3685    46.3176    126.2722
		lb :    261.6315    28.6824    107.7278
		P^-1: 
			    0.0283    -0.0003    0.0087
			    -0.0003    0.0463    -0.0174
			    0.0087    -0.0174    0.0414
		A:
			    0.9259    -0.1562    0.3440
			    -0.0404    -0.9538    -0.2978
			    -0.2029    0.8985    -0.3893
			    0.1411    -0.3204    0.9367
			    -0.5673    0.7568    0.3248
			    0.3349    -0.9410    0.0483
		b:
			    288.8563
			    -77.8458
			    -64.5019
			    138.4462
			    -82.8301
			    64.4091
	==================================================================================
	Q2:
		Shape: Ellipse
		q_c:    251.0000    38.0000    129.5000
		ub :    257.8254    45.2154    134.0577
		lb :    244.1746    30.7846    124.9423
		P^-1: 
			    0.0345    0.0053    -0.0124
			    0.0053    0.0526    -0.0455
			    -0.0124    -0.0455    0.1390
	==================================================================================
	Q3:
		Shape: Hybrid
		q_c:    268.5000    18.5000    123.0000
		ub :    275.5931    25.5924    131.0055
		lb :    261.4069    11.4076    114.9945
		P^-1: 
			    0.0585    -0.0050    0.0098
			    -0.0050    0.0561    0.0125
			    0.0098    0.0125    0.0382
		A:
			    -0.5704    -0.8212    -0.0119
			    -0.5519    0.7157    0.4280
			    0.9996    -0.0048    -0.0283
			    0.4866    0.8417    -0.2340
			    0.2996    0.8754    0.3794
			    0.4111    0.4275    0.8051
		b:
			    -167.1627
			    -80.1489
			    267.1372
			    120.5718
			    145.3671
			    219.6238
	==================================================================================
	Q4:
		Shape: Ellipse
		q_c:    268.0000    30.5000    126.5000
		ub :    275.7580    37.7552    132.3965
		lb :    260.2420    23.2448    120.6035
		P^-1: 
			    0.0774    0.0443    -0.0755
			    0.0443    0.0772    -0.0753
			    -0.0755    -0.0753    0.1614
	==================================================================================
	Q5:
		Shape: Polyhedra
		q_c:    256.0000    22.5000    121.0000
		ub :    263.5263    30.5368    128.5042
		lb :    248.4737    14.4632    113.4958
		A:
			    0.7697    -0.0291    0.6378
			    -0.9297    -0.2432    -0.2767
			    0.7261    0.2883    -0.6243
			    -0.3642    0.1175    0.9239
			    -0.9970    0.0339    0.0703
			    -0.1766    0.0108    0.9842
			    0.5741    0.0490    0.8173
			    -0.8087    0.1906    0.5565
			    -0.1285    -0.9804    0.1491
			    -0.5741    -0.0490    -0.8173
			    0.8087    -0.1906    -0.5565
			    0.1285    0.9804    -0.1491
		b:
			    278.0936
			    -271.9931
			    122.3167
			    26.0576
			    -241.0544
			    78.9370
			    251.4628
			    -130.3846
			    -29.9273
			    -242.4628
			    140.3846
			    43.9273
	==================================================================================
	Q6:
		Shape: Polyhedra
		q_c:    245.0000    21.5000    124.0000
		ub :    249.1617    27.7566    131.0509
		lb :    240.8383    15.2434    116.9491
		A:
			    0.8660    -0.4855    -0.1200
			    -0.9883    -0.1025    0.1126
			    -0.9593    0.2161    0.1819
			    0.5650    -0.8200    0.0918
			    -0.9241    -0.0170    -0.3817
			    0.7634    0.0561    -0.6435
			    0.1601    0.0298    0.9866
			    -0.9867    -0.0223    0.1608
			    0.0268    -0.9993    0.0259
			    -0.1601    -0.0298    -0.9866
			    0.9867    0.0223    -0.1608
			    -0.0268    0.9993    -0.0259
		b:
			    190.8418
			    -227.3505
			    -204.5625
			    137.5286
			    -269.8452
			    112.6719
			    168.7174
			    -219.2870
			    -5.7152
			    -155.7174
			    225.2870
			    17.7152


===========================================================================================
===========================================================================================
S20:
	q_c:    415.0000    255.0000    495.0000
	ub :    428.0000    279.0000    512.0000
	lb :    402.0000    231.0000    478.0000

	==================================================================================
	Q1:
		Shape: Hybrid
		q_c:    425.5000    266.0000    487.0000
		ub :    432.7275    273.5321    492.5946
		lb :    418.2725    258.4679    481.4054
		P^-1: 
			    0.0396    -0.0154    0.0058
			    -0.0154    0.0543    0.0099
			    0.0058    0.0099    0.0780
		A:
			    0.8597    -0.4394    -0.2606
			    0.3009    0.0064    0.9536
			    0.8928    0.1042    0.4382
			    -0.2881    0.3361    -0.8967
			    0.3312    -0.0134    0.9435
			    0.1182    0.7598    0.6394
		b:
			    124.7873
			    596.0065
			    624.2637
			    -467.8351
			    598.7055
			    566.0183
	==================================================================================
	Q2:
		Shape: Polyhedra
		q_c:    418.0000    245.0000    507.5000
		ub :    427.6521    254.4637    517.5449
		lb :    408.3479    235.5363    497.4551
		A:
			    0.3570    -0.5775    0.7342
			    -0.1570    0.2807    -0.9469
			    -0.1998    0.5564    -0.8065
			    -0.2090    0.5570    -0.8038
			    -0.0990    0.9908    -0.0926
			    0.5434    0.5755    0.6112
			    0.9226    0.0238    0.3851
			    -0.3098    -0.5493    0.7761
			    0.2300    -0.8353    -0.4994
			    -0.9226    -0.0238    -0.3851
			    0.3098    0.5493    -0.7761
			    -0.2300    0.8353    0.4994
		b:
			    385.7950
			    -472.2249
			    -351.5873
			    -353.8256
			    161.6273
			    685.9857
			    593.9018
			    133.7920
			    -353.4469
			    -579.9018
			    -125.7920
			    370.4469
	==================================================================================
	Q3:
		Shape: Polyhedra
		q_c:    414.0000    245.5000    503.5000
		ub :    424.1167    255.0333    513.7379
		lb :    403.8833    235.9667    493.2621
		A:
			    0.9572    -0.2504    -0.1451
			    -0.9513    -0.2013    -0.2333
			    0.8023    -0.4305    -0.4134
			    -0.1944    0.9552    -0.2234
			    0.0783    0.9933    -0.0851
			    0.5145    -0.6644    -0.5421
			    0.4563    0.5974    0.6595
			    -0.5779    -0.3646    0.7301
			    0.6767    -0.7142    0.1789
			    -0.4563    -0.5974    -0.6595
			    0.5779    0.3646    -0.7301
			    -0.6767    0.7142    -0.1789
		b:
			    267.4784
			    -554.7920
			    24.1633
			    46.8340
			    239.2028
			    -217.4125
			    673.6021
			    46.3615
			    199.3735
			    -661.6021
			    -31.3615
			    -190.3735
	==================================================================================
	Q4:
		Shape: Ellipse
		q_c:    415.0000    258.5000    503.0000
		ub :    424.8442    265.9862    512.3386
		lb :    405.1558    251.0138    493.6614
		P^-1: 
			    0.0223    -0.0015    0.0086
			    -0.0015    0.0290    -0.0034
			    0.0086    -0.0034    0.0342
	==================================================================================
	Q5:
		Shape: Ellipse
		q_c:    411.0000    256.0000    485.5000
		ub :    418.5632    262.3952    493.6406
		lb :    403.4368    249.6048    477.3594
		P^-1: 
			    0.0444    -0.0273    0.0063
			    -0.0273    0.0939    -0.0190
			    0.0063    -0.0190    0.0336
	==================================================================================
	Q6:
		Shape: Hybrid
		q_c:    411.5000    244.0000    488.5000
		ub :    420.0078    251.0892    497.1485
		lb :    402.9922    236.9108    479.8515
		P^-1: 
			    0.0360    -0.0182    0.0090
			    -0.0182    0.0752    -0.0388
			    0.0090    -0.0388    0.0566
		A:
			    0.0486    -0.6563    0.7529
			    -0.5989    0.7982    -0.0649
			    0.7496    0.6510    -0.1196
			    -0.4428    0.7622    0.4723
			    -0.8300    0.3594    -0.4264
			    0.4461    -0.4737    -0.7594
		b:
			    229.4287
			    -80.7844
			    413.1562
			    238.4462
			    -459.1127
			    -298.6160


===========================================================================================
===========================================================================================
