7D_50_10_6_a                l = 7

===========================================================================================
===========================================================================================
S1:
	q_c:    349.5000    166.5000    279.0000    301.0000    451.5000    359.0000    57.0000
	ub :    369.0000    205.0000    298.0000    328.0000    474.0000    377.0000    85.0000
	lb :    330.0000    128.0000    260.0000    274.0000    429.0000    341.0000    29.0000

	==================================================================================
	Q1:
		Shape: Hybrid
		q_c:    358.0000    157.5000    284.5000    288.0000    444.5000    378.0000    67.0000
		ub :    366.5000    167.5000    296.0000    305.0000    446.5000    384.0000    76.0000
		lb :    349.5000    147.5000    273.0000    271.0000    442.5000    372.0000    58.0000
		P^-1: 
			    0.0138    0.0000    0.0000    0.0000    0.0000    0.0000    0.0000
			    0.0000    0.0100    0.0000    0.0000    0.0000    0.0000    0.0000
			    0.0000    0.0000    0.0076    0.0000    0.0000    0.0000    0.0000
			    0.0000    0.0000    0.0000    0.0035    0.0000    0.0000    0.0000
			    0.0000    0.0000    0.0000    0.0000    0.2500    0.0000    0.0000
			    0.0000    0.0000    0.0000    0.0000    0.0000    0.0278    0.0000
			    0.0000    0.0000    0.0000    0.0000    0.0000    0.0000    0.0123
		A:
			    -0.2391    0.2512    0.1538    -0.0668    0.8759    -0.0801    -0.2792
			    -0.0966    -0.0946    -0.0467    -0.0789    -0.9664    0.1930    0.0458
			    -0.2277    0.1389    -0.1404    -0.1003    -0.9070    -0.2688    -0.0646
			    0.3508    -0.0891    -0.0968    0.0113    -0.9239    -0.0741    0.0217
			    -0.1386    -0.1536    0.1370    0.0618    0.9526    -0.0808    0.1434
			    -0.2388    -0.1964    -0.1800    -0.0650    -0.8933    0.2641    -0.0106
		b:
			    322.7914
			    -437.0825
			    -634.3906
			    -347.1522
			    388.0707
			    -480.8997
	==================================================================================
	Q2:
		Shape: Hybrid
		q_c:    333.0000    182.5000    279.5000    325.0000    468.5000    367.5000    61.0000
		ub :    346.5000    196.5000    287.0000    333.0000    474.5000    379.0000    72.0000
		lb :    319.5000    168.5000    272.0000    317.0000    462.5000    356.0000    50.0000
		P^-1: 
			    0.0055    0.0000    0.0000    0.0000    0.0000    0.0000    0.0000
			    0.0000    0.0051    0.0000    0.0000    0.0000    0.0000    0.0000
			    0.0000    0.0000    0.0178    0.0000    0.0000    0.0000    0.0000
			    0.0000    0.0000    0.0000    0.0156    0.0000    0.0000    0.0000
			    0.0000    0.0000    0.0000    0.0000    0.0278    0.0000    0.0000
			    0.0000    0.0000    0.0000    0.0000    0.0000    0.0076    0.0000
			    0.0000    0.0000    0.0000    0.0000    0.0000    0.0000    0.0083
		A:
			    -0.2134    0.1151    0.2678    -0.4434    0.6618    -0.3632    0.3209
			    0.1325    -0.2822    -0.1837    0.3940    -0.8282    -0.0843    -0.1440
			    0.2244    -0.4706    0.3699    0.6593    0.0067    -0.3855    0.0896
			    0.2627    0.2350    -0.3431    0.4666    -0.6771    0.1239    -0.2580
			    -0.2534    -0.1288    0.5809    -0.2008    -0.5887    0.3783    0.2275
			    0.0489    -0.1181    0.4713    0.3887    0.7476    -0.0631    0.2182
		b:
			    82.3724
			    -353.7980
			    180.8358
			    -95.8815
			    -128.0233
			    597.3565
	==================================================================================
	Q3:
		Shape: Hybrid
		q_c:    334.5000    165.0000    295.5000    287.5000    444.0000    364.5000    52.0000
		ub :    348.5000    173.5000    305.0000    289.0000    453.5000    371.0000    65.0000
		lb :    320.5000    156.5000    286.0000    286.0000    434.5000    358.0000    39.0000
		P^-1: 
			    0.0051    0.0000    0.0000    0.0000    0.0000    0.0000    0.0000
			    0.0000    0.0138    0.0000    0.0000    0.0000    0.0000    0.0000
			    0.0000    0.0000    0.0111    0.0000    0.0000    0.0000    0.0000
			    0.0000    0.0000    0.0000    0.4444    0.0000    0.0000    0.0000
			    0.0000    0.0000    0.0000    0.0000    0.0111    0.0000    0.0000
			    0.0000    0.0000    0.0000    0.0000    0.0000    0.0237    0.0000
			    0.0000    0.0000    0.0000    0.0000    0.0000    0.0000    0.0059
		A:
			    0.0580    0.3533    0.1601    0.8387    -0.3089    0.2148    0.0360
			    -0.0456    -0.2527    0.0379    0.9305    -0.2286    -0.0942    -0.0755
			    0.6404    -0.0397    0.2780    -0.0622    -0.6855    -0.1820    0.0637
			    0.0376    -0.0220    0.2216    -0.8739    0.1649    -0.3927    0.0622
			    0.0810    -0.2575    -0.0573    -0.8639    -0.0473    -0.4147    0.0578
			    0.1966    0.0787    0.1336    0.9090    -0.0993    -0.3173    0.0209
		b:
			    313.3041
			    84.8953
			    -84.7240
			    -240.2506
			    -446.5930
			    224.2672
	==================================================================================
	Q4:
		Shape: Hybrid
		q_c:    356.5000    175.5000    275.5000    297.5000    440.0000    359.0000    44.5000
		ub :    361.5000    184.5000    285.0000    309.0000    447.5000    362.0000    54.0000
		lb :    351.5000    166.5000    266.0000    286.0000    432.5000    356.0000    35.0000
		P^-1: 
			    0.0400    0.0000    0.0000    0.0000    0.0000    0.0000    0.0000
			    0.0000    0.0123    0.0000    0.0000    0.0000    0.0000    0.0000
			    0.0000    0.0000    0.0111    0.0000    0.0000    0.0000    0.0000
			    0.0000    0.0000    0.0000    0.0076    0.0000    0.0000    0.0000
			    0.0000    0.0000    0.0000    0.0000    0.0178    0.0000    0.0000
			    0.0000    0.0000    0.0000    0.0000    0.0000    0.1111    0.0000
			    0.0000    0.0000    0.0000    0.0000    0.0000    0.0000    0.0111
		A:
			    -0.3657    0.2214    -0.1021    0.1658    -0.2905    0.8133    -0.1832
			    -0.7552    -0.1262    -0.2792    0.2950    -0.3173    -0.3160    -0.2197
			    -0.1587    0.2940    0.2930    0.1059    -0.2656    -0.8318    0.1700
			    0.2009    0.1731    0.1993    0.0222    0.2239    -0.8699    -0.2875
			    0.2323    0.4294    0.1289    0.0340    -0.3772    0.6269    -0.4568
			    -0.5664    -0.1631    -0.0739    -0.0788    0.2852    -0.7169    -0.2135
		b:
			    89.2589
			    -538.1537
			    -296.6861
			    -59.6334
			    247.9688
			    -412.2445
	==================================================================================
	Q5:
		Shape: Polyhedra
		q_c:    357.5000    190.0000    274.0000    319.5000    459.0000    357.0000    70.0000
		ub :    371.5000    202.5000    284.0000    327.0000    466.5000    367.0000    79.0000
		lb :    343.5000    177.5000    264.0000    312.0000    451.5000    347.0000    61.0000
		A:
			    -0.2147    0.0376    -0.2398    -0.9221    0.1111    -0.1597    -0.0824
			    -0.4257    0.2671    0.3259    0.0941    0.4674    -0.4848    -0.4229
			    0.0717    0.3962    0.0043    0.5351    0.6110    -0.1071    0.4084
			    -0.3346    -0.4233    0.1841    0.4326    0.5663    0.4084    0.0149
			    0.2577    -0.0427    -0.4469    -0.5012    0.5922    0.2402    -0.2692
			    -0.3721    0.2895    -0.1261    0.6001    0.0119    -0.1407    0.6178
			    1.0000    0.0000    0.0000    0.0000    0.0000    0.0000    0.0000
			    0.0000    1.0000    0.0000    0.0000    0.0000    0.0000    0.0000
			    0.0000    0.0000    1.0000    0.0000    0.0000    0.0000    0.0000
			    0.0000    0.0000    0.0000    1.0000    0.0000    0.0000    0.0000
			    0.0000    0.0000    0.0000    0.0000    1.0000    0.0000    0.0000
			    0.0000    0.0000    0.0000    0.0000    0.0000    1.0000    0.0000
			    0.0000    0.0000    0.0000    0.0000    0.0000    0.0000    1.0000
			    -1.0000    0.0000    0.0000    0.0000    0.0000    0.0000    0.0000
			    0.0000    -1.0000    0.0000    0.0000    0.0000    0.0000    0.0000
			    0.0000    0.0000    -1.0000    0.0000    0.0000    0.0000    0.0000
			    0.0000    0.0000    0.0000    -1.0000    0.0000    0.0000    0.0000
			    0.0000    0.0000    0.0000    0.0000    -1.0000    0.0000    0.0000
			    0.0000    0.0000    0.0000    0.0000    0.0000    -1.0000    0.0000
			    0.0000    0.0000    0.0000    0.0000    0.0000    0.0000    -1.0000
		b:
			    -433.5659
			    40.1444
			    552.6337
			    405.3378
			    149.0263
			    87.3479
			    371.5000
			    202.5000
			    284.0000
			    327.0000
			    466.5000
			    367.0000
			    79.0000
			    -343.5000
			    -177.5000
			    -264.0000
			    -312.0000
			    -451.5000
			    -347.0000
			    -61.0000
	==================================================================================
	Q6:
		Shape: Hybrid
		q_c:    362.0000    178.5000    271.5000    293.5000    441.0000    356.5000    61.5000
		ub :    369.5000    186.5000    285.0000    309.0000    451.5000    369.0000    68.0000
		lb :    354.5000    170.5000    258.0000    278.0000    430.5000    344.0000    55.0000
		P^-1: 
			    0.0178    0.0000    0.0000    0.0000    0.0000    0.0000    0.0000
			    0.0000    0.0156    0.0000    0.0000    0.0000    0.0000    0.0000
			    0.0000    0.0000    0.0055    0.0000    0.0000    0.0000    0.0000
			    0.0000    0.0000    0.0000    0.0042    0.0000    0.0000    0.0000
			    0.0000    0.0000    0.0000    0.0000    0.0091    0.0000    0.0000
			    0.0000    0.0000    0.0000    0.0000    0.0000    0.0064    0.0000
			    0.0000    0.0000    0.0000    0.0000    0.0000    0.0000    0.0237
		A:
			    0.1057    -0.5846    0.1005    -0.0715    0.3205    0.1430    0.7132
			    0.0556    -0.1776    -0.3521    0.2774    0.6676    0.4888    -0.2824
			    -0.2026    -0.8142    0.1385    -0.4507    -0.0085    -0.1750    0.2073
			    0.3155    0.2661    -0.4671    -0.2988    0.7070    0.0198    0.1483
			    -0.5984    -0.1820    0.3940    -0.0895    -0.0514    -0.0689    -0.6620
			    0.1035    -0.7555    -0.2967    -0.1700    -0.0964    0.2531    0.4777
		b:
			    180.9826
			    433.8432
			    -359.7906
			    283.2064
			    -251.0921
			    -144.9525


===========================================================================================
===========================================================================================
S2:
	q_c:    360.0000    148.5000    296.5000    289.0000    120.0000    284.0000    464.5000
	ub :    388.0000    184.0000    323.0000    311.0000    143.0000    320.0000    490.0000
	lb :    332.0000    113.0000    270.0000    267.0000    97.0000    248.0000    439.0000

	==================================================================================
	Q1:
		Shape: Polyhedra
		q_c:    353.0000    152.0000    299.0000    294.5000    104.0000    282.5000    470.5000
		ub :    360.0000    158.5000    311.5000    301.0000    118.0000    290.0000    484.5000
		lb :    346.0000    145.5000    286.5000    288.0000    90.0000    275.0000    456.5000
		A:
			    0.0343    -0.0872    0.0589    0.7934    0.2387    0.5448    -0.0675
			    -0.5667    -0.4373    -0.3570    -0.0766    -0.1946    -0.5362    -0.1699
			    -0.7109    0.3642    0.3229    -0.1867    0.0770    0.2811    0.3714
			    -0.3240    -0.2417    -0.2558    0.6741    0.1952    -0.5163    -0.1101
			    -0.4935    -0.5757    -0.1101    0.4995    0.0012    -0.3883    0.1120
			    0.7056    -0.4867    -0.1500    -0.1612    -0.2448    0.2422    -0.3134
			    1.0000    0.0000    0.0000    0.0000    0.0000    0.0000    0.0000
			    0.0000    1.0000    0.0000    0.0000    0.0000    0.0000    0.0000
			    0.0000    0.0000    1.0000    0.0000    0.0000    0.0000    0.0000
			    0.0000    0.0000    0.0000    1.0000    0.0000    0.0000    0.0000
			    0.0000    0.0000    0.0000    0.0000    1.0000    0.0000    0.0000
			    0.0000    0.0000    0.0000    0.0000    0.0000    1.0000    0.0000
			    0.0000    0.0000    0.0000    0.0000    0.0000    0.0000    1.0000
			    -1.0000    0.0000    0.0000    0.0000    0.0000    0.0000    0.0000
			    0.0000    -1.0000    0.0000    0.0000    0.0000    0.0000    0.0000
			    0.0000    0.0000    -1.0000    0.0000    0.0000    0.0000    0.0000
			    0.0000    0.0000    0.0000    -1.0000    0.0000    0.0000    0.0000
			    0.0000    0.0000    0.0000    0.0000    -1.0000    0.0000    0.0000
			    0.0000    0.0000    0.0000    0.0000    0.0000    -1.0000    0.0000
			    0.0000    0.0000    0.0000    0.0000    0.0000    0.0000    -1.0000
		b:
			    404.5512
			    -638.9388
			    117.1351
			    -198.5554
			    -197.4193
			    -13.1505
			    360.0000
			    158.5000
			    311.5000
			    301.0000
			    118.0000
			    290.0000
			    484.5000
			    -346.0000
			    -145.5000
			    -286.5000
			    -288.0000
			    -90.0000
			    -275.0000
			    -456.5000
	==================================================================================
	Q2:
		Shape: Hybrid
		q_c:    364.5000    150.0000    309.5000    274.5000    103.5000    275.5000    470.5000
		ub :    371.0000    164.5000    316.5000    290.0000    120.0000    283.0000    484.5000
		lb :    358.0000    135.5000    302.5000    259.0000    87.0000    268.0000    456.5000
		P^-1: 
			    0.0237    0.0000    0.0000    0.0000    0.0000    0.0000    0.0000
			    0.0000    0.0048    0.0000    0.0000    0.0000    0.0000    0.0000
			    0.0000    0.0000    0.0204    0.0000    0.0000    0.0000    0.0000
			    0.0000    0.0000    0.0000    0.0042    0.0000    0.0000    0.0000
			    0.0000    0.0000    0.0000    0.0000    0.0037    0.0000    0.0000
			    0.0000    0.0000    0.0000    0.0000    0.0000    0.0178    0.0000
			    0.0000    0.0000    0.0000    0.0000    0.0000    0.0000    0.0051
		A:
			    -0.4244    -0.3184    0.6755    0.3115    -0.2869    -0.2831    -0.0526
			    0.3403    -0.1130    0.5836    0.2550    0.2162    -0.6472    0.0151
			    -0.3226    -0.0105    0.6834    -0.2461    -0.0747    -0.4197    0.4319
			    0.5902    -0.3627    -0.5946    -0.0371    0.1091    -0.2376    -0.3111
			    -0.3322    0.0789    0.5945    0.3343    -0.2229    -0.5702    -0.2083
			    -0.3672    0.2245    -0.6688    0.3033    0.3287    0.3961    0.1029
		b:
			    -33.4595
			    214.3649
			    110.8789
			    -228.0776
			    -105.4149
			    -25.5743
	==================================================================================
	Q3:
		Shape: Ellipse
		q_c:    357.5000    136.5000    313.0000    300.5000    120.0000    279.0000    464.5000
		ub :    369.0000    141.5000    324.5000    313.0000    131.0000    291.0000    479.5000
		lb :    346.0000    131.5000    301.5000    288.0000    109.0000    267.0000    449.5000
		P^-1: 
			    0.0076    0.0000    0.0000    0.0000    0.0000    0.0000    0.0000
			    0.0000    0.0400    0.0000    0.0000    0.0000    0.0000    0.0000
			    0.0000    0.0000    0.0076    0.0000    0.0000    0.0000    0.0000
			    0.0000    0.0000    0.0000    0.0064    0.0000    0.0000    0.0000
			    0.0000    0.0000    0.0000    0.0000    0.0083    0.0000    0.0000
			    0.0000    0.0000    0.0000    0.0000    0.0000    0.0069    0.0000
			    0.0000    0.0000    0.0000    0.0000    0.0000    0.0000    0.0044
	==================================================================================
	Q4:
		Shape: Ellipse
		q_c:    343.5000    132.5000    307.5000    289.0000    107.5000    267.5000    471.0000
		ub :    356.0000    145.5000    315.5000    301.0000    123.0000    279.0000    481.5000
		lb :    331.0000    119.5000    299.5000    277.0000    92.0000    256.0000    460.5000
		P^-1: 
			    0.0064    0.0000    0.0000    0.0000    0.0000    0.0000    0.0000
			    0.0000    0.0059    0.0000    0.0000    0.0000    0.0000    0.0000
			    0.0000    0.0000    0.0156    0.0000    0.0000    0.0000    0.0000
			    0.0000    0.0000    0.0000    0.0069    0.0000    0.0000    0.0000
			    0.0000    0.0000    0.0000    0.0000    0.0042    0.0000    0.0000
			    0.0000    0.0000    0.0000    0.0000    0.0000    0.0076    0.0000
			    0.0000    0.0000    0.0000    0.0000    0.0000    0.0000    0.0091
	==================================================================================
	Q5:
		Shape: Ellipse
		q_c:    359.5000    161.5000    276.5000    285.5000    140.5000    291.0000    465.5000
		ub :    376.0000    174.5000    285.5000    300.0000    151.0000    301.0000    475.5000
		lb :    343.0000    148.5000    267.5000    271.0000    130.0000    281.0000    455.5000
		P^-1: 
			    0.0037    0.0000    0.0000    0.0000    0.0000    0.0000    0.0000
			    0.0000    0.0059    0.0000    0.0000    0.0000    0.0000    0.0000
			    0.0000    0.0000    0.0123    0.0000    0.0000    0.0000    0.0000
			    0.0000    0.0000    0.0000    0.0048    0.0000    0.0000    0.0000
			    0.0000    0.0000    0.0000    0.0000    0.0091    0.0000    0.0000
			    0.0000    0.0000    0.0000    0.0000    0.0000    0.0100    0.0000
			    0.0000    0.0000    0.0000    0.0000    0.0000    0.0000    0.0100
	==================================================================================
	Q6:
		Shape: Hybrid
		q_c:    358.0000    150.5000    313.5000    311.5000    128.5000    308.5000    464.5000
		ub :    375.0000    164.5000    318.5000    324.0000    146.0000    316.0000    469.5000
		lb :    341.0000    136.5000    308.5000    299.0000    111.0000    301.0000    459.5000
		P^-1: 
			    0.0035    0.0000    0.0000    0.0000    0.0000    0.0000    0.0000
			    0.0000    0.0051    0.0000    0.0000    0.0000    0.0000    0.0000
			    0.0000    0.0000    0.0400    0.0000    0.0000    0.0000    0.0000
			    0.0000    0.0000    0.0000    0.0064    0.0000    0.0000    0.0000
			    0.0000    0.0000    0.0000    0.0000    0.0033    0.0000    0.0000
			    0.0000    0.0000    0.0000    0.0000    0.0000    0.0178    0.0000
			    0.0000    0.0000    0.0000    0.0000    0.0000    0.0000    0.0400
		A:
			    0.1985    -0.0014    -0.6913    0.1336    -0.1217    0.0793    0.6662
			    -0.0642    0.0658    0.5870    0.3203    -0.1288    0.4620    0.5606
			    0.2958    0.4626    0.0564    -0.6026    -0.4325    -0.0357    0.3794
			    0.0411    -0.0648    0.6678    0.0863    0.1917    0.0350    0.7090
			    -0.0725    -0.2424    -0.2170    0.0302    -0.2118    -0.8876    0.2353
			    -0.0453    0.1659    0.7114    -0.0457    0.2275    0.0494    0.6388
		b:
			    217.9835
			    661.7855
			    126.2725
			    609.5896
			    -306.7000
			    562.9638


===========================================================================================
===========================================================================================
S3:
	q_c:    364.0000    431.5000    103.0000    178.0000    305.0000    134.0000    157.0000
	ub :    374.0000    453.0000    137.0000    193.0000    341.0000    157.0000    181.0000
	lb :    354.0000    410.0000    69.0000    163.0000    269.0000    111.0000    133.0000

	==================================================================================
	Q1:
		Shape: Ellipse
		q_c:    362.0000    421.0000    109.0000    184.5000    297.0000    130.5000    166.5000
		ub :    370.0000    425.5000    116.0000    191.0000    302.0000    138.0000    169.0000
		lb :    354.0000    416.5000    102.0000    178.0000    292.0000    123.0000    164.0000
		P^-1: 
			    0.0156    0.0000    0.0000    0.0000    0.0000    0.0000    0.0000
			    0.0000    0.0494    0.0000    0.0000    0.0000    0.0000    0.0000
			    0.0000    0.0000    0.0204    0.0000    0.0000    0.0000    0.0000
			    0.0000    0.0000    0.0000    0.0237    0.0000    0.0000    0.0000
			    0.0000    0.0000    0.0000    0.0000    0.0400    0.0000    0.0000
			    0.0000    0.0000    0.0000    0.0000    0.0000    0.0178    0.0000
			    0.0000    0.0000    0.0000    0.0000    0.0000    0.0000    0.1600
	==================================================================================
	Q2:
		Shape: Hybrid
		q_c:    362.0000    440.0000    104.0000    180.0000    317.5000    136.5000    159.5000
		ub :    369.0000    443.5000    114.0000    185.0000    324.0000    143.0000    166.0000
		lb :    355.0000    436.5000    94.0000    175.0000    311.0000    130.0000    153.0000
		P^-1: 
			    0.0204    0.0000    0.0000    0.0000    0.0000    0.0000    0.0000
			    0.0000    0.0816    0.0000    0.0000    0.0000    0.0000    0.0000
			    0.0000    0.0000    0.0100    0.0000    0.0000    0.0000    0.0000
			    0.0000    0.0000    0.0000    0.0400    0.0000    0.0000    0.0000
			    0.0000    0.0000    0.0000    0.0000    0.0237    0.0000    0.0000
			    0.0000    0.0000    0.0000    0.0000    0.0000    0.0237    0.0000
			    0.0000    0.0000    0.0000    0.0000    0.0000    0.0000    0.0237
		A:
			    -0.3656    0.5402    -0.0148    0.3484    0.4502    -0.4779    -0.1477
			    0.0370    0.1527    -0.4194    0.5552    -0.4260    -0.0652    -0.5526
			    -0.3775    -0.7126    0.1360    0.2324    0.3995    0.3418    0.0280
			    -0.0632    -0.1638    0.2645    -0.5162    0.3866    0.4318    -0.5449
			    0.3882    -0.5927    0.2967    0.5515    -0.3204    0.0190    -0.0537
			    -0.2060    0.7536    -0.2171    0.3127    0.3904    -0.2947    0.0742
		b:
			    224.5643
			    -90.3515
			    -212.6828
			    -60.9066
			    -93.8448
			    389.6604
	==================================================================================
	Q3:
		Shape: Hybrid
		q_c:    355.5000    424.5000    96.0000    177.5000    310.0000    132.5000    161.5000
		ub :    362.0000    429.5000    105.0000    183.0000    313.0000    136.0000    164.0000
		lb :    349.0000    419.5000    87.0000    172.0000    307.0000    129.0000    159.0000
		P^-1: 
			    0.0237    0.0000    0.0000    0.0000    0.0000    0.0000    0.0000
			    0.0000    0.0400    0.0000    0.0000    0.0000    0.0000    0.0000
			    0.0000    0.0000    0.0123    0.0000    0.0000    0.0000    0.0000
			    0.0000    0.0000    0.0000    0.0331    0.0000    0.0000    0.0000
			    0.0000    0.0000    0.0000    0.0000    0.1111    0.0000    0.0000
			    0.0000    0.0000    0.0000    0.0000    0.0000    0.0816    0.0000
			    0.0000    0.0000    0.0000    0.0000    0.0000    0.0000    0.1600
		A:
			    0.3295    0.2918    -0.0524    0.0329    -0.1370    0.1943    -0.8637
			    -0.0282    -0.3411    0.0853    0.0689    0.5987    -0.1862    0.6912
			    -0.3004    -0.7767    0.1646    0.0000    0.0799    -0.1742    -0.4926
			    0.2539    -0.1577    -0.0874    -0.3166    -0.5993    0.2714    -0.6082
			    0.2445    0.2464    0.2269    0.1996    0.0830    0.3385    -0.8165
			    0.3395    -0.4316    0.2397    0.0335    -0.3759    -0.6849    -0.1716
		b:
			    87.8369
			    140.1179
			    -495.0373
			    -286.9323
			    190.0762
			    -265.2100
	==================================================================================
	Q4:
		Shape: Hybrid
		q_c:    361.5000    439.0000    107.0000    178.0000    296.5000    128.5000    161.5000
		ub :    368.0000    442.5000    115.0000    183.0000    305.0000    135.0000    166.0000
		lb :    355.0000    435.5000    99.0000    173.0000    288.0000    122.0000    157.0000
		P^-1: 
			    0.0237    0.0000    0.0000    0.0000    0.0000    0.0000    0.0000
			    0.0000    0.0816    0.0000    0.0000    0.0000    0.0000    0.0000
			    0.0000    0.0000    0.0156    0.0000    0.0000    0.0000    0.0000
			    0.0000    0.0000    0.0000    0.0400    0.0000    0.0000    0.0000
			    0.0000    0.0000    0.0000    0.0000    0.0138    0.0000    0.0000
			    0.0000    0.0000    0.0000    0.0000    0.0000    0.0237    0.0000
			    0.0000    0.0000    0.0000    0.0000    0.0000    0.0000    0.0494
		A:
			    0.0110    -0.2674    -0.0086    -0.7660    -0.0549    -0.5156    0.2695
			    -0.1569    -0.8059    -0.1915    -0.5192    0.1098    0.0117    -0.0872
			    0.3449    -0.1183    -0.2594    -0.4761    -0.3443    -0.1301    -0.6616
			    0.1863    -0.5643    -0.1915    -0.4987    -0.1693    0.0942    -0.5692
			    0.3711    -0.2610    0.0989    0.6691    0.1909    0.3817    0.3931
			    0.1286    -0.7089    -0.4243    -0.4330    -0.0761    0.1851    -0.2709
		b:
			    -286.1139
			    -500.8097
			    -261.3788
			    -416.6244
			    322.1712
			    -426.3393
	==================================================================================
	Q5:
		Shape: Ellipse
		q_c:    359.5000    420.5000    97.5000    167.5000    298.5000    134.0000    156.5000
		ub :    368.0000    425.5000    107.0000    172.0000    307.0000    141.0000    162.0000
		lb :    351.0000    415.5000    88.0000    163.0000    290.0000    127.0000    151.0000
		P^-1: 
			    0.0138    0.0000    0.0000    0.0000    0.0000    0.0000    0.0000
			    0.0000    0.0400    0.0000    0.0000    0.0000    0.0000    0.0000
			    0.0000    0.0000    0.0111    0.0000    0.0000    0.0000    0.0000
			    0.0000    0.0000    0.0000    0.0494    0.0000    0.0000    0.0000
			    0.0000    0.0000    0.0000    0.0000    0.0138    0.0000    0.0000
			    0.0000    0.0000    0.0000    0.0000    0.0000    0.0204    0.0000
			    0.0000    0.0000    0.0000    0.0000    0.0000    0.0000    0.0331
	==================================================================================
	Q6:
		Shape: Hybrid
		q_c:    366.5000    442.5000    95.5000    178.5000    302.0000    125.5000    158.5000
		ub :    371.0000    448.5000    98.0000    186.0000    306.0000    133.0000    166.0000
		lb :    362.0000    436.5000    93.0000    171.0000    298.0000    118.0000    151.0000
		P^-1: 
			    0.0494    0.0000    0.0000    0.0000    0.0000    0.0000    0.0000
			    0.0000    0.0278    0.0000    0.0000    0.0000    0.0000    0.0000
			    0.0000    0.0000    0.1600    0.0000    0.0000    0.0000    0.0000
			    0.0000    0.0000    0.0000    0.0178    0.0000    0.0000    0.0000
			    0.0000    0.0000    0.0000    0.0000    0.0625    0.0000    0.0000
			    0.0000    0.0000    0.0000    0.0000    0.0000    0.0178    0.0000
			    0.0000    0.0000    0.0000    0.0000    0.0000    0.0000    0.0178
		A:
			    0.3545    0.3860    -0.3134    0.5033    -0.5473    0.2710    -0.0265
			    -0.2782    -0.1064    -0.6730    0.1839    0.4897    0.0878    0.4209
			    0.4047    0.2219    0.7982    0.0890    -0.1952    0.3163    0.0615
			    0.2323    0.6013    -0.0835    0.2227    0.6938    -0.0863    -0.1975
			    -0.4353    -0.3601    0.7328    0.1433    0.3509    0.0147    0.0027
			    -0.4385    0.0717    -0.6266    0.0803    0.6088    0.0523    0.1734
		b:
			    229.6048
			    48.4826
			    331.8597
			    554.3723
			    -112.4583
			    46.0043


===========================================================================================
===========================================================================================
S4:
	q_c:    444.5000    311.0000    140.5000    284.0000    209.0000    423.5000    162.5000
	ub :    485.0000    331.0000    159.0000    327.0000    241.0000    465.0000    185.0000
	lb :    404.0000    291.0000    122.0000    241.0000    177.0000    382.0000    140.0000

	==================================================================================
	Q1:
		Shape: Polyhedra
		q_c:    455.5000    321.0000    148.0000    296.0000    212.5000    412.5000    160.0000
		ub :    467.5000    333.0000    158.5000    308.0000    224.0000    421.5000    166.5000
		lb :    443.5000    309.0000    137.5000    284.0000    201.0000    403.5000    153.5000
		A:
			    0.6130    0.5523    0.2086    -0.3177    -0.1805    -0.2814    0.2509
			    -0.2901    -0.0446    -0.1485    0.2791    -0.1545    -0.6078    0.6486
			    -0.6403    0.0646    -0.3235    -0.0780    0.5493    0.2263    0.3496
			    -0.0283    0.2479    0.3720    -0.0010    -0.4323    0.3620    0.6939
			    0.0620    -0.4319    0.2419    -0.2454    -0.6074    0.3947    0.4075
			    0.6224    0.4347    -0.3093    -0.4681    0.2615    -0.1569    -0.1261
			    1.0000    0.0000    0.0000    0.0000    0.0000    0.0000    0.0000
			    0.0000    1.0000    0.0000    0.0000    0.0000    0.0000    0.0000
			    0.0000    0.0000    1.0000    0.0000    0.0000    0.0000    0.0000
			    0.0000    0.0000    0.0000    1.0000    0.0000    0.0000    0.0000
			    0.0000    0.0000    0.0000    0.0000    1.0000    0.0000    0.0000
			    0.0000    0.0000    0.0000    0.0000    0.0000    1.0000    0.0000
			    0.0000    0.0000    0.0000    0.0000    0.0000    0.0000    1.0000
			    -1.0000    0.0000    0.0000    0.0000    0.0000    0.0000    0.0000
			    0.0000    -1.0000    0.0000    0.0000    0.0000    0.0000    0.0000
			    0.0000    0.0000    -1.0000    0.0000    0.0000    0.0000    0.0000
			    0.0000    0.0000    0.0000    -1.0000    0.0000    0.0000    0.0000
			    0.0000    0.0000    0.0000    0.0000    -1.0000    0.0000    0.0000
			    0.0000    0.0000    0.0000    0.0000    0.0000    -1.0000    0.0000
			    0.0000    0.0000    0.0000    0.0000    0.0000    0.0000    -1.0000
		b:
			    290.4943
			    -256.8138
			    -64.8470
			    298.8740
			    -37.7689
			    221.0587
			    467.5000
			    333.0000
			    158.5000
			    308.0000
			    224.0000
			    421.5000
			    166.5000
			    -443.5000
			    -309.0000
			    -137.5000
			    -284.0000
			    -201.0000
			    -403.5000
			    -153.5000
	==================================================================================
	Q2:
		Shape: Ellipse
		q_c:    429.0000    321.0000    158.5000    293.0000    212.5000    422.0000    165.0000
		ub :    447.5000    324.0000    171.5000    301.0000    223.0000    434.5000    172.5000
		lb :    410.5000    318.0000    145.5000    285.0000    202.0000    409.5000    157.5000
		P^-1: 
			    0.0029    0.0000    0.0000    0.0000    0.0000    0.0000    0.0000
			    0.0000    0.1111    0.0000    0.0000    0.0000    0.0000    0.0000
			    0.0000    0.0000    0.0059    0.0000    0.0000    0.0000    0.0000
			    0.0000    0.0000    0.0000    0.0156    0.0000    0.0000    0.0000
			    0.0000    0.0000    0.0000    0.0000    0.0091    0.0000    0.0000
			    0.0000    0.0000    0.0000    0.0000    0.0000    0.0064    0.0000
			    0.0000    0.0000    0.0000    0.0000    0.0000    0.0000    0.0178
	==================================================================================
	Q3:
		Shape: Hybrid
		q_c:    451.5000    298.5000    141.5000    263.5000    215.5000    425.0000    167.5000
		ub :    467.5000    309.0000    153.5000    281.0000    231.0000    437.5000    173.5000
		lb :    435.5000    288.0000    129.5000    246.0000    200.0000    412.5000    161.5000
		P^-1: 
			    0.0039    0.0000    0.0000    0.0000    0.0000    0.0000    0.0000
			    0.0000    0.0091    0.0000    0.0000    0.0000    0.0000    0.0000
			    0.0000    0.0000    0.0069    0.0000    0.0000    0.0000    0.0000
			    0.0000    0.0000    0.0000    0.0033    0.0000    0.0000    0.0000
			    0.0000    0.0000    0.0000    0.0000    0.0042    0.0000    0.0000
			    0.0000    0.0000    0.0000    0.0000    0.0000    0.0064    0.0000
			    0.0000    0.0000    0.0000    0.0000    0.0000    0.0000    0.0278
		A:
			    -0.3511    -0.1733    -0.5555    0.3024    -0.0652    0.0314    0.6644
			    -0.1017    -0.6690    0.0159    0.1469    0.4780    -0.3406    -0.4193
			    0.1502    0.0801    -0.7368    -0.1908    0.0552    0.1939    -0.5925
			    0.0953    -0.2254    -0.2087    0.0867    -0.3164    0.2815    -0.8424
			    -0.1184    -0.2927    0.3127    -0.1727    -0.0250    -0.3769    0.7937
			    -0.3963    0.6834    -0.0582    0.2512    0.3829    0.2193    -0.3386
		b:
			    -90.4600
			    -307.8858
			    -60.0201
			    -114.7626
			    -168.6916
			    211.5953
	==================================================================================
	Q4:
		Shape: Ellipse
		q_c:    429.0000    317.5000    152.5000    306.5000    231.0000    412.5000    145.0000
		ub :    431.5000    325.0000    166.5000    319.0000    242.0000    422.5000    154.5000
		lb :    426.5000    310.0000    138.5000    294.0000    220.0000    402.5000    135.5000
		P^-1: 
			    0.1600    0.0000    0.0000    0.0000    0.0000    0.0000    0.0000
			    0.0000    0.0178    0.0000    0.0000    0.0000    0.0000    0.0000
			    0.0000    0.0000    0.0051    0.0000    0.0000    0.0000    0.0000
			    0.0000    0.0000    0.0000    0.0064    0.0000    0.0000    0.0000
			    0.0000    0.0000    0.0000    0.0000    0.0083    0.0000    0.0000
			    0.0000    0.0000    0.0000    0.0000    0.0000    0.0100    0.0000
			    0.0000    0.0000    0.0000    0.0000    0.0000    0.0000    0.0111
	==================================================================================
	Q5:
		Shape: Polyhedra
		q_c:    445.0000    325.0000    128.0000    290.5000    220.0000    442.0000    179.0000
		ub :    461.5000    332.0000    141.5000    305.0000    231.0000    449.5000    191.5000
		lb :    428.5000    318.0000    114.5000    276.0000    209.0000    434.5000    166.5000
		A:
			    -0.3460    0.5846    -0.4206    -0.2004    0.3564    -0.3830    -0.2186
			    0.4395    0.5366    -0.1639    -0.4762    0.4310    0.1314    0.2495
			    -0.1969    -0.3328    0.1898    0.4000    0.2476    0.7198    -0.2738
			    -0.3350    0.0517    -0.4009    0.0841    0.3895    -0.7139    0.2365
			    0.1856    0.7579    -0.3767    0.0829    0.2636    0.1245    0.3966
			    0.3806    -0.0731    -0.3153    0.5901    0.0113    0.6321    -0.0490
			    1.0000    0.0000    0.0000    0.0000    0.0000    0.0000    0.0000
			    0.0000    1.0000    0.0000    0.0000    0.0000    0.0000    0.0000
			    0.0000    0.0000    1.0000    0.0000    0.0000    0.0000    0.0000
			    0.0000    0.0000    0.0000    1.0000    0.0000    0.0000    0.0000
			    0.0000    0.0000    0.0000    0.0000    1.0000    0.0000    0.0000
			    0.0000    0.0000    0.0000    0.0000    0.0000    1.0000    0.0000
			    0.0000    0.0000    0.0000    0.0000    0.0000    0.0000    1.0000
			    -1.0000    0.0000    0.0000    0.0000    0.0000    0.0000    0.0000
			    0.0000    -1.0000    0.0000    0.0000    0.0000    0.0000    0.0000
			    0.0000    0.0000    -1.0000    0.0000    0.0000    0.0000    0.0000
			    0.0000    0.0000    0.0000    -1.0000    0.0000    0.0000    0.0000
			    0.0000    0.0000    0.0000    0.0000    -1.0000    0.0000    0.0000
			    0.0000    0.0000    0.0000    0.0000    0.0000    -1.0000    0.0000
			    0.0000    0.0000    0.0000    0.0000    0.0000    0.0000    -1.0000
		b:
			    -195.0605
			    420.5342
			    278.5420
			    -335.8460
			    498.7100
			    562.2231
			    461.5000
			    332.0000
			    141.5000
			    305.0000
			    231.0000
			    449.5000
			    191.5000
			    -428.5000
			    -318.0000
			    -114.5000
			    -276.0000
			    -209.0000
			    -434.5000
			    -166.5000
	==================================================================================
	Q6:
		Shape: Ellipse
		q_c:    431.5000    319.0000    159.0000    291.5000    201.5000    404.5000    169.0000
		ub :    441.5000    332.0000    175.5000    301.0000    218.0000    410.5000    178.5000
		lb :    421.5000    306.0000    142.5000    282.0000    185.0000    398.5000    159.5000
		P^-1: 
			    0.0100    0.0000    0.0000    0.0000    0.0000    0.0000    0.0000
			    0.0000    0.0059    0.0000    0.0000    0.0000    0.0000    0.0000
			    0.0000    0.0000    0.0037    0.0000    0.0000    0.0000    0.0000
			    0.0000    0.0000    0.0000    0.0111    0.0000    0.0000    0.0000
			    0.0000    0.0000    0.0000    0.0000    0.0037    0.0000    0.0000
			    0.0000    0.0000    0.0000    0.0000    0.0000    0.0278    0.0000
			    0.0000    0.0000    0.0000    0.0000    0.0000    0.0000    0.0111


===========================================================================================
===========================================================================================
S5:
	q_c:    401.0000    96.5000    263.0000    530.5000    400.5000    436.5000    396.0000
	ub :    427.0000    133.0000    279.0000    560.0000    448.0000    443.0000    422.0000
	lb :    375.0000    60.0000    247.0000    501.0000    353.0000    430.0000    370.0000

	==================================================================================
	Q1:
		Shape: Hybrid
		q_c:    405.5000    100.0000    256.0000    534.5000    402.0000    444.5000    396.0000
		ub :    409.0000    101.5000    260.0000    537.5000    405.5000    448.5000    400.0000
		lb :    402.0000    98.5000    252.0000    531.5000    398.5000    440.5000    392.0000
		P^-1: 
			    0.0816    0.0000    0.0000    0.0000    0.0000    0.0000    0.0000
			    0.0000    0.4444    0.0000    0.0000    0.0000    0.0000    0.0000
			    0.0000    0.0000    0.0625    0.0000    0.0000    0.0000    0.0000
			    0.0000    0.0000    0.0000    0.1111    0.0000    0.0000    0.0000
			    0.0000    0.0000    0.0000    0.0000    0.0816    0.0000    0.0000
			    0.0000    0.0000    0.0000    0.0000    0.0000    0.0625    0.0000
			    0.0000    0.0000    0.0000    0.0000    0.0000    0.0000    0.0625
		A:
			    0.0826    0.6083    -0.3352    -0.3726    -0.2943    0.3911    -0.3638
			    -0.5863    0.4639    -0.4266    -0.1771    -0.1076    0.3232    0.3343
			    0.0104    -0.8167    0.3026    -0.0452    0.3449    -0.2144    -0.2727
			    0.6447    -0.1707    -0.4013    0.3802    0.3734    0.0161    0.3316
			    -0.2326    0.6672    -0.2935    0.4560    0.4191    0.0876    0.1526
			    -0.2523    -0.8636    0.2565    0.2911    -0.1098    0.1565    -0.0592
		b:
			    -276.8137
			    -159.7998
			    -87.0075
			    636.2163
			    410.8533
			    35.9780
	==================================================================================
	Q2:
		Shape: Ellipse
		q_c:    400.5000    103.0000    256.0000    523.0000    408.0000    438.5000    400.0000
		ub :    403.0000    106.5000    259.0000    526.5000    411.5000    443.5000    406.0000
		lb :    398.0000    99.5000    253.0000    519.5000    404.5000    433.5000    394.0000
		P^-1: 
			    0.1600    0.0000    0.0000    0.0000    0.0000    0.0000    0.0000
			    0.0000    0.0816    0.0000    0.0000    0.0000    0.0000    0.0000
			    0.0000    0.0000    0.1111    0.0000    0.0000    0.0000    0.0000
			    0.0000    0.0000    0.0000    0.0816    0.0000    0.0000    0.0000
			    0.0000    0.0000    0.0000    0.0000    0.0816    0.0000    0.0000
			    0.0000    0.0000    0.0000    0.0000    0.0000    0.0400    0.0000
			    0.0000    0.0000    0.0000    0.0000    0.0000    0.0000    0.0278
	==================================================================================
	Q3:
		Shape: Hybrid
		q_c:    410.5000    92.0000    265.5000    539.0000    392.5000    438.0000    397.0000
		ub :    414.0000    95.5000    269.0000    544.5000    397.5000    442.5000    401.0000
		lb :    407.0000    88.5000    262.0000    533.5000    387.5000    433.5000    393.0000
		P^-1: 
			    0.0816    0.0000    0.0000    0.0000    0.0000    0.0000    0.0000
			    0.0000    0.0816    0.0000    0.0000    0.0000    0.0000    0.0000
			    0.0000    0.0000    0.0816    0.0000    0.0000    0.0000    0.0000
			    0.0000    0.0000    0.0000    0.0331    0.0000    0.0000    0.0000
			    0.0000    0.0000    0.0000    0.0000    0.0400    0.0000    0.0000
			    0.0000    0.0000    0.0000    0.0000    0.0000    0.0494    0.0000
			    0.0000    0.0000    0.0000    0.0000    0.0000    0.0000    0.0625
		A:
			    0.1230    0.5622    -0.5635    -0.3008    -0.1910    0.2428    -0.4066
			    0.2081    0.7255    -0.1253    0.3805    -0.3454    0.2252    0.3161
			    -0.2497    0.5997    -0.4062    -0.3018    -0.1110    -0.5287    0.1735
			    0.0001    0.5515    0.5386    0.2521    -0.3744    -0.4098    0.1848
			    0.5801    -0.5722    -0.0529    -0.1843    -0.2197    -0.2815    0.4145
			    0.5489    0.4034    -0.4281    0.1443    -0.1646    -0.4056    0.3746
		b:
			    -337.3519
			    414.9564
			    -521.7727
			    78.8794
			    29.2281
			    135.1038
	==================================================================================
	Q4:
		Shape: Hybrid
		q_c:    406.0000    94.5000    268.5000    536.0000    404.5000    440.5000    393.5000
		ub :    411.0000    95.5000    271.0000    539.5000    405.5000    444.5000    401.0000
		lb :    401.0000    93.5000    266.0000    532.5000    403.5000    436.5000    386.0000
		P^-1: 
			    0.0400    0.0000    0.0000    0.0000    0.0000    0.0000    0.0000
			    0.0000    1.0000    0.0000    0.0000    0.0000    0.0000    0.0000
			    0.0000    0.0000    0.1600    0.0000    0.0000    0.0000    0.0000
			    0.0000    0.0000    0.0000    0.0816    0.0000    0.0000    0.0000
			    0.0000    0.0000    0.0000    0.0000    1.0000    0.0000    0.0000
			    0.0000    0.0000    0.0000    0.0000    0.0000    0.0625    0.0000
			    0.0000    0.0000    0.0000    0.0000    0.0000    0.0000    0.0178
		A:
			    -0.0970    -0.7914    0.3503    0.1202    0.4700    0.0514    0.0594
			    0.0297    0.2427    0.4980    -0.2644    0.7024    -0.3579    -0.0291
			    -0.0840    -0.7642    -0.0905    -0.5389    -0.2545    -0.2115    0.0288
			    -0.1111    -0.6733    0.4214    0.2322    -0.1266    0.5171    -0.1395
			    0.1230    0.5141    0.1595    -0.0009    0.8333    -0.0170    0.0209
			    0.1632    0.5171    -0.1761    0.0925    0.7942    -0.1834    0.0449
		b:
			    281.4757
			    143.7669
			    -602.4654
			    252.8800
			    479.4661
			    376.5859
	==================================================================================
	Q5:
		Shape: Polyhedra
		q_c:    404.0000    97.0000    268.5000    532.0000    404.0000    438.5000    394.0000
		ub :    411.0000    102.5000    274.0000    534.5000    406.5000    443.5000    397.0000
		lb :    397.0000    91.5000    263.0000    529.5000    401.5000    433.5000    391.0000
		A:
			    0.0906    0.1381    0.0403    0.5877    0.6218    -0.3159    -0.3732
			    -0.1406    0.2934    0.2650    0.1906    0.6357    -0.4459    0.4297
			    -0.0689    0.5681    -0.2680    0.5431    0.2347    0.0467    -0.4984
			    0.2389    -0.0093    0.0129    0.5254    0.2483    -0.4508    -0.6338
			    -0.1087    -0.1570    -0.3356    -0.5248    -0.6711    0.3452    -0.0770
			    0.1863    -0.0399    -0.2491    0.2864    0.6851    -0.3966    -0.4392
			    1.0000    0.0000    0.0000    0.0000    0.0000    0.0000    0.0000
			    0.0000    1.0000    0.0000    0.0000    0.0000    0.0000    0.0000
			    0.0000    0.0000    1.0000    0.0000    0.0000    0.0000    0.0000
			    0.0000    0.0000    0.0000    1.0000    0.0000    0.0000    0.0000
			    0.0000    0.0000    0.0000    0.0000    1.0000    0.0000    0.0000
			    0.0000    0.0000    0.0000    0.0000    0.0000    1.0000    0.0000
			    0.0000    0.0000    0.0000    0.0000    0.0000    0.0000    1.0000
			    -1.0000    0.0000    0.0000    0.0000    0.0000    0.0000    0.0000
			    0.0000    -1.0000    0.0000    0.0000    0.0000    0.0000    0.0000
			    0.0000    0.0000    -1.0000    0.0000    0.0000    0.0000    0.0000
			    0.0000    0.0000    0.0000    -1.0000    0.0000    0.0000    0.0000
			    0.0000    0.0000    0.0000    0.0000    -1.0000    0.0000    0.0000
			    0.0000    0.0000    0.0000    0.0000    0.0000    -1.0000    0.0000
			    0.0000    0.0000    0.0000    0.0000    0.0000    0.0000    -1.0000
		b:
			    342.1785
			    378.7177
			    167.2698
			    35.2229
			    -575.0160
			    90.2550
			    411.0000
			    102.5000
			    274.0000
			    534.5000
			    406.5000
			    443.5000
			    397.0000
			    -397.0000
			    -91.5000
			    -263.0000
			    -529.5000
			    -401.5000
			    -433.5000
			    -391.0000
	==================================================================================
	Q6:
		Shape: Polyhedra
		q_c:    401.0000    99.0000    268.5000    528.5000    406.0000    442.5000    390.5000
		ub :    402.0000    104.5000    274.0000    530.5000    409.5000    446.5000    393.0000
		lb :    400.0000    93.5000    263.0000    526.5000    402.5000    438.5000    388.0000
		A:
			    0.4984    -0.2817    -0.0795    -0.4231    -0.5241    -0.2703    -0.3731
			    -0.8070    0.0027    0.0744    0.2978    0.2096    -0.1960    -0.4150
			    -0.8350    -0.0965    -0.0221    0.4567    -0.2320    -0.1439    -0.0993
			    -0.3570    0.0923    -0.3316    0.4761    0.1664    -0.3477    -0.6155
			    -0.2932    -0.2179    0.1459    -0.8316    -0.2239    0.2289    0.2264
			    0.6694    -0.0813    0.0313    -0.7291    0.0940    -0.0294    -0.0553
			    1.0000    0.0000    0.0000    0.0000    0.0000    0.0000    0.0000
			    0.0000    1.0000    0.0000    0.0000    0.0000    0.0000    0.0000
			    0.0000    0.0000    1.0000    0.0000    0.0000    0.0000    0.0000
			    0.0000    0.0000    0.0000    1.0000    0.0000    0.0000    0.0000
			    0.0000    0.0000    0.0000    0.0000    1.0000    0.0000    0.0000
			    0.0000    0.0000    0.0000    0.0000    0.0000    1.0000    0.0000
			    0.0000    0.0000    0.0000    0.0000    0.0000    0.0000    1.0000
			    -1.0000    0.0000    0.0000    0.0000    0.0000    0.0000    0.0000
			    0.0000    -1.0000    0.0000    0.0000    0.0000    0.0000    0.0000
			    0.0000    0.0000    -1.0000    0.0000    0.0000    0.0000    0.0000
			    0.0000    0.0000    0.0000    -1.0000    0.0000    0.0000    0.0000
			    0.0000    0.0000    0.0000    0.0000    -1.0000    0.0000    0.0000
			    0.0000    0.0000    0.0000    0.0000    0.0000    -1.0000    0.0000
			    0.0000    0.0000    0.0000    0.0000    0.0000    0.0000    -1.0000
		b:
			    -548.0424
			    -307.7881
			    -303.8470
			    -294.9871
			    -438.0363
			    -111.2962
			    402.0000
			    104.5000
			    274.0000
			    530.5000
			    409.5000
			    446.5000
			    393.0000
			    -400.0000
			    -93.5000
			    -263.0000
			    -526.5000
			    -402.5000
			    -438.5000
			    -388.0000


===========================================================================================
===========================================================================================
S6:
	q_c:    207.5000    271.0000    173.5000    73.5000    139.5000    503.5000    141.0000
	ub :    225.0000    298.0000    184.0000    100.0000    172.0000    523.0000    176.0000
	lb :    190.0000    244.0000    163.0000    47.0000    107.0000    484.0000    106.0000

	==================================================================================
	Q1:
		Shape: Ellipse
		q_c:    214.0000    267.0000    178.0000    81.0000    130.5000    498.5000    138.5000
		ub :    224.5000    273.0000    186.5000    87.5000    139.5000    502.5000    148.0000
		lb :    203.5000    261.0000    169.5000    74.5000    121.5000    494.5000    129.0000
		P^-1: 
			    0.0091    0.0000    0.0000    0.0000    0.0000    0.0000    0.0000
			    0.0000    0.0278    0.0000    0.0000    0.0000    0.0000    0.0000
			    0.0000    0.0000    0.0138    0.0000    0.0000    0.0000    0.0000
			    0.0000    0.0000    0.0000    0.0237    0.0000    0.0000    0.0000
			    0.0000    0.0000    0.0000    0.0000    0.0123    0.0000    0.0000
			    0.0000    0.0000    0.0000    0.0000    0.0000    0.0625    0.0000
			    0.0000    0.0000    0.0000    0.0000    0.0000    0.0000    0.0111
	==================================================================================
	Q2:
		Shape: Ellipse
		q_c:    202.5000    281.5000    184.5000    69.0000    144.5000    500.0000    151.5000
		ub :    210.5000    292.0000    194.5000    73.5000    152.5000    508.5000    157.0000
		lb :    194.5000    271.0000    174.5000    64.5000    136.5000    491.5000    146.0000
		P^-1: 
			    0.0156    0.0000    0.0000    0.0000    0.0000    0.0000    0.0000
			    0.0000    0.0091    0.0000    0.0000    0.0000    0.0000    0.0000
			    0.0000    0.0000    0.0100    0.0000    0.0000    0.0000    0.0000
			    0.0000    0.0000    0.0000    0.0494    0.0000    0.0000    0.0000
			    0.0000    0.0000    0.0000    0.0000    0.0156    0.0000    0.0000
			    0.0000    0.0000    0.0000    0.0000    0.0000    0.0138    0.0000
			    0.0000    0.0000    0.0000    0.0000    0.0000    0.0000    0.0331
	==================================================================================
	Q3:
		Shape: Polyhedra
		q_c:    203.5000    264.0000    170.0000    73.5000    135.5000    498.5000    147.5000
		ub :    210.5000    272.0000    173.5000    80.5000    139.5000    502.5000    150.0000
		lb :    196.5000    256.0000    166.5000    66.5000    131.5000    494.5000    145.0000
		A:
			    0.2925    -0.0915    -0.2953    0.4922    0.3876    0.2516    0.6025
			    -0.3450    -0.4129    -0.7426    0.1388    -0.2334    -0.1100    -0.2706
			    0.1683    0.0260    0.2637    -0.0429    0.4191    0.4801    -0.7025
			    0.2600    -0.3241    -0.2994    -0.0417    0.6327    -0.5762    0.0608
			    -0.1144    0.3377    -0.3227    -0.0264    -0.5042    0.3378    -0.6322
			    -0.0154    -0.4295    -0.3208    -0.3940    0.3307    0.6548    0.1378
			    1.0000    0.0000    0.0000    0.0000    0.0000    0.0000    0.0000
			    0.0000    1.0000    0.0000    0.0000    0.0000    0.0000    0.0000
			    0.0000    0.0000    1.0000    0.0000    0.0000    0.0000    0.0000
			    0.0000    0.0000    0.0000    1.0000    0.0000    0.0000    0.0000
			    0.0000    0.0000    0.0000    0.0000    1.0000    0.0000    0.0000
			    0.0000    0.0000    0.0000    0.0000    0.0000    1.0000    0.0000
			    0.0000    0.0000    0.0000    0.0000    0.0000    0.0000    1.0000
			    -1.0000    0.0000    0.0000    0.0000    0.0000    0.0000    0.0000
			    0.0000    -1.0000    0.0000    0.0000    0.0000    0.0000    0.0000
			    0.0000    0.0000    -1.0000    0.0000    0.0000    0.0000    0.0000
			    0.0000    0.0000    0.0000    -1.0000    0.0000    0.0000    0.0000
			    0.0000    0.0000    0.0000    0.0000    -1.0000    0.0000    0.0000
			    0.0000    0.0000    0.0000    0.0000    0.0000    -1.0000    0.0000
			    0.0000    0.0000    0.0000    0.0000    0.0000    0.0000    -1.0000
		b:
			    293.0131
			    -416.4975
			    278.7252
			    -274.3499
			    20.0857
			    196.9578
			    210.5000
			    272.0000
			    173.5000
			    80.5000
			    139.5000
			    502.5000
			    150.0000
			    -196.5000
			    -256.0000
			    -166.5000
			    -66.5000
			    -131.5000
			    -494.5000
			    -145.0000
	==================================================================================
	Q4:
		Shape: Hybrid
		q_c:    198.5000    272.0000    184.5000    68.0000    141.5000    514.0000    146.5000
		ub :    206.5000    281.0000    188.5000    76.5000    146.5000    515.5000    148.0000
		lb :    190.5000    263.0000    180.5000    59.5000    136.5000    512.5000    145.0000
		P^-1: 
			    0.0156    0.0000    0.0000    0.0000    0.0000    0.0000    0.0000
			    0.0000    0.0123    0.0000    0.0000    0.0000    0.0000    0.0000
			    0.0000    0.0000    0.0625    0.0000    0.0000    0.0000    0.0000
			    0.0000    0.0000    0.0000    0.0138    0.0000    0.0000    0.0000
			    0.0000    0.0000    0.0000    0.0000    0.0400    0.0000    0.0000
			    0.0000    0.0000    0.0000    0.0000    0.0000    0.4444    0.0000
			    0.0000    0.0000    0.0000    0.0000    0.0000    0.0000    0.4444
		A:
			    -0.1309    0.1997    -0.4566    -0.2567    -0.3751    -0.7180    -0.1110
			    0.2369    -0.0196    -0.0478    0.0861    -0.4440    -0.6524    -0.5577
			    0.0733    -0.1108    0.3562    -0.1078    -0.2865    -0.7340    -0.4722
			    0.0140    -0.4914    -0.0876    -0.2576    -0.0333    0.2938    0.7725
			    -0.1417    -0.1907    -0.4885    0.2823    0.4680    -0.4898    -0.4079
			    0.1661    -0.1109    0.0113    -0.1703    -0.1683    -0.1214    -0.9423
		b:
			    -508.3783
			    -438.5987
			    -442.1299
			    99.2915
			    -392.4735
			    -228.9209
	==================================================================================
	Q5:
		Shape: Hybrid
		q_c:    202.0000    279.5000    187.0000    67.5000    129.5000    494.5000    136.0000
		ub :    212.5000    285.0000    192.5000    73.5000    135.5000    501.5000    142.0000
		lb :    191.5000    274.0000    181.5000    61.5000    123.5000    487.5000    130.0000
		P^-1: 
			    0.0091    0.0000    0.0000    0.0000    0.0000    0.0000    0.0000
			    0.0000    0.0331    0.0000    0.0000    0.0000    0.0000    0.0000
			    0.0000    0.0000    0.0331    0.0000    0.0000    0.0000    0.0000
			    0.0000    0.0000    0.0000    0.0278    0.0000    0.0000    0.0000
			    0.0000    0.0000    0.0000    0.0000    0.0278    0.0000    0.0000
			    0.0000    0.0000    0.0000    0.0000    0.0000    0.0204    0.0000
			    0.0000    0.0000    0.0000    0.0000    0.0000    0.0000    0.0278
		A:
			    0.2677    0.2951    -0.2816    0.0855    -0.4808    0.4892    -0.5330
			    -0.2633    -0.4337    -0.1298    -0.0429    0.4330    0.0211    -0.7321
			    -0.2623    0.3945    -0.4265    0.5382    -0.1456    -0.0205    -0.5314
			    0.1660    0.0488    0.3819    0.0097    0.0612    -0.5726    -0.7018
			    0.2267    -0.1177    0.5179    -0.2506    0.3691    0.4373    0.5256
			    0.4032    0.0951    0.1241    0.6702    -0.1493    -0.5441    0.2136
		b:
			    200.6839
			    -231.0632
			    -83.8959
			    -247.7280
			    431.9990
			    -78.4231
	==================================================================================
	Q6:
		Shape: Polyhedra
		q_c:    209.0000    267.5000    172.5000    70.5000    144.0000    490.0000    135.0000
		ub :    216.5000    272.0000    176.5000    76.5000    149.5000    495.5000    139.0000
		lb :    201.5000    263.0000    168.5000    64.5000    138.5000    484.5000    131.0000
		A:
			    0.2160    -0.5387    0.0272    0.3313    -0.3546    -0.4436    0.4798
			    -0.3887    -0.0441    0.4906    0.2296    0.2659    0.6014    0.3480
			    -0.1941    -0.4424    -0.5499    -0.2806    -0.3591    -0.2504    0.4402
			    0.0245    0.2885    -0.7095    -0.5542    -0.2911    -0.1253    0.0713
			    -0.1576    -0.4930    0.0240    -0.4255    -0.5485    0.4686    -0.1735
			    -0.0364    0.2303    -0.6141    -0.0382    -0.5063    -0.3442    0.4384
			    1.0000    0.0000    0.0000    0.0000    0.0000    0.0000    0.0000
			    0.0000    1.0000    0.0000    0.0000    0.0000    0.0000    0.0000
			    0.0000    0.0000    1.0000    0.0000    0.0000    0.0000    0.0000
			    0.0000    0.0000    0.0000    1.0000    0.0000    0.0000    0.0000
			    0.0000    0.0000    0.0000    0.0000    1.0000    0.0000    0.0000
			    0.0000    0.0000    0.0000    0.0000    0.0000    1.0000    0.0000
			    0.0000    0.0000    0.0000    0.0000    0.0000    0.0000    1.0000
			    -1.0000    0.0000    0.0000    0.0000    0.0000    0.0000    0.0000
			    0.0000    -1.0000    0.0000    0.0000    0.0000    0.0000    0.0000
			    0.0000    0.0000    -1.0000    0.0000    0.0000    0.0000    0.0000
			    0.0000    0.0000    0.0000    -1.0000    0.0000    0.0000    0.0000
			    0.0000    0.0000    0.0000    0.0000    -1.0000    0.0000    0.0000
			    0.0000    0.0000    0.0000    0.0000    0.0000    -1.0000    0.0000
			    0.0000    0.0000    0.0000    0.0000    0.0000    0.0000    -1.0000
		b:
			    -269.4701
			    393.1547
			    -383.7659
			    -167.9404
			    -58.0826
			    -232.3744
			    216.5000
			    272.0000
			    176.5000
			    76.5000
			    149.5000
			    495.5000
			    139.0000
			    -201.5000
			    -263.0000
			    -168.5000
			    -64.5000
			    -138.5000
			    -484.5000
			    -131.0000


===========================================================================================
===========================================================================================
S7:
	q_c:    315.0000    427.0000    94.5000    541.5000    383.0000    107.5000    32.5000
	ub :    362.0000    452.0000    121.0000    560.0000    412.0000    112.0000    50.0000
	lb :    268.0000    402.0000    68.0000    523.0000    354.0000    103.0000    15.0000

	==================================================================================
	Q1:
		Shape: Hybrid
		q_c:    317.0000    424.5000    96.5000    547.0000    384.5000    110.0000    31.0000
		ub :    321.0000    429.0000    98.5000    550.5000    388.0000    113.5000    33.5000
		lb :    313.0000    420.0000    94.5000    543.5000    381.0000    106.5000    28.5000
		P^-1: 
			    0.0625    0.0000    0.0000    0.0000    0.0000    0.0000    0.0000
			    0.0000    0.0494    0.0000    0.0000    0.0000    0.0000    0.0000
			    0.0000    0.0000    0.2500    0.0000    0.0000    0.0000    0.0000
			    0.0000    0.0000    0.0000    0.0816    0.0000    0.0000    0.0000
			    0.0000    0.0000    0.0000    0.0000    0.0816    0.0000    0.0000
			    0.0000    0.0000    0.0000    0.0000    0.0000    0.0816    0.0000
			    0.0000    0.0000    0.0000    0.0000    0.0000    0.0000    0.1600
		A:
			    0.3823    -0.1415    -0.6736    0.3150    0.0332    -0.0832    0.5223
			    0.0571    -0.2493    0.6752    -0.2650    0.0338    0.1179    0.6273
			    -0.0955    -0.2866    -0.5147    -0.4754    0.2603    0.3033    -0.5080
			    -0.0368    0.0924    0.5772    0.4873    -0.2168    0.3957    -0.4646
			    0.2586    -0.3769    -0.7484    -0.4663    0.0181    -0.1021    0.0527
			    -0.2967    0.2602    0.6557    -0.5256    0.3116    0.1142    -0.1672
		b:
			    189.9956
			    -120.5341
			    -341.9362
			    297.4709
			    -405.9142
			    -78.5434
	==================================================================================
	Q2:
		Shape: Polyhedra
		q_c:    313.0000    426.5000    92.5000    541.5000    385.0000    105.0000    31.5000
		ub :    317.0000    429.0000    96.5000    544.5000    387.0000    108.5000    35.5000
		lb :    309.0000    424.0000    88.5000    538.5000    383.0000    101.5000    27.5000
		A:
			    -0.0193    0.5479    -0.4718    -0.1757    -0.5928    0.1041    0.2894
			    -0.4027    -0.5759    -0.1242    -0.2840    -0.5438    0.3377    0.0185
			    0.0832    -0.7199    -0.3579    -0.3744    0.3593    0.2627    0.0917
			    0.1983    -0.5269    0.4180    -0.3431    -0.1103    0.5128    0.3398
			    -0.1040    -0.2999    -0.3284    0.2540    0.8371    0.1360    0.0872
			    0.0258    -0.5379    -0.3753    0.3273    -0.3939    0.2973    0.4675
			    1.0000    0.0000    0.0000    0.0000    0.0000    0.0000    0.0000
			    0.0000    1.0000    0.0000    0.0000    0.0000    0.0000    0.0000
			    0.0000    0.0000    1.0000    0.0000    0.0000    0.0000    0.0000
			    0.0000    0.0000    0.0000    1.0000    0.0000    0.0000    0.0000
			    0.0000    0.0000    0.0000    0.0000    1.0000    0.0000    0.0000
			    0.0000    0.0000    0.0000    0.0000    0.0000    1.0000    0.0000
			    0.0000    0.0000    0.0000    0.0000    0.0000    0.0000    1.0000
			    -1.0000    0.0000    0.0000    0.0000    0.0000    0.0000    0.0000
			    0.0000    -1.0000    0.0000    0.0000    0.0000    0.0000    0.0000
			    0.0000    0.0000    -1.0000    0.0000    0.0000    0.0000    0.0000
			    0.0000    0.0000    0.0000    -1.0000    0.0000    0.0000    0.0000
			    0.0000    0.0000    0.0000    0.0000    -1.0000    0.0000    0.0000
			    0.0000    0.0000    0.0000    0.0000    0.0000    -1.0000    0.0000
			    0.0000    0.0000    0.0000    0.0000    0.0000    0.0000    -1.0000
		b:
			    -116.3778
			    -707.4126
			    -345.1336
			    -284.3487
			    288.4969
			    -181.3222
			    317.0000
			    429.0000
			    96.5000
			    544.5000
			    387.0000
			    108.5000
			    35.5000
			    -309.0000
			    -424.0000
			    -88.5000
			    -538.5000
			    -383.0000
			    -101.5000
			    -27.5000
	==================================================================================
	Q3:
		Shape: Polyhedra
		q_c:    319.0000    430.5000    90.0000    541.5000    386.0000    110.0000    36.5000
		ub :    321.0000    434.0000    93.5000    545.5000    389.0000    111.5000    37.5000
		lb :    317.0000    427.0000    86.5000    537.5000    383.0000    108.5000    35.5000
		A:
			    0.0723    0.0688    0.0668    -0.1480    0.0865    0.0781    -0.9747
			    0.3788    0.0842    -0.2665    0.2298    0.0770    -0.5268    -0.6649
			    0.0392    0.1279    0.3327    -0.1177    0.3894    -0.5215    0.6587
			    0.1484    0.0263    0.1520    0.1019    -0.0178    0.6438    0.7273
			    0.5387    0.0649    -0.2084    -0.2703    -0.3713    -0.6662    0.0862
			    -0.5170    -0.0474    0.0549    0.1198    -0.0461    -0.8180    -0.2047
			    1.0000    0.0000    0.0000    0.0000    0.0000    0.0000    0.0000
			    0.0000    1.0000    0.0000    0.0000    0.0000    0.0000    0.0000
			    0.0000    0.0000    1.0000    0.0000    0.0000    0.0000    0.0000
			    0.0000    0.0000    0.0000    1.0000    0.0000    0.0000    0.0000
			    0.0000    0.0000    0.0000    0.0000    1.0000    0.0000    0.0000
			    0.0000    0.0000    0.0000    0.0000    0.0000    1.0000    0.0000
			    0.0000    0.0000    0.0000    0.0000    0.0000    0.0000    1.0000
			    -1.0000    0.0000    0.0000    0.0000    0.0000    0.0000    0.0000
			    0.0000    -1.0000    0.0000    0.0000    0.0000    0.0000    0.0000
			    0.0000    0.0000    -1.0000    0.0000    0.0000    0.0000    0.0000
			    0.0000    0.0000    0.0000    -1.0000    0.0000    0.0000    0.0000
			    0.0000    0.0000    0.0000    0.0000    -1.0000    0.0000    0.0000
			    0.0000    0.0000    0.0000    0.0000    0.0000    -1.0000    0.0000
			    0.0000    0.0000    0.0000    0.0000    0.0000    0.0000    -1.0000
		b:
			    -13.7845
			    206.9680
			    152.8275
			    219.4206
			    -176.5299
			    -229.0634
			    321.0000
			    434.0000
			    93.5000
			    545.5000
			    389.0000
			    111.5000
			    37.5000
			    -317.0000
			    -427.0000
			    -86.5000
			    -537.5000
			    -383.0000
			    -108.5000
			    -35.5000
	==================================================================================
	Q4:
		Shape: Ellipse
		q_c:    311.5000    429.5000    91.5000    543.5000    380.0000    113.5000    35.0000
		ub :    314.0000    432.0000    94.5000    547.5000    384.0000    116.5000    37.5000
		lb :    309.0000    427.0000    88.5000    539.5000    376.0000    110.5000    32.5000
		P^-1: 
			    0.1600    0.0000    0.0000    0.0000    0.0000    0.0000    0.0000
			    0.0000    0.1600    0.0000    0.0000    0.0000    0.0000    0.0000
			    0.0000    0.0000    0.1111    0.0000    0.0000    0.0000    0.0000
			    0.0000    0.0000    0.0000    0.0625    0.0000    0.0000    0.0000
			    0.0000    0.0000    0.0000    0.0000    0.0625    0.0000    0.0000
			    0.0000    0.0000    0.0000    0.0000    0.0000    0.1111    0.0000
			    0.0000    0.0000    0.0000    0.0000    0.0000    0.0000    0.1600
	==================================================================================
	Q5:
		Shape: Hybrid
		q_c:    315.0000    426.5000    92.0000    542.0000    384.0000    108.0000    32.0000
		ub :    318.0000    429.0000    95.5000    544.5000    386.0000    112.5000    35.5000
		lb :    312.0000    424.0000    88.5000    539.5000    382.0000    103.5000    28.5000
		P^-1: 
			    0.1111    0.0000    0.0000    0.0000    0.0000    0.0000    0.0000
			    0.0000    0.1600    0.0000    0.0000    0.0000    0.0000    0.0000
			    0.0000    0.0000    0.0816    0.0000    0.0000    0.0000    0.0000
			    0.0000    0.0000    0.0000    0.1600    0.0000    0.0000    0.0000
			    0.0000    0.0000    0.0000    0.0000    0.2500    0.0000    0.0000
			    0.0000    0.0000    0.0000    0.0000    0.0000    0.0494    0.0000
			    0.0000    0.0000    0.0000    0.0000    0.0000    0.0000    0.0816
		A:
			    -0.4057    0.4096    -0.0658    0.0603    0.7264    -0.0598    0.3584
			    -0.5807    -0.6061    0.2622    -0.0472    -0.2886    0.0782    0.3675
			    -0.1331    0.6052    0.0019    0.0935    0.4187    -0.2381    0.6126
			    -0.2518    0.0519    0.4222    -0.3115    -0.7047    0.2907    -0.2786
			    0.1940    -0.1018    -0.1424    -0.1402    0.7671    0.3201    -0.4703
			    0.1540    -0.1638    0.3159    -0.0371    0.5224    0.7491    -0.1196
		b:
			    358.9915
			    -531.6256
			    423.7423
			    -433.4530
			    244.5056
			    268.0782
	==================================================================================
	Q6:
		Shape: Hybrid
		q_c:    313.0000    429.5000    94.0000    541.5000    384.5000    103.5000    28.5000
		ub :    315.0000    433.0000    97.5000    546.5000    387.0000    106.5000    32.5000
		lb :    311.0000    426.0000    90.5000    536.5000    382.0000    100.5000    24.5000
		P^-1: 
			    0.2500    0.0000    0.0000    0.0000    0.0000    0.0000    0.0000
			    0.0000    0.0816    0.0000    0.0000    0.0000    0.0000    0.0000
			    0.0000    0.0000    0.0816    0.0000    0.0000    0.0000    0.0000
			    0.0000    0.0000    0.0000    0.0400    0.0000    0.0000    0.0000
			    0.0000    0.0000    0.0000    0.0000    0.1600    0.0000    0.0000
			    0.0000    0.0000    0.0000    0.0000    0.0000    0.1111    0.0000
			    0.0000    0.0000    0.0000    0.0000    0.0000    0.0000    0.0625
		A:
			    -0.6081    -0.3778    0.0503    -0.2848    -0.4055    0.2888    0.3951
			    -0.5303    -0.6444    -0.4236    -0.1438    0.1578    -0.1826    -0.2124
			    0.7347    -0.1208    0.2620    0.2988    -0.2844    -0.2779    -0.3600
			    -0.6663    0.3892    -0.2520    -0.2756    0.0196    -0.3648    -0.3629
			    -0.6877    0.0959    -0.0445    0.2679    -0.4460    0.1613    0.4682
			    0.6605    0.2061    -0.6859    0.1448    0.0705    0.0337    0.1541
		b:
			    -614.7164
			    -522.5784
			    218.1234
			    -252.7981
			    -172.6236
			    346.1978


===========================================================================================
===========================================================================================
S8:
	q_c:    176.5000    258.5000    51.0000    449.5000    103.0000    407.0000    258.5000
	ub :    213.0000    279.0000    89.0000    495.0000    132.0000    435.0000    284.0000
	lb :    140.0000    238.0000    13.0000    404.0000    74.0000    379.0000    233.0000

	==================================================================================
	Q1:
		Shape: Polyhedra
		q_c:    185.5000    262.5000    50.5000    433.0000    105.0000    407.5000    258.5000
		ub :    192.5000    270.5000    60.0000    444.5000    116.0000    418.0000    263.5000
		lb :    178.5000    254.5000    41.0000    421.5000    94.0000    397.0000    253.5000
		A:
			    0.7892    -0.2492    -0.1673    0.3345    -0.3575    0.0330    -0.2150
			    0.5114    0.5611    0.3240    -0.0470    -0.1309    -0.5470    -0.0073
			    0.4979    -0.2298    0.3479    -0.2037    -0.0025    0.2311    0.6953
			    -0.3876    0.4005    0.1361    0.2823    0.0936    -0.2183    0.7313
			    -0.3757    0.3712    0.3108    -0.2188    -0.2230    0.0858    -0.7208
			    0.3769    -0.5100    -0.1140    0.2580    -0.2462    0.1971    -0.6472
			    1.0000    0.0000    0.0000    0.0000    0.0000    0.0000    0.0000
			    0.0000    1.0000    0.0000    0.0000    0.0000    0.0000    0.0000
			    0.0000    0.0000    1.0000    0.0000    0.0000    0.0000    0.0000
			    0.0000    0.0000    0.0000    1.0000    0.0000    0.0000    0.0000
			    0.0000    0.0000    0.0000    0.0000    1.0000    0.0000    0.0000
			    0.0000    0.0000    0.0000    0.0000    0.0000    1.0000    0.0000
			    0.0000    0.0000    0.0000    0.0000    0.0000    0.0000    1.0000
			    -1.0000    0.0000    0.0000    0.0000    0.0000    0.0000    0.0000
			    0.0000    -1.0000    0.0000    0.0000    0.0000    0.0000    0.0000
			    0.0000    0.0000    -1.0000    0.0000    0.0000    0.0000    0.0000
			    0.0000    0.0000    0.0000    -1.0000    0.0000    0.0000    0.0000
			    0.0000    0.0000    0.0000    0.0000    -1.0000    0.0000    0.0000
			    0.0000    0.0000    0.0000    0.0000    0.0000    -1.0000    0.0000
			    0.0000    0.0000    0.0000    0.0000    0.0000    0.0000    -1.0000
		b:
			    145.9751
			    8.4428
			    242.0999
			    279.2648
			    -218.9479
			    -63.3450
			    192.5000
			    270.5000
			    60.0000
			    444.5000
			    116.0000
			    418.0000
			    263.5000
			    -178.5000
			    -254.5000
			    -41.0000
			    -421.5000
			    -94.0000
			    -397.0000
			    -253.5000
	==================================================================================
	Q2:
		Shape: Hybrid
		q_c:    189.0000    252.5000    35.0000    462.5000    99.0000    425.5000    277.0000
		ub :    201.5000    259.5000    43.0000    467.5000    109.0000    431.0000    283.5000
		lb :    176.5000    245.5000    27.0000    457.5000    89.0000    420.0000    270.5000
		P^-1: 
			    0.0064    0.0000    0.0000    0.0000    0.0000    0.0000    0.0000
			    0.0000    0.0204    0.0000    0.0000    0.0000    0.0000    0.0000
			    0.0000    0.0000    0.0156    0.0000    0.0000    0.0000    0.0000
			    0.0000    0.0000    0.0000    0.0400    0.0000    0.0000    0.0000
			    0.0000    0.0000    0.0000    0.0000    0.0100    0.0000    0.0000
			    0.0000    0.0000    0.0000    0.0000    0.0000    0.0331    0.0000
			    0.0000    0.0000    0.0000    0.0000    0.0000    0.0000    0.0237
		A:
			    -0.1854    0.2587    0.4863    -0.4084    -0.1609    -0.3235    0.6040
			    0.0830    0.4280    0.3654    -0.3510    -0.2923    0.1661    0.6634
			    -0.2426    0.3103    -0.3832    0.4094    -0.2797    0.5222    0.4237
			    0.2787    -0.0196    -0.2158    -0.8133    0.3395    -0.0170    -0.3137
			    -0.0561    -0.1929    -0.2790    -0.6986    0.1868    -0.4489    0.3967
			    0.3713    -0.0741    0.2867    0.0984    0.2317    -0.8379    -0.0954
		b:
			    -123.3468
			    204.2462
			    524.9423
			    -392.0794
			    -451.3337
			    -248.1372
	==================================================================================
	Q3:
		Shape: Polyhedra
		q_c:    186.5000    266.0000    65.0000    464.0000    98.5000    400.0000    239.0000
		ub :    191.5000    273.5000    70.0000    475.5000    108.0000    409.0000    252.5000
		lb :    181.5000    258.5000    60.0000    452.5000    89.0000    391.0000    225.5000
		A:
			    0.7714    -0.3939    0.2469    -0.3200    0.0329    0.0767    -0.2818
			    -0.1429    -0.5670    -0.4494    0.2045    0.0404    -0.6416    -0.0317
			    -0.7715    -0.4631    -0.2196    -0.3241    0.1001    0.1382    -0.0892
			    -0.2366    -0.2563    -0.7353    -0.1605    0.1788    0.4039    0.3418
			    0.5837    0.3488    0.4758    0.1447    0.4298    0.0529    0.3206
			    0.7077    0.2699    -0.1834    0.0061    -0.4314    -0.3760    -0.2552
			    1.0000    0.0000    0.0000    0.0000    0.0000    0.0000    0.0000
			    0.0000    1.0000    0.0000    0.0000    0.0000    0.0000    0.0000
			    0.0000    0.0000    1.0000    0.0000    0.0000    0.0000    0.0000
			    0.0000    0.0000    0.0000    1.0000    0.0000    0.0000    0.0000
			    0.0000    0.0000    0.0000    0.0000    1.0000    0.0000    0.0000
			    0.0000    0.0000    0.0000    0.0000    0.0000    1.0000    0.0000
			    0.0000    0.0000    0.0000    0.0000    0.0000    0.0000    1.0000
			    -1.0000    0.0000    0.0000    0.0000    0.0000    0.0000    0.0000
			    0.0000    -1.0000    0.0000    0.0000    0.0000    0.0000    0.0000
			    0.0000    0.0000    -1.0000    0.0000    0.0000    0.0000    0.0000
			    0.0000    0.0000    0.0000    -1.0000    0.0000    0.0000    0.0000
			    0.0000    0.0000    0.0000    0.0000    -1.0000    0.0000    0.0000
			    0.0000    0.0000    0.0000    0.0000    0.0000    -1.0000    0.0000
			    0.0000    0.0000    0.0000    0.0000    0.0000    0.0000    -1.0000
		b:
			    -119.4351
			    -364.1024
			    -381.1133
			    34.0109
			    447.5505
			    -51.6016
			    191.5000
			    273.5000
			    70.0000
			    475.5000
			    108.0000
			    409.0000
			    252.5000
			    -181.5000
			    -258.5000
			    -60.0000
			    -452.5000
			    -89.0000
			    -391.0000
			    -225.5000
	==================================================================================
	Q4:
		Shape: Polyhedra
		q_c:    188.5000    255.5000    63.5000    468.5000    111.0000    417.5000    254.5000
		ub :    201.5000    269.5000    71.0000    480.5000    119.0000    424.0000    270.5000
		lb :    175.5000    241.5000    56.0000    456.5000    103.0000    411.0000    238.5000
		A:
			    0.0572    0.2526    0.5620    0.2922    0.2369    -0.6704    -0.1617
			    0.4883    -0.2440    0.2202    0.6182    -0.2106    0.1682    0.4459
			    -0.2103    -0.1935    -0.1575    -0.3838    0.1261    0.8353    0.1804
			    -0.1092    -0.0198    0.5430    -0.2873    0.3872    0.6419    -0.2200
			    0.1998    -0.1938    0.4250    -0.1106    0.5117    0.6838    0.0136
			    -0.2284    0.3287    0.2190    -0.1467    0.5570    -0.6514    0.1893
			    1.0000    0.0000    0.0000    0.0000    0.0000    0.0000    0.0000
			    0.0000    1.0000    0.0000    0.0000    0.0000    0.0000    0.0000
			    0.0000    0.0000    1.0000    0.0000    0.0000    0.0000    0.0000
			    0.0000    0.0000    0.0000    1.0000    0.0000    0.0000    0.0000
			    0.0000    0.0000    0.0000    0.0000    1.0000    0.0000    0.0000
			    0.0000    0.0000    0.0000    0.0000    0.0000    1.0000    0.0000
			    0.0000    0.0000    0.0000    0.0000    0.0000    0.0000    1.0000
			    -1.0000    0.0000    0.0000    0.0000    0.0000    0.0000    0.0000
			    0.0000    -1.0000    0.0000    0.0000    0.0000    0.0000    0.0000
			    0.0000    0.0000    -1.0000    0.0000    0.0000    0.0000    0.0000
			    0.0000    0.0000    0.0000    -1.0000    0.0000    0.0000    0.0000
			    0.0000    0.0000    0.0000    0.0000    -1.0000    0.0000    0.0000
			    0.0000    0.0000    0.0000    0.0000    0.0000    -1.0000    0.0000
			    0.0000    0.0000    0.0000    0.0000    0.0000    0.0000    -1.0000
		b:
			    -38.3328
			    506.4455
			    138.5137
			    137.5649
			    316.9999
			    -166.7543
			    201.5000
			    269.5000
			    71.0000
			    480.5000
			    119.0000
			    424.0000
			    270.5000
			    -175.5000
			    -241.5000
			    -56.0000
			    -456.5000
			    -103.0000
			    -411.0000
			    -238.5000
	==================================================================================
	Q5:
		Shape: Hybrid
		q_c:    169.5000    267.5000    31.5000    441.0000    97.5000    403.5000    251.5000
		ub :    185.5000    282.5000    41.0000    445.5000    112.0000    419.0000    255.5000
		lb :    153.5000    252.5000    22.0000    436.5000    83.0000    388.0000    247.5000
		P^-1: 
			    0.0039    0.0000    0.0000    0.0000    0.0000    0.0000    0.0000
			    0.0000    0.0044    0.0000    0.0000    0.0000    0.0000    0.0000
			    0.0000    0.0000    0.0111    0.0000    0.0000    0.0000    0.0000
			    0.0000    0.0000    0.0000    0.0494    0.0000    0.0000    0.0000
			    0.0000    0.0000    0.0000    0.0000    0.0048    0.0000    0.0000
			    0.0000    0.0000    0.0000    0.0000    0.0000    0.0042    0.0000
			    0.0000    0.0000    0.0000    0.0000    0.0000    0.0000    0.0625
		A:
			    -0.1174    0.1256    -0.3082    -0.9035    -0.0672    0.1741    -0.1560
			    0.0374    0.1177    -0.0356    0.6470    -0.0902    -0.0125    0.7461
			    -0.1199    0.2456    0.2462    -0.8467    0.0529    -0.0794    0.3724
			    0.0071    -0.0001    0.1614    -0.6912    -0.1009    -0.2543    0.6491
			    0.4330    -0.4131    0.3937    -0.2026    -0.3029    0.1063    -0.5855
			    -0.3292    -0.1383    -0.4870    -0.7216    0.2181    0.1466    0.2133
		b:
			    -365.5802
			    498.5932
			    -249.0324
			    -243.7170
			    -238.5859
			    -285.3649
	==================================================================================
	Q6:
		Shape: Ellipse
		q_c:    188.0000    245.5000    51.5000    441.0000    100.0000    431.0000    247.5000
		ub :    202.5000    252.5000    64.0000    455.5000    110.0000    444.0000    262.5000
		lb :    173.5000    238.5000    39.0000    426.5000    90.0000    418.0000    232.5000
		P^-1: 
			    0.0048    0.0000    0.0000    0.0000    0.0000    0.0000    0.0000
			    0.0000    0.0204    0.0000    0.0000    0.0000    0.0000    0.0000
			    0.0000    0.0000    0.0064    0.0000    0.0000    0.0000    0.0000
			    0.0000    0.0000    0.0000    0.0048    0.0000    0.0000    0.0000
			    0.0000    0.0000    0.0000    0.0000    0.0100    0.0000    0.0000
			    0.0000    0.0000    0.0000    0.0000    0.0000    0.0059    0.0000
			    0.0000    0.0000    0.0000    0.0000    0.0000    0.0000    0.0044


===========================================================================================
===========================================================================================
S9:
	q_c:    38.5000    80.0000    452.5000    103.0000    512.5000    495.0000    336.0000
	ub :    77.0000    105.0000    484.0000    109.0000    548.0000    517.0000    343.0000
	lb :    0.0000    55.0000    421.0000    97.0000    477.0000    473.0000    329.0000

	==================================================================================
	Q1:
		Shape: Hybrid
		q_c:    35.0000    82.5000    457.5000    105.0000    515.0000    492.0000    332.0000
		ub :    37.5000    89.0000    461.5000    107.0000    517.5000    494.0000    335.0000
		lb :    32.5000    76.0000    453.5000    103.0000    512.5000    490.0000    329.0000
		P^-1: 
			    0.1600    0.0000    0.0000    0.0000    0.0000    0.0000    0.0000
			    0.0000    0.0237    0.0000    0.0000    0.0000    0.0000    0.0000
			    0.0000    0.0000    0.0625    0.0000    0.0000    0.0000    0.0000
			    0.0000    0.0000    0.0000    0.2500    0.0000    0.0000    0.0000
			    0.0000    0.0000    0.0000    0.0000    0.1600    0.0000    0.0000
			    0.0000    0.0000    0.0000    0.0000    0.0000    0.2500    0.0000
			    0.0000    0.0000    0.0000    0.0000    0.0000    0.0000    0.1111
		A:
			    0.0203    0.1030    -0.4031    -0.6445    0.1372    -0.5587    -0.2831
			    0.4311    0.0884    0.2681    -0.5931    -0.5936    -0.1578    0.0736
			    -0.4265    0.0956    0.0504    0.2103    -0.3714    0.5630    -0.5543
			    -0.9119    -0.0535    0.0964    0.1162    -0.2069    -0.2528    0.1898
			    -0.5420    -0.1343    0.2803    -0.3848    -0.3592    0.3600    0.4505
			    0.4268    0.1475    0.0190    -0.7551    -0.0915    -0.4610    -0.0680
		b:
			    -539.5134
			    -274.5979
			    -58.5867
			    -146.3954
			    201.2441
			    -338.6790
	==================================================================================
	Q2:
		Shape: Hybrid
		q_c:    35.0000    74.0000    457.0000    101.0000    519.0000    501.5000    331.5000
		ub :    38.5000    78.0000    462.5000    106.0000    523.5000    505.0000    334.0000
		lb :    31.5000    70.0000    451.5000    96.0000    514.5000    498.0000    329.0000
		P^-1: 
			    0.0816    0.0000    0.0000    0.0000    0.0000    0.0000    0.0000
			    0.0000    0.0625    0.0000    0.0000    0.0000    0.0000    0.0000
			    0.0000    0.0000    0.0331    0.0000    0.0000    0.0000    0.0000
			    0.0000    0.0000    0.0000    0.0400    0.0000    0.0000    0.0000
			    0.0000    0.0000    0.0000    0.0000    0.0494    0.0000    0.0000
			    0.0000    0.0000    0.0000    0.0000    0.0000    0.0816    0.0000
			    0.0000    0.0000    0.0000    0.0000    0.0000    0.0000    0.1600
		A:
			    0.2413    0.0938    0.0050    -0.4118    0.0614    0.6391    -0.5926
			    -0.2546    0.0607    0.1492    0.2603    -0.3802    0.4103    0.7271
			    -0.3414    0.6097    0.3142    0.1911    -0.3713    -0.0191    0.4881
			    0.2989    0.0597    -0.2427    0.0231    -0.4653    0.7163    -0.3436
			    0.2718    0.6603    -0.4470    -0.0276    0.0344    -0.4705    -0.2589
			    0.1074    0.1620    0.2175    0.6440    0.5368    -0.3094    -0.3410
		b:
			    134.2550
			    341.6529
			    158.2716
			    -87.3583
			    -449.7052
			    193.8002
	==================================================================================
	Q3:
		Shape: Ellipse
		q_c:    39.5000    79.0000    452.5000    108.0000    517.5000    498.0000    341.0000
		ub :    42.5000    82.0000    457.5000    111.0000    522.5000    501.0000    344.0000
		lb :    36.5000    76.0000    447.5000    105.0000    512.5000    495.0000    338.0000
		P^-1: 
			    0.1111    0.0000    0.0000    0.0000    0.0000    0.0000    0.0000
			    0.0000    0.1111    0.0000    0.0000    0.0000    0.0000    0.0000
			    0.0000    0.0000    0.0400    0.0000    0.0000    0.0000    0.0000
			    0.0000    0.0000    0.0000    0.1111    0.0000    0.0000    0.0000
			    0.0000    0.0000    0.0000    0.0000    0.0400    0.0000    0.0000
			    0.0000    0.0000    0.0000    0.0000    0.0000    0.1111    0.0000
			    0.0000    0.0000    0.0000    0.0000    0.0000    0.0000    0.1111
	==================================================================================
	Q4:
		Shape: Polyhedra
		q_c:    40.0000    82.0000    451.5000    101.0000    518.0000    501.5000    337.0000
		ub :    45.5000    83.0000    453.5000    104.0000    524.5000    507.0000    342.0000
		lb :    34.5000    81.0000    449.5000    98.0000    511.5000    496.0000    332.0000
		A:
			    -0.0260    0.7761    -0.5439    0.1738    0.1386    -0.1396    -0.1795
			    0.1994    0.2540    -0.8389    0.1998    -0.2794    0.2700    0.0334
			    -0.1914    0.8472    -0.4439    -0.1428    0.0781    0.0307    -0.1451
			    0.1306    -0.8447    -0.1810    -0.4361    -0.0110    -0.0905    -0.1954
			    0.0031    0.9245    -0.3357    -0.0997    0.1468    0.0023    -0.0314
			    -0.0861    -0.8237    0.5063    -0.1663    -0.0561    -0.1392    -0.0869
			    1.0000    0.0000    0.0000    0.0000    0.0000    0.0000    0.0000
			    0.0000    1.0000    0.0000    0.0000    0.0000    0.0000    0.0000
			    0.0000    0.0000    1.0000    0.0000    0.0000    0.0000    0.0000
			    0.0000    0.0000    0.0000    1.0000    0.0000    0.0000    0.0000
			    0.0000    0.0000    0.0000    0.0000    1.0000    0.0000    0.0000
			    0.0000    0.0000    0.0000    0.0000    0.0000    1.0000    0.0000
			    0.0000    0.0000    0.0000    0.0000    0.0000    0.0000    1.0000
			    -1.0000    0.0000    0.0000    0.0000    0.0000    0.0000    0.0000
			    0.0000    -1.0000    0.0000    0.0000    0.0000    0.0000    0.0000
			    0.0000    0.0000    -1.0000    0.0000    0.0000    0.0000    0.0000
			    0.0000    0.0000    0.0000    -1.0000    0.0000    0.0000    0.0000
			    0.0000    0.0000    0.0000    0.0000    -1.0000    0.0000    0.0000
			    0.0000    0.0000    0.0000    0.0000    0.0000    -1.0000    0.0000
			    0.0000    0.0000    0.0000    0.0000    0.0000    0.0000    -1.0000
		b:
			    -222.0285
			    -324.7311
			    -144.1363
			    -304.6658
			    -17.5550
			    14.4118
			    45.5000
			    83.0000
			    453.5000
			    104.0000
			    524.5000
			    507.0000
			    342.0000
			    -34.5000
			    -81.0000
			    -449.5000
			    -98.0000
			    -511.5000
			    -496.0000
			    -332.0000
	==================================================================================
	Q5:
		Shape: Hybrid
		q_c:    39.0000    82.0000    452.5000    107.0000    509.0000    494.0000    340.0000
		ub :    41.5000    88.0000    458.5000    111.0000    510.5000    495.0000    344.0000
		lb :    36.5000    76.0000    446.5000    103.0000    507.5000    493.0000    336.0000
		P^-1: 
			    0.1600    0.0000    0.0000    0.0000    0.0000    0.0000    0.0000
			    0.0000    0.0278    0.0000    0.0000    0.0000    0.0000    0.0000
			    0.0000    0.0000    0.0278    0.0000    0.0000    0.0000    0.0000
			    0.0000    0.0000    0.0000    0.0625    0.0000    0.0000    0.0000
			    0.0000    0.0000    0.0000    0.0000    0.4444    0.0000    0.0000
			    0.0000    0.0000    0.0000    0.0000    0.0000    1.0000    0.0000
			    0.0000    0.0000    0.0000    0.0000    0.0000    0.0000    0.0625
		A:
			    0.3454    0.0628    -0.1024    0.0009    0.4431    -0.7699    -0.2776
			    -0.1875    -0.1484    -0.0504    -0.0165    0.3559    -0.8873    0.1613
			    -0.3600    0.1183    0.0322    -0.2107    0.2535    0.8624    -0.0555
			    -0.5603    0.2683    -0.2851    -0.4106    0.5429    -0.2601    0.0417
			    -0.3213    -0.0148    0.0385    -0.1881    -0.6210    0.6776    -0.1217
			    -0.2162    0.1500    0.0869    -0.1809    -0.7261    -0.5476    0.2517
		b:
			    -275.4345
			    -245.2478
			    525.0624
			    -7.9192
			    -38.0160
			    -529.1321
	==================================================================================
	Q6:
		Shape: Ellipse
		q_c:    40.5000    75.0000    456.0000    110.5000    514.0000    496.0000    341.0000
		ub :    44.5000    81.0000    460.5000    114.0000    518.5000    500.0000    345.0000
		lb :    36.5000    69.0000    451.5000    107.0000    509.5000    492.0000    337.0000
		P^-1: 
			    0.0625    0.0000    0.0000    0.0000    0.0000    0.0000    0.0000
			    0.0000    0.0278    0.0000    0.0000    0.0000    0.0000    0.0000
			    0.0000    0.0000    0.0494    0.0000    0.0000    0.0000    0.0000
			    0.0000    0.0000    0.0000    0.0816    0.0000    0.0000    0.0000
			    0.0000    0.0000    0.0000    0.0000    0.0494    0.0000    0.0000
			    0.0000    0.0000    0.0000    0.0000    0.0000    0.0625    0.0000
			    0.0000    0.0000    0.0000    0.0000    0.0000    0.0000    0.0625


===========================================================================================
===========================================================================================
S10:
	q_c:    98.0000    317.0000    74.0000    476.0000    431.5000    235.5000    354.0000
	ub :    141.0000    361.0000    97.0000    505.0000    470.0000    258.0000    369.0000
	lb :    55.0000    273.0000    51.0000    447.0000    393.0000    213.0000    339.0000

	==================================================================================
	Q1:
		Shape: Polyhedra
		q_c:    98.0000    327.0000    80.0000    460.5000    443.0000    244.5000    342.5000
		ub :    103.0000    337.0000    88.0000    468.0000    450.5000    249.5000    353.0000
		lb :    93.0000    317.0000    72.0000    453.0000    435.5000    239.5000    332.0000
		A:
			    0.3831    0.0148    0.1021    0.2996    -0.5674    -0.6207    -0.2136
			    -0.5965    -0.3913    -0.2841    -0.2472    -0.5559    -0.0665    0.1890
			    -0.3370    0.2111    -0.5726    0.3140    -0.5540    0.2731    -0.1844
			    -0.1534    -0.1854    0.2881    -0.5159    -0.2670    -0.7190    0.0681
			    -0.3608    -0.3722    0.2937    -0.3422    0.1952    -0.6878    -0.1291
			    -0.5301    -0.5074    0.2104    0.3160    -0.4278    -0.2609    0.2576
			    1.0000    0.0000    0.0000    0.0000    0.0000    0.0000    0.0000
			    0.0000    1.0000    0.0000    0.0000    0.0000    0.0000    0.0000
			    0.0000    0.0000    1.0000    0.0000    0.0000    0.0000    0.0000
			    0.0000    0.0000    0.0000    1.0000    0.0000    0.0000    0.0000
			    0.0000    0.0000    0.0000    0.0000    1.0000    0.0000    0.0000
			    0.0000    0.0000    0.0000    0.0000    0.0000    1.0000    0.0000
			    0.0000    0.0000    0.0000    0.0000    0.0000    0.0000    1.0000
			    -1.0000    0.0000    0.0000    0.0000    0.0000    0.0000    0.0000
			    0.0000    -1.0000    0.0000    0.0000    0.0000    0.0000    0.0000
			    0.0000    0.0000    -1.0000    0.0000    0.0000    0.0000    0.0000
			    0.0000    0.0000    0.0000    -1.0000    0.0000    0.0000    0.0000
			    0.0000    0.0000    0.0000    0.0000    -1.0000    0.0000    0.0000
			    0.0000    0.0000    0.0000    0.0000    0.0000    -1.0000    0.0000
			    0.0000    0.0000    0.0000    0.0000    0.0000    0.0000    -1.0000
		b:
			    -281.2367
			    -513.4302
			    -99.5346
			    -554.4764
			    -410.3836
			    -212.7937
			    103.0000
			    337.0000
			    88.0000
			    468.0000
			    450.5000
			    249.5000
			    353.0000
			    -93.0000
			    -317.0000
			    -72.0000
			    -453.0000
			    -435.5000
			    -239.5000
			    -332.0000
	==================================================================================
	Q2:
		Shape: Hybrid
		q_c:    86.0000    311.5000    76.0000    478.0000    423.0000    227.0000    364.0000
		ub :    97.0000    319.0000    81.0000    485.0000    429.5000    236.5000    376.0000
		lb :    75.0000    304.0000    71.0000    471.0000    416.5000    217.5000    352.0000
		P^-1: 
			    0.0083    0.0000    0.0000    0.0000    0.0000    0.0000    0.0000
			    0.0000    0.0178    0.0000    0.0000    0.0000    0.0000    0.0000
			    0.0000    0.0000    0.0400    0.0000    0.0000    0.0000    0.0000
			    0.0000    0.0000    0.0000    0.0204    0.0000    0.0000    0.0000
			    0.0000    0.0000    0.0000    0.0000    0.0237    0.0000    0.0000
			    0.0000    0.0000    0.0000    0.0000    0.0000    0.0111    0.0000
			    0.0000    0.0000    0.0000    0.0000    0.0000    0.0000    0.0069
		A:
			    -0.3109    0.4548    -0.3698    -0.4538    0.5601    0.1848    -0.0765
			    -0.1374    -0.3273    -0.2595    -0.0932    0.4903    -0.6472    -0.3725
			    0.4540    -0.1356    0.2278    0.3202    -0.5861    -0.4215    -0.3160
			    -0.1221    0.5653    0.6340    -0.2824    -0.1842    0.3171    -0.2223
			    0.0012    -0.4910    -0.4397    -0.5309    -0.1832    -0.4174    -0.2754
			    0.0614    0.4066    -0.5533    0.0973    -0.6123    0.3729    -0.0376
		b:
			    125.7742
			    -246.7431
			    -285.1584
			    -3.4092
			    -707.2955
			    -47.3675
	==================================================================================
	Q3:
		Shape: Ellipse
		q_c:    88.5000    308.0000    87.0000    484.5000    430.5000    250.5000    348.0000
		ub :    96.0000    316.0000    93.0000    496.0000    441.5000    256.5000    359.0000
		lb :    81.0000    300.0000    81.0000    473.0000    419.5000    244.5000    337.0000
		P^-1: 
			    0.0178    0.0000    0.0000    0.0000    0.0000    0.0000    0.0000
			    0.0000    0.0156    0.0000    0.0000    0.0000    0.0000    0.0000
			    0.0000    0.0000    0.0278    0.0000    0.0000    0.0000    0.0000
			    0.0000    0.0000    0.0000    0.0076    0.0000    0.0000    0.0000
			    0.0000    0.0000    0.0000    0.0000    0.0083    0.0000    0.0000
			    0.0000    0.0000    0.0000    0.0000    0.0000    0.0278    0.0000
			    0.0000    0.0000    0.0000    0.0000    0.0000    0.0000    0.0083
	==================================================================================
	Q4:
		Shape: Ellipse
		q_c:    106.5000    314.5000    90.0000    483.0000    441.5000    246.5000    348.5000
		ub :    116.0000    321.0000    102.0000    489.0000    455.5000    256.5000    361.0000
		lb :    97.0000    308.0000    78.0000    477.0000    427.5000    236.5000    336.0000
		P^-1: 
			    0.0111    0.0000    0.0000    0.0000    0.0000    0.0000    0.0000
			    0.0000    0.0237    0.0000    0.0000    0.0000    0.0000    0.0000
			    0.0000    0.0000    0.0069    0.0000    0.0000    0.0000    0.0000
			    0.0000    0.0000    0.0000    0.0278    0.0000    0.0000    0.0000
			    0.0000    0.0000    0.0000    0.0000    0.0051    0.0000    0.0000
			    0.0000    0.0000    0.0000    0.0000    0.0000    0.0100    0.0000
			    0.0000    0.0000    0.0000    0.0000    0.0000    0.0000    0.0064
	==================================================================================
	Q5:
		Shape: Ellipse
		q_c:    89.5000    322.5000    68.0000    477.5000    430.5000    224.5000    349.5000
		ub :    100.0000    330.0000    79.0000    483.0000    437.5000    232.5000    355.0000
		lb :    79.0000    315.0000    57.0000    472.0000    423.5000    216.5000    344.0000
		P^-1: 
			    0.0091    0.0000    0.0000    0.0000    0.0000    0.0000    0.0000
			    0.0000    0.0178    0.0000    0.0000    0.0000    0.0000    0.0000
			    0.0000    0.0000    0.0083    0.0000    0.0000    0.0000    0.0000
			    0.0000    0.0000    0.0000    0.0331    0.0000    0.0000    0.0000
			    0.0000    0.0000    0.0000    0.0000    0.0204    0.0000    0.0000
			    0.0000    0.0000    0.0000    0.0000    0.0000    0.0156    0.0000
			    0.0000    0.0000    0.0000    0.0000    0.0000    0.0000    0.0331
	==================================================================================
	Q6:
		Shape: Hybrid
		q_c:    87.0000    314.0000    79.0000    483.0000    421.5000    230.0000    339.5000
		ub :    91.0000    328.0000    91.0000    492.0000    430.5000    243.5000    347.0000
		lb :    83.0000    300.0000    67.0000    474.0000    412.5000    216.5000    332.0000
		P^-1: 
			    0.0625    0.0000    0.0000    0.0000    0.0000    0.0000    0.0000
			    0.0000    0.0051    0.0000    0.0000    0.0000    0.0000    0.0000
			    0.0000    0.0000    0.0069    0.0000    0.0000    0.0000    0.0000
			    0.0000    0.0000    0.0000    0.0123    0.0000    0.0000    0.0000
			    0.0000    0.0000    0.0000    0.0000    0.0123    0.0000    0.0000
			    0.0000    0.0000    0.0000    0.0000    0.0000    0.0055    0.0000
			    0.0000    0.0000    0.0000    0.0000    0.0000    0.0000    0.0178
		A:
			    -0.1124    -0.2148    0.1762    -0.3239    0.4889    -0.3129    0.6844
			    0.8359    0.0655    -0.1951    0.0253    0.0315    -0.1174    -0.4935
			    -0.6270    0.2391    -0.4657    0.0168    -0.5551    0.0612    0.1437
			    0.5002    -0.3785    0.3939    -0.5031    0.1106    -0.3761    0.2109
			    -0.0113    -0.3916    -0.1277    -0.4737    -0.6510    -0.0174    -0.4263
			    0.5300    -0.3732    -0.4155    0.2031    0.4400    -0.1250    0.3960
		b:
			    153.9832
			    -87.3816
			    -172.5777
			    -247.2915
			    -778.2028
			    292.6630


===========================================================================================
===========================================================================================
